LinkID	MapID	NpcID	Kind	x	y	z	NpcName
	150	43					老翁
0	0	0	0	0	0	0	
0	6	385					扬州车夫
0	6	16113					上官玲
0	7	42745					“烈焰燎原”贲百胜
0	15	14657					阿里曼黄金圣盒
0	15	16212					青青
0	74	0					阿伦
0	108	6960					吏部御史
0	108	6987					殿试主考官
0	151	0	111	110	110	110	测试用
1	6	1247	扬州新手武学训练师	46270	31562	1049026	枚成才
1	8	2406	洛阳新手武学训练师	59397	22810	1084664	枚成器
1	15	3682	长安新手武学训练师	28518	45878	1064027	枚成功
2	6	5474	扬州新手少林接引				澄实
2	8	5473	洛阳新手少林接引				澄实
2	15	5439	长安新手少林接引	32539	45432	1060837	澄实
3	6	5465	扬州新手万花接引				僧一行
3	8	5466	洛阳新手万花接引				僧一行
3	15	5427	长安新手万花接引	33961	45516	1060832	僧一行
4	6	5472	扬州新手七秀接引				萧白胭
4	8	5471	洛阳新手七秀接引				萧白胭
4	15	5437	长安新手七秀接引	32562	43889	1064665	萧白胭
5	6	5470	扬州新手纯阳接引				卓凤鸣
5	8	5469	洛阳新手纯阳接引				卓凤鸣
5	15	5433	长安新手纯阳接引	31926	48056	1060837	卓凤鸣
6	6	5468	扬州新手天策接引				曹雪阳
6	8	5467	洛阳新手天策接引				曹雪阳
6	15	5435	长安新手天策接引	32065	46030	1060837	曹雪阳
7	6	3860	扬州新手采金	47227	30121	1048967	金不患
7	8	3862	洛阳新手采金	58089	20220	1083757	蒙劭伟
7	15	3864	长安新手采金	29718	45957	1064042	王武霍
8	6	3861	扬州新手神农	45332	29049	1049049	龙止情
8	8	3863	洛阳新手神农	57423	20496	1083757	秦芹
8	15	3338	长安新手神农	26368	44618	1063417	朱晓月
9	6	3495	扬州新手庖丁	48681	22218	1049459	苏勤
9	8	2339	洛阳新手庖丁	57680	20395	1083757	张达
9	15	3337	长安新手庖丁	26485	44885	1063737	陆定州
10	6	2266	扬州新手铸造	53556	58326	1050845	铁头
10	8	2337	洛阳新手铸造	57296	21596	1083279	程彪
10	15	3755	长安新手铸造	56556	116257	1065757	金锤
11	6	3493	扬州新手缝纫	47381	24098	1050866	绣娘
11	8	3503	洛阳新手缝纫	36065	86224	1057944	邹榆
11	15	3757	长安新手缝纫	55174	112846	1063868	谢文莉
12	6	2263	扬州新手医术	57416	61352	1051810	松若云
12	8	3507	洛阳新手医术	36161	83940	1057087	赵婷婷
12	15	3335	长安新手医术	25239	45119	1063652	林云儿
13	6	392	扬州新手烹饪	42485	25479	1049596	丁聚财
13	8	2338	洛阳新手烹饪	58437	19352	1083719	王九
13	15	3336	长安新手烹饪	33451	47531	1060832	蔡春华
14	6	2586	扬州新手仓库	49773	29820	1052718	杨澄
14	8	2585	洛阳新手仓库	61669	25267	1083678	罗甫
14	15	3785	长安新手仓库	28808	47211	1064185	杨清
15	6	3669	扬州新手信使	62179	57810	1051927	扬州信使
15	8	3674	洛阳新手信使	16507	91614	1065109	洛阳信使
15	15	3675	长安新手信使	41005	91690	1061623	信使
16	6	1249	扬州新手守卫	42068	22111	1050022	再来镇守卫
16	8	3786	洛阳新手守卫	59539	18190	1083863	风雨镇守卫
16	15	2468	长安新手守卫	27361	45622	1063909	沈晓云
43	5	552	少林入门	45433	42887	1122468	澄理
44	2	99	万花入门	46135	47388	1161167	孙思邈
45	16	2131	七秀入门	14824	13899	1072567	叶芷青
46	7	715	纯阳入门	8104	11773	1174071	李忘生
47	11	1641	天策入门				朱剑秋
48	5	2703	少林马商	7066	13359	1048957	高赞
49	2	102	万花马商	44991	39578	1116515	苏难行
50	16	2649	七秀马商	26657	69636	1057491	镜璇
51	7	763	纯阳马商	45647	29345	1147446	燕小霞
52	11	1746	天策马商				毛四
53	8	5742	洛阳刀宗接引	16825	81475	1061755	恶人谷战场接引人
54	8	5097	洛阳跨服战场报名区域	15747	81457	1061755	浩气盟战场接引人
55	8	827	洛阳刀宗声望商	13698	82421	1060992	堀北明
56	8	4673	洛阳昆仑声望商	18380	81687	1060992	利智垣
57	6	5742	扬州刀宗接引	86304	74651	1054909	恶人谷战场接引人
58	6	5097	扬州跨服战场报名区域	87164	74450	1054976	浩气盟战场接引人
59	6	827	扬州刀宗声望商	89281	73618	1054169	堀北明
60	6	4673	扬州昆仑声望商	84797	73210	1054169	利智垣
61	15	5742	长安刀宗接引	37004	111971	1065312	恶人谷战场接引人
62	15	5097	长安跨服战场报名区域	37213	108431	1065312	浩气盟战场接引人
63	15	827	长安刀宗声望商	38140	108407	1065312	堀北明
64	15	4673	长安昆仑声望商	36411	111074	1065312	利智垣
65	8	6081	洛阳莫杀	30143	81619	1055004	莫杀
66	15	6069	长安平素素	40277	94030	1061729	平素素
67	25	5144	浩气盟天歌道长	45562	56790	1064445	天歌道长
68	27	4781	恶人谷大头	39509	15921	1057867	大头
69	6	7279	扬州新手藏剑接引				藏剑老者
69	8	7279	洛阳新手藏剑接引				藏剑老者
69	15	7279	长安新手藏剑接引				藏剑老者
70	49	6628	藏剑入门				叶晖
71	49	7055	藏剑马商				叶宝驹
72	8	3784	洛阳声望商	30965	86680	1058953	紫庄
73	15	3732	长安声望商	42123	116321	1066206	韦临
74	6	3879	扬州甲字声望商				贺功强
75	8	813	洛阳阳宝哥	55846	23734	1081738	阳宝哥
76	10	7247	寇岛足利义满				足利义满
77	60	7312	达摩洞道海				道海
78	8	7572	洛阳节日大使	29439	75956	1055896	节日大使
79	8	7534	洛阳智尊宝	27768	90352	1060160	智尊宝
80	8	7164	洛阳王雪儿	30695	85548	1058921	王雪儿
81	15	7572	长安节日大使	46766	92858	1061623	节日大使
82	15	7534	长安智尊宝	54496	92638	1061696	智尊宝
83	15	7164	长安王雪儿	40613	115386	1065763	王雪儿
84	6	7572	扬州节日大使	68594	51157	1053821	节日大使
85	6	7534	扬州智尊宝	70801	45553	1052160	智尊宝
86	6	7164	觅宝会地字掌柜	66161	67159	1053356	王雪儿
87	16	7698	七秀叶紫衣	16299	14317	1076160	叶紫衣
88	7	7696	纯阳李灵霄	31461	16792	1157760	李灵霄
89	11	7700	天策杨立欣	58576	24969	1070336	杨立欣
90	2	7697	万花西门雪	46029	46629	1162176	西门雪
91	5	7701	少林道天常	40744	45277	1122432	道天常
92	49	7699	藏剑叶珍	72572	85013	1115392	叶珍
93	15	6271	长安丘怀	55801	93797	1061696	丘怀
94	15	6274	长安丘石	55805	93639	1061696	丘石
95	8	6274	洛阳丘石	28975	90341	1060160	丘石
96	8	6271	洛阳丘怀	28781	90341	1060160	丘怀
97	6	6271	扬州丘怀	70997	46688	1052160	丘怀
98	6	6274	扬州丘石	70971	46447	1052160	丘石
101	6	7820	扬州玄字陆捌	92735	68463	1058760	玄字陆捌
101	8	7820	洛阳玄字陆捌	12722	85877	1063095	玄字陆捌
101	15	7820	长安玄字陆捌	61166	108543	1065348	玄字陆捌
102	6	1349	扬州玄字伍叁	92576	68439	1058760	玄字伍叁
102	8	1349	洛阳玄字伍叁	12570	85983	1063095	玄字伍叁
102	15	1349	长安玄字伍叁	61003	109128	1065348	玄字伍叁
103	6	7821	扬州李守财	92443	68448	1058760	李守财
103	8	7821	洛阳李守财	12413	85872	1063095	李守财
103	15	7821	长安李守财	61162	108794	1065348	李守财
104	6	13800	扬州新手少林接引	43826	32443	1049713	五毒长老
104	8	13800	洛阳新手少林接引	52212	23191	1079360	五毒长老
104	15	13800	长安新手少林接引	35111	44514	1061093	五毒长老
105	102	9340	五毒入门	34408	63960	1059648	艾黎
106	102	7055	五毒马商	24859	60750	1053632	叶宝驹
107	102	9331	五毒掌门	16856	90831	1075392	曲云
108	2	96	万花掌门	52376	39402	1244047	东方宇轩
109	5	640	少林掌门	45415	65733	1131230	玄正
110	49	6627	藏剑叶英	74567	64000	1114880	叶英
111	7	737	纯阳卓凤鸣	11416	7960	1171423	陆剑平
112	7	713	纯阳于睿	24849	12602	1159077	于睿
113	2	100	万花僧一行	48789	44303	1134348	逸尘
114	11	1646	天策曹雪阳	61519	18457	1052224	曹雪阳
115	11	1640	天策杨宁	54058	18449	1052224	杨宁
116	5	557	少林慧海	38201	39318	1122335	慧海
117	49	6632	藏剑叶松贤	79321	73646	1118336	叶松贤
118	49	6631	藏剑叶子轩	77745	73633	1118336	叶子轩
119	6	8808	扬州曾鑫	53494	56476	1050845	曾鑫
120	8	4714	洛阳玄字玖贰	11518	86900	1063401	玄字玖贰
120	15	4714	长安玄字玖贰	60820	110245	1065393	玄字玖贰
121	6	10212	扬州王露儿	53698	68372	1051840	王露儿
122	108	10697	长安马婧	76377	64855	1072128	马婧
123	6	10216	扬州余信鹏	53698	68372	1051840	余信鹏
124	15	10700	长安段小影	76377	64855	1072128	段小影
125	6	10416	扬州梅碧倪	49039	74710	1061440	梅碧倪
125	108	10416	长安梅碧倪	77212	64913	1072128	梅碧倪
126	6	10219	扬州周明蒙	53621	68328	1051840	周明蒙
127	74	77220	帮会关二爷	16860	10651	1105024	关二爷
128	74	7722	帮会邵卿城	16390	9523	1104280	邵卿城
129	74	9788	帮会家园李霖	9812	21364	1115271	李霖
130	74	9787	帮会家园郭语成				郭语成
131	74	10118	帮会家园祝宜枫	15896	12367	1104448	祝宜枫
132	74	7365	帮会韩荞生	24051	18838	1108544	韩荞生
133	74	7366	帮会黄剑翔	24201	18843	1108544	黄剑翔
134	6	10218	扬州卢荷泽	53621	68328	1051840	卢荷泽
135	108	10701	长安林荣晚	76377	64855	1072128	林荣晚
136	74	15178	帮会三石叔	16164	23037	1099940	三石叔
137	6	15902	扬州唐间竹	48359	33383	1049280	唐间竹
137	8	15902	洛阳唐间竹	54341	21902	1081088	唐间竹
137	15	15902	长安唐间竹	33864	45395	1060864	唐间竹
138	122	15203	唐老太太	68493	77851	1112448	唐老太太
140	6	16134	扬州茶馆老板娘	62884	45858	1053458	赵云睿
141	15	16134	长安茶馆老板娘	49997	83065	1060476	赵云睿
142	108	16134	成都茶馆老板娘	74557	69105	1070738	赵云睿
143	8	16134	洛阳茶馆老板娘	33540	66286	1052083	赵云睿
144	35	15675	白帝城外务府总管	74389	65897	1169728	宫关
145	35	15730	瞿塘峡贾公	71259	64153	1169705	贾公
146	30	15926	昆仑浩气盟调度史	69244	27076		浩气盟调度使
147	30	16349	昆仑隐元会使者	56498	5013		隐元会使者
148	30	15927	昆仑恶人谷调度史	32896	71400		恶人谷调度使
149	22	15926	南屏山浩气盟调度史	23882	24709		浩气盟调度使
150	22	16349	南屏山隐元会使者	89873	72423		隐元会使者
151	22	15927	南屏山恶人谷调度史	31450	65336		恶人谷调度使
152	30	16132	昆仑浩气盟进攻首领	68505	27703		可人
153	30	16031	昆仑恶人谷战旗	33604	71489		恶人谷战旗
154	22	16133	南屏山恶人谷进攻首领	30878	64274		莫雨
155	22	16030	南屏山浩气盟战旗	22775	26784		浩气盟战旗
156	6	15363	扬州莫离裳	71148	46580		莫离裳
157	8	15363	洛阳莫离裳	27802	89302		莫离裳
158	15	15363	长安莫离裳	51949	91731		莫离裳
159	12	15363	隐元追缉令・枫华谷・莫离裳	7948	36858		莫离裳
160	108	15363	成都莫离裳	71729	66334		莫离裳
161	15	7008	长安省试主考官	48361	106700		姚崇
162	8	7009	洛阳省试主考官	29058	93644		宋Z
163	6	7010	扬州省试主考官	90396	69270	1056832	梅翥
164	108	5097	成都跨服战场报名区域	68939	60060	1074216	浩气盟战场接引人
165	104	12963	月玲珑	45144	119916	1062175	月玲珑
166	104	12964	火龙	54397	119347	1059510	火龙
167	15	869	长安贡献昭示牌	52349	111355	1065757	秘境任务
168	8	869	洛阳贡献昭示牌	29541	80544	1053427	秘境任务
169	6	869	扬州贡献昭示牌	68230	62932	1052941	秘境任务
170	108	869	成都贡献昭示牌	70150	68193	1072653	秘境任务
171	15	14211	长安战魂牌	52347	110838	1065757	阵营任务
172	8	14211	洛阳战魂牌	29402	80855	1053478	阵营任务
173	6	14211	扬州战魂牌	68555	62657	1052941	阵营任务
174	108	14211	成都战魂牌	70579	68183	1072653	阵营任务
175	101	7968	花祁山				花祈山
176	6	7025	扬州科举省试考官	43486	22689		梅翥
177	8	7026	洛阳科举省试考官	55970	27363		章仲
178	15	7027	长安科举省试考官	32094	50685		刘惟微
179	12	6610	枫华谷孟康	77189	62393		孟康
180	9	6612	洛道林云冲	62075	64919		沐云冲
181	10	5843	濯垢奇蛛	37481	82307		濯垢奇蛛
182	13	5968	猿飞鬼助	44256	82980		炎之鬼助
183	27	36498	恶人谷前线支援	40177	25802		路乞明
184	25	36495	浩气盟前线支援	35992	45633		洛雨繁
195	151	36504	衣冠禽兽任务	29783	41360	1060800	莫云
198	151	36503	衣冠禽兽任务	11497	51285	1052096	莫白
202	108	36801	莫文君	71091	66750	1072960	莫问君
209	15	16539	长安苏慧蓉	47879	92707	1061696	苏慧蓉
210	108	16539	成都苏慧蓉	74417	70067	1070784	苏慧蓉
211	8	16539	洛阳苏慧蓉	30041	89263	1058944	苏慧蓉
212	6	16539	扬州苏慧蓉	70941	46427	1052096	苏慧蓉
213	23	16540	龙门荒漠凌燕丘	38963	39786	1049664	凌燕丘
214	15	6129	黄字零零捌	46872	29602		黄字零零捌
215	6	20001	扬州陆烟儿	43419	29241	1049728	陆烟儿
215	8	20001	洛阳陆烟儿	56754	22213	1082240	陆烟儿
215	15	20001	长安陆烟儿	34059	43943	1061120	陆烟儿
222	15	6810	春节活动	54706	93623	1061696	马莉颖
245	6	6810	春节活动	70768	47162	1052160	马莉颖
261	108	6810	春节活动	75032	72326	1071424	马莉颖
269	6	6804	陶罐活动接引人	70719	47325	1052160	叶飘零
269	8	6804	陶罐活动接引人	29984	90090	1060160	叶飘零
269	15	6804	陶罐活动接引人	54530	93637	1061696	叶飘零
269	108	6804	陶罐活动接引人	74645	72509	1071680	叶飘零
269	194	6804	陶罐活动接引人	25500	65768	1137408	叶飘零
269	332	6804	陶罐活动接引人	66728	105707	1053986	叶飘零
275	6	6803	春节活动接引人	67437	47633	1052160	燕小霞
275	8	6803	春节活动接引人	28671	91794	1062592	燕小霞
275	15	6803	春节活动接引人	53210	93698	1061696	燕小霞
275	108	6803	春节活动接引人	74425	69001	1070784	燕小霞
275	194	6803	春节活动接引人	23634	63685	1137408	燕小霞
275	332	6803	春节活动接引人	65338	105177	1052025	燕小霞
276	35	17207	瞿塘峡冷馨兰	90594	75994	1122432	冷馨兰
277	6	17612	试炼之地接引人	68078	62853	1052736	神秘老者
277	8	17612	试炼之地接引人	29503	81256	1053504	神秘老者
277	15	17612	试炼之地接引人	45593	92103	1061888	神秘老者
277	108	17612	试炼之地接引人	70867	66763	1072896	神秘老者
277	194	17612	试炼之地接引人	22884	63089	1133670	神秘老者
277	332	17612	试炼之地接引人	82318	96892	1053698	神秘老者
278	105	16105	苍山洱海日常				乃古修
279	105	17770	苍山洱海任务起始				莫雨
283	15	6812	长安年华	54480	92772	1061696	年华
284	153	23538	浩气盟威望日常				月语堂
285	153	23539	恶人谷威望日常				火独
286	153	869	贡献昭示牌	41183	62659	1241221	秘境任务
287	153	6551	马嵬驿浩气战场接引人				浩气盟战场接引人
288	153	6892	马嵬驿恶人战场接引人				恶人谷战场接引人
290	108	16487	成都省试主考官	60585	69951	1072704	王凌枫
291	108	16486	成都会试主考官	60615	70000	1072704	张说
292	30	30673	昆仑押运粮草	18371	61054	1154155	宇文泽
293	22	30674	南屏山押运粮草	22984	20636	1110580	诸葛清
300	22	7606	南屏山烽烟再起浩气盟接引人	39396	11975		王洵
301	30	7604	昆仑烽烟再起恶人谷接引人	23553	50936		何非笑
302	30	7607	昆仑烽烟再起浩气盟接引人	90934	43037		王洵
303	22	7605	南屏山烽烟再起恶人谷接引人	57417	4195		何非笑
388	105	16505	赛马报名人	111064	17072	1079936	赛马报名人
389	6	16059	扬州名剑大会接引人	86865	73763	1054976	张英
390	108	16113	成都名剑大会接引人	69484	61105	1074061	上官玲
391	15	6561	长安冬至接引人尤泽煦	51240	91722	1062080	尤泽煦
392	6	6561	扬州冬至接引人尤泽煦	71280	47381	1052160	尤泽煦
393	8	6561	洛阳冬至接引人尤泽煦	30902	90018	1058944	尤泽煦
394	108	6561	成都冬至接引人尤泽煦	74796	71516	1070912	尤泽煦
395	150	52797	萧沙残魂	60292	80392	1247801	萧沙
396	158	52555	安禄山残魂	81971	44544	1068544	安禄山范围总控
767	2	74	万花谷花圣	77587	51448	1103260	宇晴
768	156	23669	长安・战乱赵云睿	44947	63332	1063414	赵云睿
769	151	23669	洛阳・战乱赵云睿	32351	65233	1052078	赵云睿
770	156	24249	长安_安史之乱・苏曼莎	48397	102428	1061760	苏曼莎
771	151	24232	洛阳_安史之乱・黑齿元v	21293	83835	1060160	黑齿元佑
772	22	21878	南屏山浩气盟镖师	14997	15068	1110720	浩气盟镖师
773	22	21879	南屏山恶人谷镖师	11327	72765	1097920	恶人谷镖师
774	30	21878	昆仑浩气盟镖师	91570	42477	1133440	浩气盟镖师
775	30	21879	昆仑恶人谷镖师	23508	50582	1117504	恶人谷镖师
776	172	25844	长安内城沈眠风	111894	28603	1057600	沈眠风
777	139	25888	枫华谷・战乱阿史那从礼	55057	25785	1083136	阿史那从礼
780	156	25559	长安・战乱娄永才	45213	63581	1063451	娄永才
781	2	7706	万花东方欣	56383	45342	1133668	东方欣
782	5	7712	少林芋头	32098	56864	1127424	芋头
783	7	7707	纯阳柒柒	24770	12471	1159086	柒柒
784	11	7708	天策君傲城	59135	20095	1052204	君傲城
785	16	7709	七秀绣袖	29421	33683	1056942	绣袖
786	49	7710	藏剑千叶	77942	74056	1117967	千叶
787	102	9443	五毒容夏	17001	90067	1074498	容夏
788	122	15223	唐门唐怀信	79064	85938	1106749	唐怀信
789	150	19238	明教伊利亚斯	62080	67171	1158656	伊利亚斯
790	158	24444	天策战乱古月	56824	24028	1060057	古月
791	159	25513	丐帮崔永沅	64984	63801	1088549	崔永沅
792	5	0	少林门派事件	9702	56194	1143616	少林弟子
793	7	0	纯阳门派事件	25784	21580	1160256	纯阳弟子
794	11	0	天策门派事件	42154	17324	1049984	天策弟子
795	16	0	七秀门派事件	29167	31639	1057408	碧儿
797	102	0	五毒门派事件	42174	85666	1051968	五毒弟子
798	122	0	唐门门派事件	82035	77711	1076032	唐门弟子
799	150	0	明教门派事件	62512	17567	1097984	伪明教弟子
800	159	0	丐帮门派事件	41275	109264	1096704	丐帮弟子
801	158	42556	天策门派事件	65099	45576	1052480	 
801	158	0	天策门派事件	65099	45576	1052480	天策弟子
802	2	0	万花门派事件	32664	34812	1114368	万花弟子
803	6	2280	烹饪训练师	57695	56759	1050829	邵语秋
804	8	3504	烹饪训练师	31055	85132	1053404	苏小伦
805	15	3759	烹饪训练师	52764	115550	1065763	杨立德
806	108	9769	烹饪训练师	65382	68140	1072653	李虬髯
809	15	3751	医术训练师	52884	114309	1063868	邱星彩
810	108	9877	医术训练师	61403	68269	1072653	白首翰
811	6	2275	缝纫训练师	55750	58559	1051039	杜小红
814	108	9873	缝纫训练师	63330	63063	1073733	素怀绣
816	8	3508	铸造训练师	34511	85736	1057087	高振伟
818	108	9875	铸造训练师	61644	66370	1072653	欧无邪
819	6	36787	淬炼训练师	54134	58043	1050882	薛义
820	8	36787	淬炼训练师	34996	86277	1058221	薛义
821	15	36787	淬炼训练师	56597	116942	1065757	薛义
822	108	36787	淬炼训练师	62526	69040	1072645	薛义
823	108	7572	成都节日大使	71736	66966	1072320	节日大使
824	156	37597	长安・战乱银甲将军	43909	65947	1063488	银甲将军
825	151	37699	洛阳・战乱宋森雪	72534	67021	1084992	宋森雪
826	108	16505	赛马报名人	70388	66803	1072704	赛马报名人
827	35	16747	活动任务	71561	64425	1169705	活动任务
828	6	36801	莫问君	69813	62951	1052864	莫问君
829	16	17305	七秀习武区域	18952	17193	1056896	七秀大师姐
830	7	17308	纯阳习武区域	21884	13925	1159104	纯阳大师兄
831	11	17310	天策习武区域	55998	15707	1052224	天策大师兄
832	102	17312	五毒习武区域	28561	83529	1066496	五毒大师兄
833	5	17309	少林习武区域	40924	60890	1127424	少林大师兄
834	122	17313	唐门习武区域	80132	79152	1076032	唐门大师姐
835	2	17307	万花习武区域	45460	43996	1161216	万花大师兄
836	49	17311	藏剑习武区域	72265	81701	1113299	藏剑大师兄
837	150	20684	明教习武区域	54792	77538	1168384	明教大师兄
838	159	25558	丐帮习武区域	63282	66614	1090304	丐帮大师姐
839	193	40876	苍云习武区域	43864	20976	1072192	苍云大师兄
840	158	17310	天策习武区域	55399	15712	1052352	天策大师兄
841	6	16509	赛马报名人	68192	63344	1052992	熊大海
842	6	16747	活动任务	68295	62656	1052941	活动任务
843	108	16747	活动任务	70630	66766	1072724	活动任务
844	6	4714	扬州玄字玖贰	93744	69268	1059190	玄字玖贰
845	108	4714	成都玄字玖贰	71065	70267	1074862	玄字玖贰
846	193	40884	柳西月	48722	24630	1070318	柳西月
847	193	41633	东径关之战	100008	49944	1103104	燕忆眉
848	193	16747	活动任务	48698	24378	1070318	活动任务
849	108	27543	元宵活动	66343	82594	1079680	王樊
850	6	27543	元宵活动	58397	37472	1049920	王樊
851	8	6810	春节活动	29940	89946	1058944	马莉颖
852	194	16701	花朝节活动接引人	25806	65024	1137536	苏水心
853	194	36801	觅宝会	23021	63095	1133670	莫问君
854	194	4714	帮会家园执事	19372	71699	1143498	玄字玖贰
855	194	869	贡献昭示牌	22814	62543	1133670	秘境任务
856	194	14211	战魂牌	22817	62275	1133670	阵营任务
857	194	16747	活动任务牌	22812	62802	1133670	活动任务
858	194	16509	赛马接引人	22828	62963	1133670	熊大海
859	194	17612	试炼之地接引人	22884	63089	1133670	神秘老者
860	194	6891	跨服战场报名区域	20106	59842	1143085	浩气盟战场接引人
861	194	16059	名剑大会接引人	19408	59344	1143097	张英
862	6	41752	羽霓虹	68230	62764	1052992	羽霓虹
863	108	41752	羽霓虹	70264	66777	1072704	羽霓虹
864	15	41752	羽霓虹	44993	92578	1061888	羽霓虹
865	172	41752	羽霓虹	59764	45245	1125440	羽霓虹
866	8	41752	羽霓虹	29453	80688	1053504	羽霓虹
867	194	41752	羽霓虹	15216	65876	1143198	羽霓虹
868	194	11735	乔万山	24988	67558	1137408	乔万山
869	194	7572	太原节日大使	23033	67049	1137387	节日大使
870	6	43074	儿童节活动	70705	46363	1052102	桃花仙
871	8	14326	儿童节活动	28386	89513	1060160	蛋叉叔叔
872	15	14326	儿童节活动	51199	92010	1062080	蛋叉叔叔
873	108	43074	儿童节活动	74378	71160	1070854	桃花仙
874	194	43074	儿童节活动	25678	65885	1137479	桃花仙
875	6	7369	端午节活动	70492	47336	1052096	沈农
876	194	7369	端午节活动	25712	67006	1137408	沈农
877	108	7369	端午节活动	72100	66774	1071808	沈农
878	159	43084	端午节活动	56260	37634	1104704	涟香
879	159	43015	端午节特殊事件	49924	40141	1092992	洞庭飘香鳄
880	16	43090	端午节活动	25614	58998	1055936	端午鱼篓
881	21	43090	端午节活动	21165	17381	1052800	端午鱼篓
882	13	43090	端午节活动	42232	48914	1049280	端午鱼篓
883	6	43090	端午节活动	76726	41486	1048832	端午鱼篓
884	6	26740					被欺负的村民
885	6	7					黑野猪
886	6	27584					藏剑弟子
887	6	9					流氓
888	6	11					稻香分舵游击山贼
889	6	45969	当世长歌・任务	67626	47389	1052102	张水倾
890	6	46161	当世长歌・日常任务	67032	45635	1052102	任莞
891	151	46093	当世长歌・公共事件	74483	64283	1085312	杨逸飞
892	217	46968	莫云	122653	31993	1074553	莫云
893	217	46969	莫白	123100	56123	1071719	莫白
894	194	45009	赵云睿	26842	60468	1133638	赵云睿
895	216	45009	赵云睿	47823	65369	1079285	赵云睿
896	216	46788	森九岚	37534	76722	1080128	森九岚
897	217	46766	韩非池	15824	55324	1075584	韩非池
898	214	46402	剑圣	113605	79153	1086400	剑圣
899	215	46794	永王李U	35829	63420	1156352	李U
900	194	16113	名剑大会报名人	19289	59397	1143097	上官玲
901	213	47821	长歌习武区域	85908	65730	1057664	长歌大师兄
902	194	47754	阴山商路物资募集官	70260	115586	1116864	褚禾
903	217	47744	阴山商路恶人谷起始点	110326	28630	1074688	谷艾
904	217	47858	阴山商路浩气盟起始点	103679	26099	1076736	宋涛
905	216	47888	阴山商路补货商	33218	30528	1090381	夏洛特
906	214	47749	阴山商路补货商	65527	35877	1057619	木博
907	214	46331	无遮会声望商	53247	76824	1183431	慧善
908	216	46332	回纥商队声望商	97259	86745	1079422	阿勿嘀荧
909	215	46330	淮南商行声望商	96691	69801	1156322	陈徽之
910	217	47857	跋汗族黑水城声望商	20839	65999	1077599	姜微
911	213	50310	长歌门派事件-弟子笃学	110043	43833	1058669	收书先生
912	213	45786	长歌门派事件-学堂晒书	92762	53539	1058232	李白
913	213	50124	长歌门派事件-音律之试	28128	112525	1063168	赵宫商
914	2	77	万花门派事件	78224	52905	1103455	裴元
915	194	6561	太原冬至接引人尤泽煦	25544	66592	1137536	尤泽煦
916	194	16539	太原苏慧蓉	25667	66946	1137408	苏慧蓉
917	49	50300	藏剑门派事件	80869	76591	1115968	叶泊秋
918	49	0	藏剑门派事件	78528	74737	1117989	叶炜
919	16	50652	七秀门派事件・红袖飞花	34189	28977	1057278	白依依
920	16	50515	七秀门派事件・剑舞凝光	29808	39937	1056128	照萤
921	16	50152	七秀门派事件・东海来客	30107	42243	1056256	白璃予
922	193	50232	门派事件・苍云	51316	56869	1057152	燕宁
923	193	50819	门派事件・苍云	44421	21078	1070272	燕安
924	193	50391	门派事件・苍云	99111	50128	1077120	申屠远
925	193	50555	门派事件・苍云	44907	23000	1070094	长孙忘情
926	158	50305	天策门派事件	33504	63271	1073024	天策后勤物资官
927	158	50301	天策门派事件	14020	66777	1080448	天策机关师
928	7	50302	纯阳门派事件・山门卫道	41106	9687	1129856	卓宁心
929	7	50841	纯阳门派事件・山门卫道	30205	29399	1160313	卓宁心
930	7	50842	纯阳门派事件・山门卫道	47704	26570	1148416	卓宁心
932	5	571	证道院	32563	58117	1127424	澄如
933	5	574	达摩堂	44584	54846	1127447	澄正
934	5	2713	少林寺门前	45086	34247	1122409	澄广
935	5	2745	莲池旁	49613	56910	1127421	武僧教头
936	194	6810	春节活动	25340	65497	1137408	马莉颖
937	159	50871	门派事件・丐帮	94800	96249	1094272	尹小荷
938	159	50861	蒋方文	62820	95055	1103298	蒋方文
939	159	50809	郭岩	64647	81105	1107328	郭岩
940	122	50929	门派事件	82070	77839	1075991	门派事件区域
941	150	50965	明教门派事件・漫漫朝圣路	27447	25637	1093504	瑶瑶
942	150	50627	明教门派事件・明尊大典	60269	81522	1247680	陆烟儿
943	150	50633	明教门派事件・血染红衣	31326	97504	1142528	安雨
944	102	50670	五毒门派事件・毒蚊幼虫	92087	27286	1051584	玛索
945	102	50666	五毒门派事件・天一阴谋	46233	92987	1051328	公治菱
946	102	50669	五毒门派事件・噬魂金虎	28799	78900	1061824	噬魂金虎
947	151	51339	永安行声望商	79280	68442	1091095	叶紫琼
948	151	51147	洛阳・神兵迷踪	65991	78641	1100263	凤息颜
949	7	51479	勤修不辍・打坐	24123	13912	1159365	打坐区域
950	11	51479	勤修不辍・打坐	57848	16546	1052279	打坐区域
951	213	51479	勤修不辍・打坐	85615	63554	1058849	打坐区域
952	102	51479	勤修不辍・打坐	20904	86801	1071493	打坐区域
953	2	51479	勤修不辍・打坐	52532	39040	1244585	打坐区域
954	16	51479	勤修不辍・打坐	18238	13971	1056960	打坐区域
955	150	51479	勤修不辍・打坐	60303	80409	1247801	打坐区域
956	159	51479	勤修不辍・打坐	64685	75855	1117440	打坐区域
957	49	51479	勤修不辍・打坐	75568	65138	1112849	打坐区域
958	193	51479	勤修不辍・打坐	46496	23259	1070241	打坐区域
959	5	51479	勤修不辍・打坐	33804	57982	1127552	打坐区域
960	122	51479	勤修不辍・打坐	82580	77727	1075991	打坐区域
961	158	51479	勤修不辍・打坐	58316	20503	1056304	打坐区域
962	215	43090	端午节活动	100987	96370	1156032	端午鱼篓
963	213	43090	端午节活动	25752	19091	1057472	端午鱼篓
964	108	51559	驭兽师	81269	64261	1070355	秦玉川
965	6	51548	方士	42032	36446	1049685	南宫麒
966	153	19916	艺人	33401	77576	1281372	薛伶官
967	194	51708	镖师	29964	69811	1133696	李放
968	25	5130	浩气盟绿林	9030	62843	1059841	司空仲平
969	27	4794	恶人谷绿林	72405	29235	1071471	肖药儿
970	6	15310	扬州贺兰枫	70942	47382	1052160	贺兰枫
971	194	15310	太原贺兰枫	24883	67526	1137408	贺兰枫
972	108	15310	成都贺兰枫	72756	66804	1071040	贺兰枫
973	8	15310	洛阳贺兰枫	28283	89243	1060160	贺兰枫
974	15	15310	长安贺兰枫	51405	92749	1062080	贺兰枫
975	6	99583	镜花别院接引者	70750	47610	1052096	式神铃
976	108	99583	镜花别院接引者	71314	68201	1072704	式神铃
977	194	99583	镜花别院接引者	23543	63611	1137408	式神铃
978	151	52754	风临神都・挂件兑换	79342	66701	1091136	柳奉辙
979	6	53015	风临神都・任务	70751	46915	1052160	柳湘桐
980	108	53015	风临神都・任务	74234	71602	1070912	柳湘桐
981	194	53015	风临神都・任务	25124	64016	1137408	柳湘桐
982	151	52629	风临神都・公共事件	29074	86867	1058368	风临神都
983	151	53010	霸刀塞北营声望商	78965	66406	1091013	独孤求胜
984	6	37144	扬州邱小沁	70770	46119	1052160	邱小沁
985	108	37144	成都邱小沁	72581	66601	1071168	邱小沁
986	194	37144	太原邱小沁	25640	65813	1137408	邱小沁
987	193	0	萧沙	66795	94656	1056960	白鹭
988	158	52342	安禄山残魂	81971	44544	1068544	安禄山
989	243	51479	勤修不辍・打坐	82915	49210	1127616	打坐区域
990	243	54636	霸刀大师兄	80631	43323	1123456	霸刀大师兄
991	243	55324	霸刀门派事件・霜林狩猎	119851	79557	1175680	门派事件区域
992	243	55398	霸刀门派事件・星暗长林	119851	79557	1175680	柳辰芦
993	243	55345	霸刀门派事件・蛇魅狼影	120274	102576	1200064	南霁云
994	158	23022	李承恩	57909	25922	1062870	李承恩
995	150	19272	陆危楼	60304	89556	1256557	陆危楼
996	193	37678	长孙忘情	31379	23078	1087905	长孙忘情
997	213	44441	杨逸飞	78536	67337	1063424	杨逸飞
998	243	52775	柳静海	82900	59260	1133952	柳静海
999	16	16701	花朝节活动接引人	11533	72485	1060160	苏水心
1000	102	16701	花朝节活动接引人	42597	85067	1051968	苏水心
1001	213	16701	花朝节活动接引人	34238	36864	1064064	苏水心
1002	6	16701	花朝节活动接引人	71259	46869	1052096	苏水心
1003	108	16701	花朝节活动接引人	73954	71345	1070848	苏水心
1004	15	16701	花朝节活动接引人	51035	92842	1061632	苏水心
1005	8	16701	花朝节活动接引人	30423	90190	1058944	苏水心
1006	243	56065	刀谷迷踪	32807	61709	1119616	柳之云
1007	49	56027	剑阁争锋	65853	21329	1119744	叶涛
1008	6	55988	刀谷迷踪	70751	46915	1052160	柳筱骨
1009	6	55989	剑阁争锋	70869	47027	1052160	叶松
1010	108	55988	刀谷迷踪	74234	71602	1070912	柳筱骨
1011	108	55989	剑阁争锋	74118	71682	1070976	叶松
1012	194	55988	刀谷迷踪	25124	64016	1137408	柳筱骨
1013	194	55989	剑阁争锋	25277	63965	1137408	叶松
1014	243	56008	刀谷预热				柳斐
1015	6	56432	扬州叶璃	86596	74158	1055040	叶璃
1016	108	56432	成都叶璃	68582	61029	1074112	叶璃
1017	194	56432	太原叶璃	19869	60013	1143104	叶璃
1018	8	56432	洛阳叶璃	16670	82762	1063616	叶璃
1019	15	56432	长安叶璃	48019	99005	1061760	叶璃
1020	16	57094	龙舟接引人	43271	42606	1056256	云召
1021	159	57094	龙舟接引人	72103	34639	1094144	云召
1022	213	57094	龙舟接引人	40709	37035	1057920	云召
1023	151	57101	野外首领	30232	67045	1052224	冰盔龙甲
1024	156	57100	野外首领	48396	101903	1061760	柳哲
1025	214	56922	野外首领	72090	51251	1054656	月弄痕
1026	215	57110	野外首领	35829	63420	1156352	独孤修
1027	6	57268	扬州神秘人	63376	45836	1053376	神秘人
1028	108	57268	成都神秘人	73773	65655	1070400	神秘人
1029	194	57268	太原神秘人	23648	62955	1133760	神秘人
1030	6	57717	中元节任务	70791	45948	1052160	蒋玉宸
1031	194	57717	中元节任务	25870	64645	1137408	蒋玉宸
1032	108	57717	中元节任务	71841	66317	1072256	蒋玉宸
1033	6	58626	神兵疑云	68621	63288	1052992	
1034	108	58626	神兵疑云	70455	66663	1072704	
1035	194	58626	神兵疑云	23543	63611	1137408	
1036	239	58135	方一云	75621	57538	1079192	
1037	239	58136	古镇狱	52450	50964	1080112	
1038	108	59149	龙门绝境接引人	69407	60730	1074112	孔媛
1039	6	59149	绝境战场接引人	87045	73897	1054976	孔媛
1040	15	59149	长安龙门绝境接引人	36018	109629	1065344	孔媛
1041	194	43135	李光弼	18755	65860	1141161	李光弼
1042	25	5308	浩气盟盟主	44554	24003	1139740	谢渊
1043	27	4997	恶人谷谷主	49432	67676	1150325	王遗风
1044	15	1495	江湖物资商	61146	108156	1065348	玄字柒肆
1045	8	1495	江湖物资商	12574	87703	1063095	玄字柒肆
1046	6	1495	江湖物资商	93676	70182	1059179	玄字柒肆
1047	108	1495	江湖物资商	70559	71127	1074474	玄字柒肆
1048	74	10899	帮会药师	19641	4033	1101162	苏不尘
1049	74	14459	帮会宝物商人	13845	8824	1104320	梦香菲
1050	6	1348	扬州侠行点商人	92924	70181	1058990	玄字叁玖
1051	25	4742	浩气阵营物资商	49638	42074	1125680	苏碧
1052	27	4668	恶人阵营物资商	50720	69254	1123074	厉景
1053	6	1053	扬州浩气威望	84514	73902	1054153	七星令・别南轩
1056	15	8808	长安曾鑫	53631	109890	1066400	曾鑫
1057	8	8808	洛阳曾鑫	36430	85446	1057801	曾鑫
1058	108	8808	成都曾鑫	65074	72981	1073864	曾鑫
1059	15	1348	长安侠行点商人	60266	108121	1065348	玄字叁玖
1060	8	1348	洛阳侠行点商人	13083	87778	1062992	玄字叁玖
1061	108	1348	成都侠行点商人	71039	70105	1074862	玄字叁玖
1062	15	1053	长安浩气盟威望	37607	108983	1065312	七星令・别南轩
1063	8	1053	洛阳浩气威望	17692	82074	1061016	七星令・别南轩
1064	108	1053	成都浩气威望	69436	62768	1074060	七星令・别南轩
1069	74	979	帮会纯阳书库	13353	13681	1104280	纯阳书库
1070	15	16250	长安阵营名剑套装商	36183	110882	1065312	许相迎
1071	8	16250	洛阳阵营名剑套装商	15886	82365	1061755	许相迎
1072	6	16250	扬州阵营名剑套装商	86487	73640	1055010	许相迎
1073	108	16250	成都阵营名剑套装商	69466	60783	1074061	许相迎
1075	74	9789	帮会书童	15244	12786	1104322	赵可
1076	74	7726	高九问	15447	12980	1104297	高九问
1077	25	59801	浩气祭祀礼官	18002	75653	1065338	祭祀礼官
1078	27	59803	恶人祭祀礼官	41741	20511	1068763	祭祀礼官
1079	302	59891	龙舟竞速报名人	6774	3055	1051046	庄小鱼
1080	302	43090	端午鱼篓	24774	28777	1050496	端午鱼篓
1081	302	57094	龙舟接引人	35978	18156	1050208	云召
1082	302	60229	庄岳	23973	25493	1050179	庄岳
1083	108	60212	李渡鬼域接引人	69157	60608	1074240	曲小宝
1084	6	60212	李渡鬼域接应人	86651	74092	1054976	曲小宝
1085	15	60212	李渡鬼域接引人	36014	109720	1065344	曲小宝
1086	6	62446	秘境重置道具兑换使	69817	62830	1052864	黄字伍陆捌
1086	108	62446	秘境重置道具兑换使	70269	66626	1072704	黄字伍陆捌
1086	194	62446	秘境重置道具兑换使	23627	62845	1133824	黄字伍陆捌
1087	334	62002	宓樾	78470	11908	1049647	宓樾
1088	334	62039	阎怒	38830	20139	1049595	阎怒
1089	6	62896	“踏浪寻仙”活动任务	64274	45384	1052964	秋叶青
1090	9	62925	“踏浪寻仙”活动公共事件	14384	26755	1056242	踏浪寻仙・护镖
1091	6	62826	“踏浪寻仙”活动商店	63277	81246	1056221	安若若
1092	6	62981	烽火动狂澜打坐区域	64480	82422	1056320	扬州码头
1093	21	62925	“踏浪寻仙”活动公共事件	33866	47556	1057487	踏浪寻仙・护镖
1094	194	62839	“踏浪寻仙”活动任务	108523	109275	1140444	穆玄英
1095	13	62925	“踏浪寻仙”活动公共事件	79665	26211	1055561	踏浪寻仙・护镖
1096	330	62133	韩清芒	16370	38469	1198016	韩清芒
1097	332	62714	铁黎	117947	52050	1048825	铁黎
1098	333	63022	蓬莱习武区域	112757	56729	1087616	蓬莱大师姐
1099	325	62714	铁黎	36911	9249	1049281	铁黎
2000	325	62770	月泉淮	36911	9249	1049281	月泉淮
2001	334	62110	炎晖	123626	16003	1050309	炎晖
2002	332	63734	赵云睿	71653	86222	1049521	赵云睿
2003	332	6561	侠客岛冬至接引人	65370	104019	1052030	尤泽煦
2004	332	64593	云月	18457	23824	1049616	云月
2005	325	61877	康氏泥兰园声望商	84551	119103	1049637	康渊
2006	332	869	贡献昭示牌	81695	99611	1052604	秘境任务
2007	332	16539	侠客岛苏慧蓉	65893	105030	1052030	苏慧蓉
2008	1	64493		19440	25943	1051584	沈剑心
2009	2	64675		88435	35962	1114392	沈剑心
2010	12	64689		30612	12323	1107715	沈剑心
2011	15	64678		38365	122554	1094033	沈剑心
2012	49	64679		98184	77113	1113643	沈剑心
2013	7	64577		37577	14135	1138723	沈剑心
2014	332	7572	节日活动接引人	67877	105983	1057873	节日大使
2015	334	64556	杨蒲	8945	94819	1051080	杨蒲
2016	330	64460	贺全学	16111	90210	1201945	贺全学
2017	108	61554	浩气盟指挥评选人	69558	62868	1074112	冷允之
2018	108	61576	恶人谷指挥评选人	67115	59555	1074112	冷倪之
2019	332	6810	节日春节	65519	106040	1054355	马莉颖
2020	333	62269	方乾	96264	120917	1049903	方乾
2021	108	17612	成都神秘老者	70867	66763	1072896	神秘老者
2022	6	64852	女侠节任务接引人	70988	47320	1052096	康舞舞
2022	108	64852	女侠节任务接引人	72065	66954	1071936	康舞舞
2022	194	64852	女侠节任务接引人	23087	64235	1137536	康舞舞
2022	332	64852	女侠节任务接引人	65931	104626	1052224	康舞舞
2023	332	16701	花朝节活动接引人	66178	104711	1052032	苏水心
2024	332	42377	花朝节活动	86682	22929	1057289	鲜花花丛
2025	6	65006	扬州李媛媛	68431	63182	1052820	李媛媛
2026	108	65006	成都李媛媛	71013	68131	1072644	李媛媛
2027	194	65006	太原李媛媛	22832	61917	1133895	李媛媛
2028	332	62680	红尘酒家老板娘	74085	99514	1054028	袁知春
2029	332	65768	风雨霸王擂活动商店	79496	79446	1049088	方贝贝
2030	332	65153	风雨霸王擂公共任务	80111	76721	1049976	怒涛绝阵
2031	332	43074	儿童节活动	66169	103958	1052030	桃花仙
2032	6	59910	儿童节活动・童梦	70622	46901	1052059	小鲤鱼
2032	108	59910	儿童节活动・童梦	73766	70941	1070739	小鲤鱼
2032	194	59910	儿童节活动・童梦	25637	64239	1137479	小鲤鱼
2032	332	59910	儿童节活动・童梦	66148	104748	1052030	小鲤鱼
2033	6	113583	节庆商店	71363	46561	1052096	儿童节货品
2033	8	113583	节庆商店	27788	89435	1058944	儿童节货品
2033	15	113583	节庆商店	51051	93707	1061632	儿童节货品
2033	108	113583	节庆商店	74849	71355	1070912	儿童节货品
2033	194	113583	节庆商店	25707	64987	1137536	儿童节货品
2033	332	113583	节庆商店	64862	104877	1052096	儿童节货品
2034	332	66432	布偶大混战接引人	65375	103922	1052030	装饰_布偶
2035	194	66432	布偶大混战接引人	23181	65683	1137536	装饰_布偶
2036	108	66432	布偶大混战接引人	63472	67299	1075712	装饰_布偶
2037	6	66432	布偶大混战接引人	69107	46420	1052096	装饰_布偶
2038	332	7369	端午节活动	66971	105462	1054016	沈农
2039	6	60220	大唐盛景接引人	71189	45695	1052096	庄千山
2040	108	60220	大唐盛景接引人	72317	65884	1072832	庄千山
2041	194	60220	大唐盛景接引人	23608	67605	1137536	庄千山
2042	332	60220	大唐盛景接引人	67774	107215	1057873	庄千山
2043	6	64489	任务接引人	86869	74021	1054976	柳小刀
2043	8	64489	任务接引人	16121	82066	1061824	柳小刀
2043	15	64489	任务接引人	36149	109353	1065344	柳小刀
2043	108	64489	任务接引人	69316	60623	1074240	柳小刀
2043	172	64489	任务接引人	59724	48801	1125440	柳小刀
2043	194	64489	任务接引人	19292	59649	1143296	柳小刀
2043	332	64489	任务接引人	97531	91989	1050880	柳小刀
2044	6	6514		42057	37353	1048933	纪天下
2045	325	66719	怒海争锋・砥砺同心活动秘境	86101	120726	1052416	英雄泥兰洞天入口
2046	334	66721	怒海争锋・砥砺同心活动秘境	115212	101369	1066304	英雄大衍盘丝洞入口
2047	330	62349	怒海争锋・砥砺同心活动秘境	24140	52789	1201941	船夫
2048	333	62405	怒海争锋・砥砺同心活动秘境	41156	125197	1241903	方尽
2049	332	66722	怒海争锋・砥砺同心活动秘境	57748	110284	1051840	英雄迷渊岛入口
2050	6	65821	列星虚境接引人	86619	73625	1054976	尹修禊
2051	15	65821	列星虚境接引人	36579	109309	1065344	尹修禊
2052	108	65821	列星虚境接引人	68878	60401	1074240	尹修禊
2053	332	66756	怒海争锋・砥砺同心活动秘境	75370	19935	1048768	冰火岛・荒血路入口
2054	243	66757	怒海争锋・砥砺同心活动秘境	9303	51830	1119232	风雷刀谷・锻刀厅入口
2055	243	66758	怒海争锋・砥砺同心活动秘境	12233	58285	1124480	风雷刀谷・千雷殿入口
2056	194	59149	绝境战场接引人	19749	60078	1143104	孔媛
2057	194	65821	列星虚境接引人	19555	59771	1143296	尹修禊
2058	332	59149	绝境战场接引人	97439	92072	1050880	孔媛
2059	332	65821	列星虚境接引人	98636	93163	1057536	尹修禊
2060	411	66720	“玉兔捧月送福来”活动秘境	88823	83569	1053760	尘归海・巨冥湾
2061	411	65605	尘归海接引人	88155	83421	1053720	方耕牧
2062	332	57717	中元节任务	66150	104723	1052032	蒋玉宸
2063	332	15310	侠客岛贺兰枫	66169	104068	1052032	贺兰枫
2064	25	36388	据点总管・浩气盟	32555	65296	1065344	据点总管
2066	9	36388	据点总管・洛道秋雨堡	14257	5620	1056832	据点总管
2066	21	36388	据点总管・巴陵白首山	73144	38179	1062400	据点总管
2066	22	30409	据点总管・南屏山武王城	19944	10458	1106880	据点总管
2066	27	36387	据点总管・恶人谷	43326	29151	1076032	据点总管
2066	30	36387	据点总管・昆仑凛风堡	4598	53165	1160384	据点总管
2066	35	36388	据点总管・瞿塘峡不空关	86244	88909	1159232	据点总管
2066	153	36387	据点总管・马嵬驿扶风郡	65677	62228	1249664	据点总管
2067	23	36387	据点总管・龙门孔雀海	38927	75684	1054976	据点总管
2068	332	99583	镜花别院接引者	66419	103622	1052032	式神铃
2069	6	25635	余半仙	70934	45441	1052096	余半仙
2070	108	25635	余半仙	57731	65457	1072704	余半仙
2071	194	25635	余半仙	22998	63894	1137479	余半仙
2072	156	66987	胖哥	43163	62566	1063424	胖哥
2073	6	191	风雨稻香村接引人	48594	32100	1048970	许楷龙
2074	12	25635	荻花宫前山	42748	14116	1120320	余半仙
2075	10	5523	日轮山城接引人	13812	77686	1050532	新佑卫门
2076	22	25635	英雄天子峰	83316	30610	1085952	余半仙
2077	332	37144	重阳节活动任务	66176	103825	1052032	邱小沁
2078	411	67307	阿基修斯	106717	31332	1049408	阿基修斯
2079	444	66980	鬼影夜叉丸	21031	113613	1049728	鬼影夜叉丸
2080	332	65894	东海小霸王	64404	105581	1052064	方子游
2081	6	68071	烽火动狂澜活动商店	64132	83760	1056161	凌云志
2081	332	68071	烽火动狂澜活动商店	64776	104937	1052039	凌云志
2082	6	67931	烽火动狂澜活动任务	64509	83989	1056877	叶未晓
2083	325	67510	烽火动狂澜公共任务	14038	96098	1048960	旋龟隐敌踪
2084	411	67146	烽火动狂澜公共任务	72516	110281	1051328	东海战乱
2085	444	67195	蔺孟威	49063	26825	1050622	蔺孟威
2086	444	67196	贾伐	46607	16901	1049537	贾伐
2087	419	51479	勤修不辍・打坐	62339	38775	1536960	打坐区域
2088	332	60212	李渡鬼域接引人	97659	91880	1050880	曲小宝
2089	332	16113	名剑大会报名人	98376	93457	1057478	上官玲
2090	444	63734	茶馆老板娘	60811	49646	1049764	赵云睿
2091	74	69076	江湖浩远・故人归领奖人	15375	5347	1099840	顾仁
2092	419	68823	凌雪阁大师兄	62083	38706	1536832	凌雪阁大师兄
2093	332	17612	试炼之地接引人	82318	96892	1053698	神秘老者
2094	6	69143	温泉山庄接引人	71237	47143	1052096	甄香
2094	108	69143	温泉山庄接引人	74236	71197	1070912	甄香
2094	194	69143	温泉山庄接引人	25500	66525	1137536	甄香
2094	332	69143	温泉山庄接引人	66432	104416	1052032	甄香
2095	419	67958	凌雪阁阁主	71939	41350	1526887	李m
2096	5	578	少林声望商	50075	44770	1122414	道光
2097	2	5987	万花声望商	44790	44067	1161167	王宇
2098	11	4754	天策声望商	49270	20396	1053196	夏侯超
2099	7	4753	纯阳声望商	31407	17260	1157736	张博
2100	16	2637	七秀声望商	17455	10681	1055862	齐秀
2101	102	9384	五毒声望商	22167	78561	1067608	许周
2102	122	15229	唐门声望商	84097	82274	1085701	唐无言
2103	49	6649	藏剑声望商	79240	73597	1122623	叶勇
2104	159	22744	丐帮声望商	65261	67874	1079353	莫晓玲
2105	150	19587	明教声望商	54453	81418	1168126	艾莎
2106	6	4671	扬州声望商	64141	67496	1054037	武学赢
2107	6	373	镖局联盟声望商	64262	67007	1053358	方勇
2108	6	5993	南洋商会声望商	63675	68629	1054037	钱赢
2109	6	2209	东漓寨声望商	64261	67109	1053358	二当家
2110	6	5996	天道轩声望商	63663	68683	1054037	寒慕雪
2111	6	5998	隐元会声望商	65872	67954	1053358	黄字伍贰零
2112	6	812	恶人谷声望商	64123	68472	1054037	吴富纪
2113	6	5454	浩气盟声望商	65896	68158	1053358	七星使・玉剑尘
2114	6	9889	轩辕社声望商	66328	67705	1053632	许虎褚
2115	15	9884	藏经阁声望商	43696	114556	1063868	道逍
2116	15	9885	霸刀・南离营声望商	41338	114334	1063868	柳禄封
2117	15	9887	大理宫声望商	43114	115806	1065763	段奕约
2118	15	9888	塔纳声望商	41126	114624	1063868	班谷寒
2119	8	14267	祝融殿声望商	32251	86047	1058953	朱褚贤
2120	15	9883	天南王家声望商	41357	113146	1063868	王震泽
2121	6	9856	拜火教声望商	65887	69113	1054060	金烟锵
2122	15	9882	九黎族声望商	40831	115843	1065763	乌玉兔
2123	108	16879	塔纳离恨冢声望商	57311	61861	1074048	蟾女水儿
2124	105	16213	无愧南灵声望商	71502	23505	1084070	子羽
2125	6	20735	段氏山城声望商	66324	67432	1053632	段东恩
2126	6	23396	朔方军声望商	66074	70023	1054060	天一
2127	6	25559	义军声望商	66083	69734	1054060	娄永才
2128	6	24727	琅琊颜氏声望商	66567	68558	1053584	皓戈
2129	6	21923	大唐兵部声望商	66018	69317	1054060	虞光
2130	6	24518	李唐皇室声望商	66048	69471	1054060	宁如
2131	6	23878	凌烟阁声望商	66346	68724	1053584	李唐兴
2132	6	24578	潼关守备军军需商	66101	68518	1053358	郎珏
2133	6	20882	屠狼会声望商	65821	68485	1053356	何足道
2134	172	25722	大燕长安府声望商	113772	44633	1051273	李彪
2135	172	25942	靖世军・忠声望商	15290	53478	1052382	冷天锋
2136	172	25809	西域商会声望商	23953	46765	1051959	令狐瑶
2137	172	26215	靖世军・义声望商	15255	53973	1052481	白雨霏
2138	179	26959	军器监声望商	5624	31392	1050545	唐秋白
2139	176	27371	英灵殿声望商	62566	7215	1050393	许巍
2140	172	30428	刹那千年声望商	24383	50892	1051959	姬月
2141	184	36020	墨氏门徒声望商	32532	28745	1131000	屈瑟
2142	177	36449	隐元天部声望商	38269	22794	1048896	天字肆零柒
2143	182	30666	太初陵社声望商	57129	34949	1097790	兰无求
2144	187	36597	长安富豪声望商	61581	34988	1050693	丁氏管家
2145	193	38165	苍云声望商	52122	15777	1069907	李邺
2146	213	45051	长歌声望商	86407	65256	1057794	顾霜迟
2147	243	53730	霸刀声望商	94886	56998	1177728	柳依依
2148	333	63698	蓬莱声望商	41263	58621	1049046	方华
2149	419	67950	凌雪阁声望商	59603	31947	1542119	覃冬
2150	194	40853	灵武先锋军声望商	15010	65007	1143207	秦不殇
2151	194	39421	太原义士声望商	14878	64910	1143207	程赫
2152	194	40850	武林盟声望商	14769	66734	1143212	方咏君
2153	194	40849	建宁铁卫声望商	14823	65456	1143226	上官柳燕
2154	194	40848	河东商会声望商	14343	64999	1143207	傅梅苏
2155	194	40854	太原联军声望商	14839	65871	1143234	纪云飞
2156	191	40879	龙城飞将声望商	52616	58127	1114035	陈风
2157	192	40880	烽火北望声望商	75772	64255	1110230	李建国
2158	200	43874	江南叶商行声望商	29328	22588	1119040	叶满统
2159	216	45660	阴山集市声望商	44315	63440	1079229	胡茹宁
2160	216	45661	觅宝会漠西部声望商	46121	63280	1079610	王苹仁
2161	217	47806	恶人谷细柳堂声望商	122756	55747	1071808	莫南
2162	217	47805	浩气盟新雨阁声望商	122925	32540	1074944	莫齐
2163	229	45955	隐贤居声望商	7726	26256	1051567	孔侑
2164	227	42803	白云会声望商	27313	3055	1051582	肃不牵
2165	228	46342	名僧会声望商	4713	7754	1063114	观持
2166	203	42323	觅音明心园声望商	8888	27966	1088690	陆玉荷
2167	220	44785	商会・玉带楼声望商	42887	34179	1144203	竺衣晨
2168	221	43745	源氏・狩魂组声望商	84349	76380	1142311	源七熏
2169	242	51505	凌云会声望商	20184	4211	1065219	宇文韶
2170	239	53593	郭子仪部・靖武声望商	60437	45611	1087964	郭曜
2171	239	53379	精金阁声望商	97007	94280	1139468	柳柒柒
2172	240	52176	洛阳光复联军・荡寇声望商	31165	9277	1084545	赵嵩志
2173	241	52057	洛阳光复联军・旌表声望商	34610	33455	1125027	赵嵩权
2174	262	56062	扬名擂声望商	25159	2547	1755307	张瑜歌
2175	263	55961	北山会・怒涛堂声望商	33824	16244	1186516	柳鞑康
2176	264	56034	北山会・弄影堂声望商	55312	30451	1248276	柳丰衣
2177	285	57375	五毒・圣蝎殿声望商	5047	53379	1063465	白落落
2178	292	59119	隐元会・天玄阁风部声望商	29737	22679	1047315	黄字贰伍
2179	283	57504	霸刀山庄・驭海堂声望商	10505	45090	1114785	柳实晖
2180	284	57876	独孤世家・九军声望商	108679	73437	1410960	独孤云
2181	239	58848	恶人谷惊风院声望商	52200	51115	1080112	洪芹
2182	239	58847	浩气盟霜雷殿声望商	75786	57273	1079095	陈珊
2183	298	60218	丐帮・忠义堂声望商	68717	55387	1304175	霍勤
2184	299	60802	霸刀山庄・止戈堂声望商	33267	11082	1075008	柳随风
2185	343	63114	侠客岛声望商	19435	6685	1048763	方隐
2186	339	63095	经首道源尹氏声望商	31473	15694	1115835	尹春雪
2187	337	63118	洞天福地康氏声望商	17494	3628	1058473	康红虹
2188	357	63092	渤海国声望商	30680	11625	1216321	王长海
2189	334	64377	恶人谷扬威殿声望商	38690	19961	1049856	杨凡
2190	334	64376	浩气盟镇远堂声望商	78521	12076	1049645	甄强
2191	341	63141	冰火岛声望商	21731	37593	1049081	洪于翔
2192	332	61877	康氏泥兰园声望商	66702	111219	1053924	康渊
2193	332	63754	侠客岛・姜氏声望商	66682	111917	1053924	云霞
2194	332	64460	贺氏商会声望商	66683	111515	1053924	贺全学
2195	332	64556	东海丐帮分舵声望商	66698	111731	1053924	杨蒲
2196	364	65656	靖海盟声望商	14880	16343	1080251	康赞
2197	406	65598	周天哨声望商	18617	51274	1051111	方承文
2198	411	66089	东海霸王擂声望商	75496	34307	1063482	迷桑
2199	444	67945	佑海盟声望商	45526	57242	1086598	姜宁
2200	444	67864	浩气盟平涛阁声望商	49054	26936	1050622	柳子轩
2201	444	67865	恶人谷驭帆堂声望商	46621	17094	1049387	甄屠
2202	426	67884	南溟船队声望商	13754	59037	1049463	尹留之
2203	217	69148	大唐军马场声望商	95126	58589	1077248	赵石
2204	216	69161	石林马场声望商	83765	44332	1089600	小衡
2205	411	69155	霸王马场声望商	83837	98236	1090432	方圆
2206	332	69312		88960	99329	1049913	王吒
2207	6	67083	浪客行接引人	68582	62480	1052864	蒋玉凤
2208	108	67083	浪客行接引人	69872	68218	1072704	蒋玉凤
2209	332	67083	浪客行接引人	81247	99640	1052544	蒋玉凤
2210	194	67083	浪客行接引人	22842	61697	1133952	蒋玉凤
2211	239	69646	夏武查	49617	46878	1082782	夏武查
2212	444	67384	独孤九	65030	39707	1059477	独孤九
2213	419	68801	引命匣	71833	42343	1526732	引命匣
2214	156	70034	风云将变活动商店	46979	115226	1065152	杨润升
2215	330	69864	风云将变活动商店	61182	30824	1203008	柳刀刀
2216	330	69886	独孤狩	60918	32172	1203008	独孤狩
2217	156	70035	张威	47021	114990	1065152	张威
2218	156	70088	杨西平	47005	115574	1065152	杨西平
2219	6	99271	城邑集日活动接引人	73442	45182	1052864	沈剑心
2220	108	99271	城邑集日活动接引人	73538	70075	1070784	沈剑心
2221	194	99271	城邑集日活动接引人	26102	65295	1137536	沈剑心
2222	332	99271	城邑集日活动接引人	66273	105291	1052032	沈剑心
2223	455	99171	苑圃娘子	28665	8941	1057544	白六娘
2223	462	99171	苑圃娘子	28180	51377	2407724	白六娘
2223	471	99171	苑圃娘子	15499	19028	1058978	白六娘
2223	486	99171	苑圃娘子	15565	19113	1058844	白六娘
2224	455	99172	苑圃舍收花人	28461	8180	1057513	白两金
2225	455	99221	苑圃舍收花商	28446	8245	1057513	白晓妆
2226	455	99174	岭南兽王庄	29341	11663	1057807	思思
2227	455	70717	居业材料商	29568	7560	1057513	严小六
2228	455	70109	居业行掌柜	28901	9669	1057973	马实在
2229	455	99203	居业乡社人	28793	7854	1057536	马宝玉
2230	6	4706	帮会执事	93793	69636	1059179	玄字叁伍
2231	6	99337	“仲夏风月”兑换使者	70756	47223	1052096	田甜
2231	108	99337	“仲夏风月”兑换使者	73858	70977	1070784	田甜
2231	194	99337	“仲夏风月”兑换使者	25614	67463	1137536	田甜
2231	332	99337	“仲夏风月”兑换使者	66215	104356	1052032	田甜
2232	6	51446	“花灯寄心语”花灯商人	53036	42712	1050816	巧巧
2232	108	51446	“花灯寄心语”花灯商人	65961	83022	1079680	巧巧
2232	194	51446	“花灯寄心语”花灯商人	19340	65657	1141184	巧巧
2232	332	51446	“花灯寄心语”花灯商人	70073	72860	1054656	巧巧
2233	455	99170	园宅会赛物资商	29185	8936	1057565	阿
2234	108	99866	大唐幻夜成都接引人	72092	66851	1071872	兰铃
2235	6	99866	大唐幻夜扬州接引人	70927	45904	1052096	兰铃
2236	194	99866	大唐幻夜太原接引人	23443	66912	1137536	兰铃
2237	332	99866	大唐幻夜侠客岛接引人	66744	104219	1054016	兰铃
2238	6	100179	蒋金鳞	69754	63398	1052912	蒋金鳞
2239	6	99705	尹青羲	60324	81619	1053292	尹青羲
2240	21	100788	王辉	20572	7980	1062679	王辉
2241	21	100949	王荼	20516	7906	1062687	王荼
2242	21	99719	尹拓	20910	8730	1062612	尹拓
2243	21	100127	郭珠	20932	8672	1062624	郭珠
2244	6	99706	叶琦菲	60313	81476	1053292	叶琦菲
2245	474	100509	唐阙	18311	5325	1057088	唐阙
2246	475	100506	宗朗	30806	118165	1116288	宗朗
2247	488	100817	土行孙	48781	60721	1119296	土行孙
2248	473	100574	桑乔	126043	33143	1110592	桑乔
2249	333	51479	勤修不辍・打坐	112757	56729	1087616	打坐区域
2250	488	100967	浩气盟兴节殿	108868	51836	1112960	胡息潮
2251	473	51479	勤修不辍・打坐	99835	50674	1116160	打坐区域
2252	474	51479	勤修不辍・打坐	73934	82276	1070528	打坐区域
2253	475	51479	勤修不辍・打坐	45439	65352	1131264	打坐区域
2254	488	51479	勤修不辍・打坐	72921	79791	1113344	打坐区域
2255	464	51479	勤修不辍・打坐	47540	78102	1134173	打坐区域
2256	464	102518	衍天宗声望商	50461	78431	1133636	黎幔
2257	474	102919	七秀・碧霞会声望商	76614	76119	1069963	白依依
2258	475	101195	少林乱世赵云睿	10036	16844	1049759	赵云睿
2259	488	100973	王尧	108874	42512	1113088	王尧
2260	488	100972	郭戈	109011	51992	1112960	郭戈
2261	475	99575	少林・罗汉堂声望商	10580	57015	1144693	道修
2262	21	53526	冰域邪王虎	44229	32940	1053760	冰域邪王虎
2263	25	7776	谢渊	44564	27863	1137344	谢渊
2264	27	7786	王遗风	53631	71445	1132992	王遗风
2265	488	100961	恶人谷断仇殿	108702	42658	1113017	吴难敌
2266	464	102971	衍天宗习武区域	46913	74322	1133636	祖率
2267	473	17307	万花习武区域	103687	47913	1116074	万花大师兄
2268	474	17305	七秀习武区域	73348	82829	1070528	七秀大师姐
2269	475	17309	少林习武区域	11519	58529	1144693	少林大师兄
2270	488	17311	藏剑习武区域	72265	81701	1113299	藏剑大师兄
2271	473	103100	万花・同心盟声望商	103838	49624	1116177	匡炽
2272	488	103055	藏剑・祭剑堂声望商	74757	79611	1115460	叶勇
2273	473	99594	安权	90930	124325	1171629	安权
2274	474	100196	金郁	72081	65481	1057575	金郁
2275	474	102601	萧芬	71505	64390	1057569	萧芬
2276	108	99593	江湖郎中	73382	65563	1070356	江湖郎中
2277	473	103213	万花区域任务点	62998	86123	1120128	区域任务指引
2278	474	103213	七秀区域任务点	41880	89504	1063376	区域任务指引
2279	475	103213	少林区域任务点	71974	99083	1143936	区域任务指引
2280	488	103213	藏剑区域任务点	21296	78890	1151104	区域任务指引
2281	455	102457	演武棋接引人	28957	10518	1057086	弈仔
2282	6	102457	演武棋接引人	66099	45159	1052571	弈仔
2283	471	102457	演武棋接引人	16354	18746	1058996	弈仔
2284	486	102457	演武棋接引人	16354	18746	1058996	弈仔
2285	108	102457	演武棋接引人	73623	69456	1070734	弈仔
2286	194	102457	演武棋接引人	23406	57648	1133678	弈仔
2287	332	102457	演武棋接引人	71165	85641	1049426	弈仔
2288	464	99636	衍天宗宗主	53220	69990	1137763	萧卿云
2291	6	55775	天街灯市接引人	70721	47506	1052160	天小灯
2291	8	55775	天街灯市接引人	30298	89878	1060160	天小灯
2291	15	55775	天街灯市接引人	55100	93561	1061632	天小灯
2291	108	55775	天街灯市接引人	75171	72315	1071360	天小灯
2291	194	55775	天街灯市接引人	25328	65187	1137408	天小灯
2291	332	55775	天街灯市接引人	67494	105919	1057752	天小灯
2292	6	103333	春节活动接引人	70614	47416	1052096	小雪花
2292	108	103333	春节活动接引人	58034	65637	1072704	小雪花
2293	455	103330	春节活动接引人	18837	7805	1057920	小雪花
2293	462	103330	春节活动接引人	15582	24422	2418880	小雪花
2293	471	103330	春节活动接引人	16376	5567	1058368	小雪花
2293	486	103330	春节活动接引人	16376	5567	1058368	小雪花
2294	455	99483	赛貔貅	29486	8972	1057600	严丫头
2294	471	99483	赛貔貅	16025	19096	1059008	严丫头
2294	486	99483	赛貔貅	16025	19096	1059008	严丫头
2295	455	70720	迎宾舍信差	29265	7695	1057536	跑得快
2295	471	70720	迎宾舍信差	15828	19688	1058944	跑得快
2295	486	70720	迎宾舍信差	15828	19688	1058944	跑得快
2296	6	69603	浪客笺兑换商店	68494	62491	1052928	陈只鱼
2296	108	69603	浪客笺兑换商店	69558	68206	1072704	陈只鱼
2296	194	69603	浪客笺兑换商店	22838	61852	1134016	陈只鱼
2296	332	69603	浪客笺兑换商店	81252	99620	1052544	陈只鱼
2297	194	27547	元宵节活动接引人	23522	67656	1137408	林可
2298	332	27547	元宵节活动接引人	66206	104656	1052032	林可
2299	597	27552	元宵节秘境特使	9961	17430	1115460	甄荧荧
2299	599	27552	元宵节秘境特使	2210	7685	948077	甄荧荧
2299	607	27552	元宵节秘境特使	23735	26547	1083388	甄荧荧
2299	623	27552	元宵节秘境特使	33065	14626	1063579	甄荧荧
2300	6	103373	武林争霸赛接引人	91676	70051	1058752	闻千瞬
2301	108	103373	武林争霸赛接引人	67811	72366	1073920	闻千瞬
2302	194	103373	武林争霸赛接引人	18107	69896	1141056	闻千瞬
2303	332	103373	武林争霸赛接引人	82755	99866	1053504	闻千瞬
2304	172	103373	武林争霸赛接引人	60396	47805	1125440	闻千瞬
2305	156	103373	武林争霸赛接引人	59704	110618	1064448	闻千瞬
2306	15	103373	武林争霸赛接引人	59326	110830	1064512	闻千瞬
2307	8	103373	武林争霸赛接引人	13689	86249	1063040	闻千瞬
2308	5	103373	武林争霸赛接引人	44092	32742	1122432	闻千瞬
2309	2	103373	武林争霸赛接引人	48933	46373	1161216	闻千瞬
2310	11	103373	武林争霸赛接引人	56914	8754	1049856	闻千瞬
2311	7	103373	武林争霸赛接引人	27685	13351	1159104	闻千瞬
2312	16	103373	武林争霸赛接引人	21927	10392	1056960	闻千瞬
2313	102	103373	武林争霸赛接引人	25954	80675	1066496	闻千瞬
2314	122	103373	武林争霸赛接引人	80548	76811	1076032	闻千瞬
2315	49	103373	武林争霸赛接引人	66203	64865	1112768	闻千瞬
2316	159	103373	武林争霸赛接引人	63925	67976	1090304	闻千瞬
2317	150	103373	武林争霸赛接引人	57283	72035	1167936	闻千瞬
2318	193	103373	武林争霸赛接引人	46347	20416	1070208	闻千瞬
2319	213	103373	武林争霸赛接引人	85541	61416	1057792	闻千瞬
2320	243	103373	武林争霸赛接引人	81625	46381	1127104	闻千瞬
2321	333	103373	武林争霸赛接引人	109057	59404	1084544	闻千瞬
2322	419	103373	武林争霸赛接引人	63079	39561	1536832	闻千瞬
2323	464	103373	武林争霸赛接引人	48246	78427	1134208	闻千瞬
2324	194	103623	阎明	30652	16170	1117227	阎明
2325	194	103686	阎晓	30618	16019	1117113	阎晓
2326	474	103682	荀鸢				荀鸢
2330	6	8132	恶人谷战阶商	88772	74098	1054148	董海健
2330	8	8132	恶人谷战阶商	13916	81734	1060992	董海健
2330	15	8132	恶人谷战阶商	37366	111657	1065312	董海健
2330	27	8132	恶人谷战阶商	51608	69327	1114176	董海健
2330	108	8132	恶人谷战阶商	66947	59397	1074060	董海健
2330	194	8132	恶人谷战阶商	18762	59459	1143424	董海健
2330	332	8132	恶人谷战阶商	97108	96852	1054272	董海健
2331	6	8131	浩气盟战阶商	84686	74064	1054208	王雨瑶
2331	8	8131	浩气盟战阶商	13916	81734	1060992	王雨瑶
2331	15	8131	浩气盟战阶商	37366	111657	1065312	王雨瑶
2331	25	8131	浩气王雨瑶	49523	40396	1125696	王雨瑶
2331	108	8131	浩气盟战阶商	69565	62975	1074112	王雨瑶
2331	194	8131	浩气盟战阶商	20037	59473	1143424	王雨瑶
2331	332	8131	浩气盟战阶商	96335	95489	1056000	王雨瑶
2332	6	104325	阵营公告牌	68350	63243	1052730	阵营公告牌
2332	108	104325	阵营公告牌	71061	68180	1072644	阵营公告牌
2332	194	104325	阵营公告牌	22824	62020	1133890	阵营公告牌
2332	332	104325	阵营公告牌	81567	99650	1052585	阵营公告牌
2333	455	70722	庐园广记指引人	29076	8929	1057728	阎矩
2334	462	70722	庐园广记指引人	27976	49909	2407744	阎矩
2335	471	70722	庐园广记指引人	16627	18668	1058944	阎矩
2336	486	70722	庐园广记指引人	16748	18705	1058944	阎矩
2337	6	105157	名剑杯竞猜活动大使	71369	47403	1052096	李媛媛
2337	108	105157	名剑杯竞猜活动大使	73684	70091	1070784	李媛媛
2337	194	105157	名剑杯竞猜活动大使	25234	67391	1137536	李媛媛
2337	332	105157	名剑杯竞猜活动大使	65357	103005	1052224	李媛媛
2338	6	105305	修罗挑战接引人	67314	45246	1052096	地字壹壹捌
2338	108	105305	修罗挑战接引人	71343	68175	1072704	地字壹壹捌
2338	194	105305	修罗挑战接引人	25593	64015	1137536	地字壹壹捌
2338	332	105305	修罗挑战接引人	66164	102811	1052032	地字壹壹捌
2339	6	105860	梦回天宝活动大使	70461	45169	1052096	阳宝哥
2339	108	105860	梦回天宝活动大使	72175	66273	1071680	阳宝哥
2339	194	105860	梦回天宝活动大使	23053	67417	1137536	阳宝哥
2340	6	106173	大唐幻夜庆典扬州接引人	68839	51173	1054080	铃兰
2341	108	106173	大唐幻夜庆典成都接引人	71817	66822	1072256	铃兰
2342	194	106173	大唐幻夜太原入场接引人	23325	67182	1137536	铃兰
2343	332	106173	大唐幻夜侠客岛入场接引人	67997	106017	1057856	铃兰
2344	526	105512	北天药宗声望商	105252	84641	2037000	任笙黛
2345	6	111554	“行寻百绛”活动接引人	71183	47639	1052096	燕罗坊掌柜
2345	108	111554	“行寻百绛”活动接引人	74367	70047	1070784	燕罗坊掌柜
2345	194	111554	“行寻百绛”活动接引人	25330	67071	1137536	燕罗坊掌柜
2345	332	111554	“行寻百绛”活动接引人	65880	104819	1052032	燕罗坊掌柜
2346	108	106199	闻千瞬	73252	68761	1070694	闻千瞬
2347	105	106933	执笔官	120649	19402	1062512	执笔官
2348	105	106937	虞风华	113528	8314	1056940	虞风华
2349	105	106934	物资官	120560	19320	1062512	物资官
2350	525	105868	蚀毒巨尸	77577	18660	918656	蚀毒巨尸
2351	526	51479	勤修不辍・打坐	102009	90431	2034240	打坐区域
2352	526	107426	北天药宗习武区域	101732	89931	2034240	北天药宗大师姐
2353	525	107714	蚕丛寨声望商	123836	117581	1098880	蘅岳
2354	108	107829		65304	67302	1072704	稻花风月沈剑心
2355	15	107829		48406	107142	1061760	稻花风月沈剑心
2356	8	107829		29067	94890	1065984	稻花风月沈剑心
2357	6	107829		69111	47260	1052096	稻花风月沈剑心
2358	332	107829		72101	82543	1050880	稻花风月沈剑心
2359	194	107829		23645	65682	1137536	稻花风月沈剑心
2360	525	103571		95027	128426	1038528	衣旎
2361	6	59675	“冰雪盛会”活动商店	68489	51177	1053952	道成功
2361	108	59675	“冰雪盛会”活动商店	71715	67068	1072384	道成功
2361	194	59675	“冰雪盛会”活动商店	23359	67320	1137536	道成功
2361	332	59675	“冰雪盛会”活动商店	67584	106399	1057856	道成功
2361	526	59675	“冰雪盛会”活动商店	82033	109183	2189533	道成功
2362	526	108084	“速滑挑战”接引人	81869	108534	2189504	江乘风
2363	583	108182	“冰上曼舞”接引人	8856	4151	2024832	乔源智
2364	108	108149		71172	71101	1074560	杨升平
2365	525	108133	百战铸神兵	65698	1927	941824	朽月
2366	526	104684	陈月	98766	89261	2037504	陈月
2367	6	108379	烟花燃放处	69123	49444	1054656	烟花赏位
2368	108	108379	烟花燃放处	65684	67299	1072768	烟花赏位
2369	526	108379	烟花燃放处	109694	105438	2022272	烟花赏位
2370	6	108382	拾取奖励处	69317	46947	1051896	宝堆
2370	8	108382	拾取奖励处	28787	94723	1065848	宝堆
2370	15	108382	拾取奖励处	48173	106456	1061560	宝堆
2370	108	108382	拾取奖励处	66202	67063	1072504	宝堆
2370	194	108382	拾取奖励处	23645	65482	1137336	宝堆
2370	332	108382	拾取奖励处	72529	82638	1050680	宝堆
2370	526	108382	拾取奖励处	105948	101184	2023104	宝堆
2371	102	108306	陈月	120825	59355	1079252	陈月
2372	239	108309	曹雪阳	67400	26371	1093312	曹雪阳
2373	239	108951	许满道	67290	26302	1093312	许满道
2374	74	100398	梅墨	13456	12379	1104320	梅墨
2375	108	109608	羊村大作战接引狼	63488	67500	1075712	灰太狼
2376	332	109608	羊村大作战接引狼	64718	104033	1052096	灰太狼
2377	6	109710	节日限定兑换使者	69373	46430	1052096	美羊羊
2378	108	109710	节日限定兑换使者	63488	67112	1075712	美羊羊
2379	332	109710	节日限定兑换使者	64709	103596	1052096	美羊羊
2380	6	109608	羊村大作战接引狼	68726	46481	1052096	灰太狼
2381	590	109710	节日限定兑换使者	12176	7042	1063232	美羊羊
2382	590	109608	羊村大作战接引狼	12230	6582	1063424	灰太狼
2383	6	109733	羊村观光接引羊	69052	46431	1052096	喜羊羊
2384	108	109733	羊村观光接引羊	63475	67303	1075712	喜羊羊
2385	332	109733	羊村观光接引羊	64721	103824	1052096	喜羊羊
2386	455	99175	家园管家雇佣	28726	9457	1058112	纪得清
2386	462	99175	家园管家雇佣	28020	50740	2408704	纪得清
2386	471	99175	家园管家雇佣	15896	20102	1058944	纪得清
2386	486	99175	家园管家雇佣	15896	20102	1058944	纪得清
2387	15	110356	沈剑心	51060	81783	1060480	沈剑心
2388	151	110044		39020	31265	1064894	康宴别
2389	7	110045		87175	45547	1203503	康宴别
2390	475	110046		32237	8977	1068536	康宴别
2391	475	110057		99807	113108	1158003	康宴别
2392	475	110048		13014	8676	1052568	康宴别
2393	475	110058		36257	112057	1098253	康宴别
2394	525	110087		47233	103976	1031977	沐晴柔
2395	108	110097		62853	64810	1072687	沐晴柔
2396	105	110091		74745	41394	1057291	沐晴柔
2397	105	110071		68460	23025	1069877	沐晴柔
2398	215	110088		81216	111212	1157488	沐晴柔
2399	105	110100		73328	46742	1055308	沐晴柔
2400	108	110154	唐小珂的机关小猪	73247	69636	1070755	小粉猪
2401	122	110161	唐小珂的机关小猪	101242	74065	1079366	小黑猪
2402	21	110158	唐小珂的机关小猪	43999	43015	1059469	小花猪
2403	526	103373	武林争霸赛接引人	98106	84824	2032192	闻千瞬
2404	6	110917	游园会检票机器人	42042	73583	1049728	阿甘
2405	6	110875		42098	73338	1049728	沈剑心
2406	591	111341	柳惊涛	9455	8120	1176629	柳惊涛
2407	591	111758	柳璃	9458	8015	1176629	柳璃
2408	579	110275	白非人	126199	23691	1056778	白非人
2409	580	110353	岑伤	106189	3010	1067758	岑伤
2410	581	110184	龙一荡	17534	75787	1048501	龙一荡
2411	582	110450	尤珈罗摩	64805	34497	1069742	尤珈罗摩
2412	243	111828	霸刀山庄・大婚接引人	79498	102789	1172995	柳屏屏
2413	627	112577	千里伐逐接引人	70225	17272	1061997	纪昌淼
2414	627	112779	千里伐逐接引人	70639	10057	1062059	林明旭
2415	627	110590	浩气盟和正先锋	70404	10054	1062080	文韬
2416	627	110591	恶人谷恣桀先锋	70454	17313	1062016	王松
2417	579	109371	何海	110367	79297	1049856	何海
2418	581	109450	船夫	32919	118811	1049216	船夫
2419	627	110592	浩气盟和正先锋小队声望商	70404	10054	1062080	李青
2420	627	110593	恶人谷恣桀先锋小队声望商	70617	17277	1062016	柳莫识
2421	578	108484	刀宗声望商	118298	105935	1060608	水行天
2422	582	111762	茶馆老板娘	23526	24273	1047718	赵云睿
2423	578	113094	刀宗习武区域	106439	104314	1053504	刀宗大师兄
2424	578	51479	勤修不辍・打坐	106077	104291	1053504	打坐区域
2425	35	113370	活动任务・往事追忆	74331	65571	1169719	活动任务・往事追忆
2426	582	112790	楚天社名望商	59375	66884	1046995	宋千帆
2427	582	111130	阮梅	102644	66716	1048704	阮梅
2428	6	65041	乐游纪接引人	87216	73648	1054976	方缘音
2429	108	65041	乐游纪接引人	68748	61621	1074112	方缘音
2430	194	65041	乐游纪接引人	19545	59708	1143296	方缘音
2431	332	65041	乐游纪接引人	97679	94199	1057536	方缘音
2432	6	111455	百战异闻录接引人	67296	45230	1052096	汪小天
2432	108	111455	百战异闻录接引人	71474	68174	1072704	汪小天
2432	194	111455	百战异闻录接引人	25412	63949	1137536	汪小天
2432	332	111455	百战异闻录接引人	66118	102852	1052032	汪小天
2433	6	69344	薪火互助	71033	47075	1052096	江南南
2433	108	69344	薪火互助	74114	70679	1070784	江南南
2434	159	50817	门派事件・丐帮	17454	109495	1119936	丐帮弟子
2435	21	30409	据点总管・巴陵逐鹿坪	39587	57726	1058880	据点总管
2435	23	30409	据点总管・龙门飞沙关	29357	92405	1055104	据点总管
2435	153	30409	据点总管・马嵬驿世外坡	72087	16055	1226624	据点总管
2436	21	36387	据点总管・巴陵盘龙坞	8937	36907	1057472	据点总管
2436	23	36388	据点总管・龙门客栈	48239	37101	1055680	据点总管
2437	578	108526	刀宗掌门	112367	114196	1061546	谢云流
2438	108	9890	信使	64564	71769	1072704	广都镇信使
2439	332	4705	信使	79413	103476	1056128	信使
2440	194	37117	信使	15820	61347	1142976	太原城信使
2441	6	120620	尘世曼舞接引人	71255	45777	1052096	乐小天
2441	8	120620	尘世曼舞接引人	28447	88928	1059008	乐小天
2441	15	120620	尘世曼舞接引人	47257	103126	1061888	乐小天
2441	108	120620	尘世曼舞接引人	72609	66008	1070912	乐小天
2441	194	120620	尘世曼舞接引人	23901	67432	1137536	乐小天
2441	332	120620	尘世曼舞接引人	68344	105870	1057600	乐小天
2442	6	120918		71065	46725	1052352	寻绎天机货品
2442	108	120918		74058	71358	1071104	寻绎天机货品
2442	194	120918		25799	65819	1137792	寻绎天机货品
2442	332	120918		65022	103840	1052416	寻绎天机货品
2443	634	120902	寻绎天机兑换商店	16342	17252	1053056	天小灯
2444	6	120905	天街灯市接引人	71041	46465	1052096	天小灯
2445	108	120905	天街灯市接引人	74284	71074	1070848	天小灯
2446	194	120905	天街灯市接引人	25602	66275	1137536	天小灯
2447	332	120905	天街灯市接引人	66110	103967	1052032	天小灯
2448	634	120916	李星云	16070	17262	1052954	李星云
2449	580	122195		81065	45068	1110849	穆玄英
2450	580	122198		81455	42503	1110849	陶寒亭
2451	582	122157		71832	65929	1047296	白七
2452	582	122092		71057	67173	1047488	闻千瞬
2453	194	60212	李渡鬼域接引人	19584	59384	1143104	曲小宝
2454	627	110353	岑伤	106189	3010	1067758	岑伤
2455	627	110275	白非人	106189	3010	1067758	白非人
2456	627	110184	龙一荡	106189	3010	1067758	龙一荡
2457	627	110450	尤珈罗摩	106189	3010	1067758	尤珈罗摩
2458	627	100506	宗朗	106189	3010	1067758	宗朗
2459	627	105868	蚀毒巨尸	106189	3010	1067758	蚀毒巨尸
2460	627	100509	唐阙	106189	3010	1067758	唐阙
2461	627	100817	土行孙	106189	3010	1067758	土行孙
2462	627	100574	桑乔	106189	3010	1067758	桑乔
2463	582	122881		24050	26211	1047723	月嘉禾
2464	581	123020	程知赋	87107	42005	1119643	程知赋
2465	582	122884		39714	52768	1048384	月嘉禾
2466	581	122893		22752	30563	1057600	闻千瞬
2467	108	123175	[张家界・相遇]接引人	59239	64932	1072704	胡悠悠
2468	194	123175	[张家界・相遇]接引人	26488	63040	1133568	胡悠悠
2469	332	123175	[张家界・相遇]接引人	69200	88562	1049600	胡悠悠
2470	6	123175	[张家界・相遇]接引人	73992	45648	1052800	胡悠悠
2471	332	25635	余半仙	90332	91673	1049542	余半仙
2472	652	123600	沙海行约货品	2940	8983	1056304	佘婵
2473	108	123617		75350	70832	1070784	沙海行约货品
2474	6	123617		71363	46561	1052096	沙海行约货品
2475	194	123617		25707	64987	1137536	沙海行约货品
2476	332	123617		64862	104877	1052096	沙海行约货品
2477	108	123569	落日丘接引人	74284	71074	1070848	夏拉派蒂
2478	6	123569	落日丘接引人	71041	46465	1052096	夏拉派蒂
2479	194	123569	落日丘接引人	25602	66275	1137536	夏拉派蒂
2480	332	123569	落日丘接引人	66110	103967	1052032	夏拉派蒂
2481	578	103373	武林争霸赛接引人	109396	104643	1055872	闻千瞬
2482	652	123601	主城接引人	2886	8984	1056320	夏拉派蒂
2483	6	123867		85349	74126	1054208	小曾
2484	6	123871		89402	73636	1054208	小珍
2485	108	123867		69502	63076	1074112	小曾
2486	108	123871		66777	59709	1074112	小珍
2487	194	123867		20122	59708	1143104	小曾
2488	194	123871		18679	59701	1143168	小珍
2489	332	123867		96712	95822	1056000	小曾
2490	332	123871		97646	96166	1054336	小珍
2491	159	123481	曾莲	122891	19726	1093614	曾莲
2492	159	123902	刘金刀	117267	11301	1093693	刘金刀
2493	159	123914	郭珠	108390	8097	1105040	郭珠
2494	6	201150	<八荒衡鉴>接引人	70811	47344	1052096	季斯年
2495	108	201150	<八荒衡鉴>接引人	71571	68058	1072704	季斯年
2496	194	201150	<八荒衡鉴>接引人	23372	63770	1137536	季斯年
2497	332	201150	<八荒衡鉴>接引人	66305	104065	1052032	季斯年
2498	565	108118	私邸奉引	2421	1245	1056512	何千千
2499	582	111762	贺闲茶具	24294	24994	1047744	贺闲茶具
2500	213	123408		121537	63450	1062863	贺闲
2501	582	123412		30763	83145	1067264	贺闲
2502	213	124479		121363	63508	1062912	书卷
2503	6	124087		35236	70741	1046464	黄明曲
2504	108	124087		74371	70461	1070784	黄明曲
2505	194	124087		25565	66676	1137536	黄明曲
2506	332	124087		66708	104871	1054016	黄明曲
2507	6	125422	巅峰阵营战	69140	66523	1051968	巅峰阵营战宝堆
2508	108	125422	巅峰阵营战	65675	67291	1072768	巅峰阵营战宝堆
2509	194	125422	巅峰阵营战	24286	65694	1137536	巅峰阵营战宝堆
2510	332	125422	巅峰阵营战	66286	104820	1052032	巅峰阵营战宝堆
2511	213	125387		104979	61397	1058752	秦潼
2512	213	125724		106129	49057	1058112	贺闲
2513	647	125789		128021	109676	1786688	九老洞
2514	6	36788	铸造工具台	53419	58227	1050944	郑铸
2514	8	2268	铸造工具台	35104	86016	1057856	叶之天
2514	15	3517	铸造工具台	56359	116544	1065792	陈泰
2514	108	14365	铸造工具台	62589	62373	1072704	谭奇山
2514	194	36788	铸造工具台	15516	76790	1137856	郑铸
2514	332	9878	铸造工具台	89112	99945	1049920	崔千铠
2515	6	7597	大药臼	57364	61526	1052032	清风
2515	8	3520	大药臼	36276	83946	1057088	郑佳成
2515	15	3120	大药臼	25179	45766	1064064	郑玲珑
2515	108	9865	大药臼	62712	64237	1072704	杜离亨
2515	194	42385	大药臼	17040	74717	1137920	蒙风行
2516	6	2281	炉灶	58568	56323	1050880	香大宝
2516	8	2343	炉灶	60317	21076	1083712	刘贺
2516	8	814	炉灶	30602	84794	1053504	蔡柄乾
2516	15	3761	炉灶	52474	115319	1065792	尹伊
2516	108	9866	炉灶	63743	63838	1072704	常伊畅
2516	194	9866	炉灶	17006	76893	1137920	常伊畅
2516	332	9769	炉灶	98139	89915	1050240	李虬髯
2517	6	2278	印染工作台	55668	58841	1051072	牛千针
2517	8	2319	印染工具台	35964	86153	1057984	宣忆波
2517	15	3758	印染工具台	55296	112957	1063872	朱雁卿
2517	108	9874	印染工具台	63813	61619	1072704	卓桂莲
2517	194	14364	印染工具台	13878	75449	1137920	阿狸婆婆
2517	332	9880	印染工具台	89091	78650	1050368	素焕秀
2518	6	70717	梓匠台	53902	56626	1050880	严小六
2518	108	70717	梓匠台	61520	62434	1072704	严小六
2518	194	70717	梓匠台	15868	74595	1137856	严小六
2518	332	70717	梓匠台	89698	100176	1049728	严小六
2519	647	126241		90542	66844	1780736	放生台
2520	647	123508	云从社名望商	49470	24087	1604381	阮三醒
2521	642	51479	勤修不辍・打坐	20141	99266	840960	打坐区域
2522	642	125977	万灵山庄习武区域	20858	99228	842944	万灵山庄大师姐
2523	642	125374	万灵山庄声望商	21281	100867	841947	秃秃
2524	642	126220	大唐小黑守护使	45698	34761	830656	颂南云
2525	6	126234	建木海接引人	70712	45991	1052096	小黑
2525	108	126234	建木海接引人	73973	70545	1070784	小黑
2525	194	126234	建木海接引人	25491	66085	1137536	小黑
2525	332	126234	建木海接引人	66108	104588	1052032	小黑
2526	6	126248		70805	46223	1052096	小黑奇遇记货品
2526	108	126248		73910	70720	1070784	小黑奇遇记货品
2526	194	126248		25550	66292	1137536	小黑奇遇记货品
2526	332	126248		66129	104792	1052096	小黑奇遇记货品
