Name	TabType	ItemIndex	RandSeed	CountLimit	Durability	ReputeLevel	Price	RequireAchievementRecord	RequireLevel	IsValid	CoinType1	CoinAmount1	Contribution	Prestige	AchievementPoint	ItemType1	ItemIndex1	ItemCount1	MentorValue	RequireTitle	Justice	ExamPrint	ArenaAward	ActivityAward	RequireCorpsValue	MaskCorpsNeedToCheck	CanReturn	TongReputation	TongFund	RequireArenaLevel	RequireArenaLevelExcept2v2	Position	nPercentByGameDesign	BeginSellTime	PlayerRemoteDataPos	PlayerRemoteDataLength	PlayerBuyLimit
悟柏	CustomWeapon	3576	0	-1	-1	0	2000000			1						5	9839	1									1					近程武器	0.4				
禅松	CustomWeapon	3577	0	-1	-1	0	2000000			1						5	9839	1									1					近程武器	0.4				
武魄	CustomWeapon	3578	0	-1	-1	0	2000000			1						5	9839	1									1					近程武器	0.4				
英魂	CustomWeapon	3579	0	-1	-1	0	2000000			1						5	9839	1									1					近程武器	0.4				
覆雨	CustomWeapon	3571	0	-1	-1	0	2000000			1						5	9839	1									1					近程武器	0.4				
升晖	CustomWeapon	3572	0	-1	-1	0	2000000			1						5	9839	1									1					近程武器	0.4				
起荫	CustomWeapon	3573	0	-1	-1	0	2000000			1						5	9839	1									1					近程武器	0.4				
划穹	CustomWeapon	3574	0	-1	-1	0	2000000			1						5	9839	1									1					近程武器	0.4				
雅池	CustomWeapon	3575	0	-1	-1	0	2000000			1						5	9839	1									1					近程武器	0.4				
千汇	CustomWeapon	3580	0	-1	-1	0	2000000			1						5	9839	1									1					近程武器	0.4				
百纳	CustomWeapon	3581	0	-1	-1	0	2000000			1						5	9839	1									1					近程武器	0.4				
翻云	CustomWeapon	3570	0	-1	-1	0	1000000			1						5	9839	1									1					近程武器	0.4				
万鬼	CustomWeapon	3582	0	-1	-1	0	2000000			1						5	9839	1									1					近程武器	0.4				
济灵	CustomWeapon	3583	0	-1	-1	0	2000000			1						5	9839	1									1					近程武器	0.4				
飞鸿	CustomWeapon	4658	0	-1	-1	0	2000000			1						5	9839	1									1					近程武器	0.4				
幻翼	CustomWeapon	4659	0	-1	-1	0	2000000			1						5	9839	1									1					近程武器	0.4				
电萦刀	CustomWeapon	5896	0	-1	-1	0	2000000			1						5	9839	1									1					近程武器	0.4				
雷惊刃	CustomWeapon	5895	0	-1	-1	0	2000000			1						5	9839	1									1					近程武器	0.4				
鹤火	CustomWeapon	6803	0	-1	-1	0	2000000			1						5	9839	1									1					近程武器	0.4				
满目空	CustomWeapon	9503	0	-1	-1	0	2000000			1						5	9839	1									1					近程武器	0.4				
无缘终	CustomWeapon	9504	0	-1	-1	0	2000000			1						5	9839	1									1					近程武器	0.4				
顾阳	CustomWeapon	11394	0	-1	-1	0	2000000			1						5	9839	1									1					近程武器	0.4				
亦宸	CustomWeapon	11395	0	-1	-1	0	2000000			1						5	9839	1									1					近程武器	0.4				
孑遗	CustomWeapon	14424	0	-1	-1	0	2000000			1						5	9839	1									1					近程武器	0.4				
菩提木	CustomWeapon	10058	0	-1	-1	0	3100000			1						5	22516	1									1					近程武器	0.4				
十方净土	CustomWeapon	10059	0	-1	-1	0	3100000			1						5	22516	1									1					近程武器	0.4				
嗔心	CustomWeapon	10060	0	-1	-1	0	3100000			1						5	22516	1									1					近程武器	0.4				
淳德全道	CustomWeapon	10061	0	-1	-1	0	3100000			1						5	22516	1									1					近程武器	0.4				
奇正相变	CustomWeapon	10062	0	-1	-1	0	3100000			1						5	22516	1									1					近程武器	0.4				
将握	CustomWeapon	10063	0	-1	-1	0	3100000			1						5	22516	1									1					近程武器	0.4				
翼若垂云	CustomWeapon	10064	0	-1	-1	0	3100000			1						5	22516	1									1					近程武器	0.4				
南冥天池	CustomWeapon	10065	0	-1	-1	0	3100000			1						5	22516	1									1					近程武器	0.4				
秋宴凝	CustomWeapon	10066	0	-1	-1	0	3100000			1						5	22516	1									1					近程武器	0.4				
陌上桑兰	CustomWeapon	10067	0	-1	-1	0	3100000			1						5	22516	1									1					近程武器	0.4				
千蛛噬	CustomWeapon	10068	0	-1	-1	0	3100000			1						5	22516	1									1					近程武器	0.4				
枕郎梦	CustomWeapon	10069	0	-1	-1	0	3100000			1						5	22516	1									1					近程武器	0.4				
蜀门青	CustomWeapon	10070	0	-1	-1	0	3100000			1						5	22516	1									1					近程武器	0.4				
射月归	CustomWeapon	10071	0	-1	-1	0	3100000			1						5	22516	1									1					近程武器	0.4				
星绕云	CustomWeapon	10072	0	-1	-1	0	3100000			1						5	22516	1									1					近程武器	0.4				
月隐山	CustomWeapon	10073	0	-1	-1	0	1500000			1						5	22516	1									1					近程武器	0.4				
天地豪	CustomWeapon	10074	0	-1	-1	0	3100000			1						5	22516	1									1					近程武器	0.4				
火燃山	CustomWeapon	10075	0	-1	-1	0	3100000			1						5	22516	1									1					近程武器	0.4				
斡阴阳	CustomWeapon	10076	0	-1	-1	0	3100000			1						5	22516	1									1					近程武器	0.4				
鸣玉鸾	CustomWeapon	10077	0	-1	-1	0	3100000			1						5	22516	1									1					近程武器	0.4				
背滚金珠	CustomWeapon	10078	0	-1	-1	0	3100000			1						5	22516	1									1					近程武器	0.4				
鸳鸯弄	CustomWeapon	11870	0	-1	-1	0	3100000			1						5	22516	1									1					近程武器	0.4				
七弦渡江	CustomWeapon	11871	0	-1	-1	0	3100000			1						5	22516	1									1					近程武器	0.4				
观行	CustomWeapon	14499	0	-1	-1	0	3100000			1						5	22516	1									1					近程武器	0.4				
真鸿	CustomWeapon	10636	0	-1	-1	0	3200000			1						5	23331	1									1					近程武器	0.4				
万劫	CustomWeapon	10637	0	-1	-1	0	3200000			1						5	23331	1									1					近程武器	0.4				
简书	CustomWeapon	10638	0	-1	-1	0	3200000			1						5	23331	1									1					近程武器	0.4				
潇湘夜	CustomWeapon	10639	0	-1	-1	0	3200000			1						5	23331	1									1					近程武器	0.4				
马踏红霓	CustomWeapon	10640	0	-1	-1	0	3200000			1						5	23331	1									1					近程武器	0.4				
天子不伐	CustomWeapon	10641	0	-1	-1	0	3200000			1						5	23331	1									1					近程武器	0.4				
太沙紫蒲	CustomWeapon	10642	0	-1	-1	0	3200000			1						5	23331	1									1					近程武器	0.4				
仰太清	CustomWeapon	10643	0	-1	-1	0	3200000			1						5	23331	1									1					近程武器	0.4				
剪秋月	CustomWeapon	10644	0	-1	-1	0	3200000			1						5	23331	1									1					近程武器	0.4				
兰芷玉人	CustomWeapon	10645	0	-1	-1	0	3200000			1						5	23331	1									1					近程武器	0.4				
花说	CustomWeapon	10646	0	-1	-1	0	3200000			1						5	23331	1									1					近程武器	0.4				
拥仙	CustomWeapon	10647	0	-1	-1	0	3200000			1						5	23331	1									1					近程武器	0.4				
雪鹰	CustomWeapon	10648	0	-1	-1	0	3200000			1						5	23331	1									1					近程武器	0.4				
探花	CustomWeapon	10649	0	-1	-1	0	3200000			1						5	23331	1									1					近程武器	0.4				
秦云古柳	CustomWeapon	10650	0	-1	-1	0	3200000			1						5	23331	1									1					近程武器	0.4				
龙楼游凤	CustomWeapon	10651	0	-1	-1	0	1600000			1						5	23331	1									1					近程武器	0.4				
梨歌踏	CustomWeapon	10652	0	-1	-1	0	3200000			1						5	23331	1									1					近程武器	0.4				
星沙火	CustomWeapon	10653	0	-1	-1	0	3200000			1						5	23331	1									1					近程武器	0.4				
银光洗月	CustomWeapon	10654	0	-1	-1	0	3200000			1						5	23331	1									1					近程武器	0.4				
霜天曙	CustomWeapon	10655	0	-1	-1	0	3200000			1						5	23331	1									1					近程武器	0.4				
桑梓远	CustomWeapon	10656	0	-1	-1	0	3200000			1						5	23331	1									1					近程武器	0.4				
芙蓉盏	CustomWeapon	11922	0	-1	-1	0	3200000			1						5	23331	1									1					近程武器	0.4				
春雪透酥	CustomWeapon	11923	0	-1	-1	0	3200000			1						5	23331	1									1					近程武器	0.4				
骨横	CustomWeapon	14508	0	-1	-1	0	3200000			1						5	23331	1									1					近程武器	0.4				
除业棍	CustomWeapon	12874	0	-1	-1	0	5600000			1						5	26120	1									1					近程武器	0.4				
抱幽棍	CustomWeapon	12875	0	-1	-1	0	5600000			1						5	26120	1									1					近程武器	0.4				
黄埃笔	CustomWeapon	12876	0	-1	-1	0	5600000			1						5	26120	1									1					近程武器	0.4				
山川泪笔	CustomWeapon	12877	0	-1	-1	0	5600000			1						5	26120	1									1					近程武器	0.4				
平土枪	CustomWeapon	12878	0	-1	-1	0	5600000			1						5	26120	1									1					近程武器	0.4				
猎野枪	CustomWeapon	12879	0	-1	-1	0	5600000			1						5	26120	1									1					近程武器	0.4				
玄通剑	CustomWeapon	12880	0	-1	-1	0	5600000			1						5	26120	1									1					近程武器	0.4				
冬涉川剑	CustomWeapon	12881	0	-1	-1	0	5600000			1						5	26120	1									1					近程武器	0.4				
斜光双剑	CustomWeapon	12882	0	-1	-1	0	5600000			1						5	26120	1									1					近程武器	0.4				
风云朝夕剑	CustomWeapon	12883	0	-1	-1	0	5600000			1						5	26120	1									1					近程武器	0.4				
梅郊笛	CustomWeapon	12884	0	-1	-1	0	5600000			1						5	26120	1									1					近程武器	0.4				
奇弄笛	CustomWeapon	12885	0	-1	-1	0	5600000			1						5	26120	1									1					近程武器	0.4				
浮埃弩	CustomWeapon	12886	0	-1	-1	0	5600000			1						5	26120	1									1					近程武器	0.4				
凤吹弩	CustomWeapon	12887	0	-1	-1	0	5600000			1						5	26120	1									1					近程武器	0.4				
北斗轻剑	CustomWeapon	12888	0	-1	-1	0	5600000			1						5	26120	1									1					近程武器	0.4				
扶桑重剑	CustomWeapon	12889	0	-1	-1	0	2800000			1						5	26120	1									1					近程武器	0.4				
孟冬棒	CustomWeapon	12890	0	-1	-1	0	5600000			1						5	26120	1									1					近程武器	0.4				
清嘉双刀	CustomWeapon	12891	0	-1	-1	0	5600000			1						5	26120	1									1					近程武器	0.4				
朝霜双刀	CustomWeapon	12892	0	-1	-1	0	5600000			1						5	26120	1									1					近程武器	0.4				
雁南征	CustomWeapon	12893	0	-1	-1	0	5600000			1						5	26120	1									1					近程武器	0.4				
雁高飞	CustomWeapon	12894	0	-1	-1	0	5600000			1						5	26120	1									1					近程武器	0.4				
佩玉琴	CustomWeapon	12895	0	-1	-1	0	5600000			1						5	26120	1									1					近程武器	0.4				
南浦琴	CustomWeapon	12896	0	-1	-1	0	5600000			1						5	26120	1									1					近程武器	0.4				
沅芷刀	CustomWeapon	14549	0	-1	-1	0	5600000			1						5	26120	1									1					近程武器	0.4				
何昔棍	CustomWeapon	13710	0	-1	-1	0	6000000			1						5	27649	1									1					近程武器	0.4				
天清棍	CustomWeapon	13711	0	-1	-1	0	6000000			1						5	27649	1									1					近程武器	0.4				
陶斯笔	CustomWeapon	13712	0	-1	-1	0	6000000			1						5	27649	1									1					近程武器	0.4				
绿水笔	CustomWeapon	13713	0	-1	-1	0	6000000			1						5	27649	1									1					近程武器	0.4				
藏仙枪	CustomWeapon	13714	0	-1	-1	0	6000000			1						5	27649	1									1					近程武器	0.4				
高族枪	CustomWeapon	13715	0	-1	-1	0	6000000			1						5	27649	1									1					近程武器	0.4				
嗟月剑	CustomWeapon	13716	0	-1	-1	0	6000000			1						5	27649	1									1					近程武器	0.4				
飞岫剑	CustomWeapon	13717	0	-1	-1	0	6000000			1						5	27649	1									1					近程武器	0.4				
玄灵双剑	CustomWeapon	13718	0	-1	-1	0	6000000			1						5	27649	1									1					近程武器	0.4				
落月双剑	CustomWeapon	13719	0	-1	-1	0	6000000			1						5	27649	1									1					近程武器	0.4				
霓裳微笛	CustomWeapon	13720	0	-1	-1	0	6000000			1						5	27649	1									1					近程武器	0.4				
别鹤笛	CustomWeapon	13721	0	-1	-1	0	6000000			1						5	27649	1									1					近程武器	0.4				
鸣磬弩	CustomWeapon	13722	0	-1	-1	0	6000000			1						5	27649	1									1					近程武器	0.4				
游悦弩	CustomWeapon	13723	0	-1	-1	0	6000000			1						5	27649	1									1					近程武器	0.4				
金轩轻剑	CustomWeapon	13724	0	-1	-1	0	6000000			1						5	27649	1									1					近程武器	0.4				
芳宵重剑	CustomWeapon	13725	0	-1	-1	0	3000000			1						5	27649	1									1					近程武器	0.4				
星霄棒	CustomWeapon	13726	0	-1	-1	0	6000000			1						5	27649	1									1					近程武器	0.4				
郁浮弯刀	CustomWeapon	13727	0	-1	-1	0	6000000			1						5	27649	1									1					近程武器	0.4				
春阳弯刀	CustomWeapon	13728	0	-1	-1	0	6000000			1						5	27649	1									1					近程武器	0.4				
丰草盾刀	CustomWeapon	13729	0	-1	-1	0	6000000			1						5	27649	1									1					近程武器	0.4				
朱阙盾刀	CustomWeapon	13730	0	-1	-1	0	6000000			1						5	27649	1									1					近程武器	0.4				
森山琴	CustomWeapon	13731	0	-1	-1	0	6000000			1						5	27649	1									1					近程武器	0.4				
钟歌琴	CustomWeapon	13732	0	-1	-1	0	6000000			1						5	27649	1									1					近程武器	0.4				
采珠刀	CustomWeapon	13733	0	-1	-1	0	6000000			1						5	27649	1									1					近程武器	0.4				
无忧	CustomWeapon	15128	0	-1	-1	0	6400000			1						5	28041	1									1					近程武器	0.4				
八功德	CustomWeapon	15129	0	-1	-1	0	6400000			1						5	28041	1									1					近程武器	0.4				
思青簟	CustomWeapon	15130	0	-1	-1	0	6400000			1						5	28041	1									1					近程武器	0.4				
移翠	CustomWeapon	15131	0	-1	-1	0	6400000			1						5	28041	1									1					近程武器	0.4				
陇上落月	CustomWeapon	15132	0	-1	-1	0	6400000			1						5	28041	1									1					近程武器	0.4				
孤山烽火	CustomWeapon	15133	0	-1	-1	0	6400000			1						5	28041	1									1					近程武器	0.4				
凝黛	CustomWeapon	15134	0	-1	-1	0	6400000			1						5	28041	1									1					近程武器	0.4				
攀云阶	CustomWeapon	15135	0	-1	-1	0	6400000			1						5	28041	1									1					近程武器	0.4				
别华	CustomWeapon	15136	0	-1	-1	0	6400000			1						5	28041	1									1					近程武器	0.4				
苑月	CustomWeapon	15137	0	-1	-1	0	6400000			1						5	28041	1									1					近程武器	0.4				
野塘春	CustomWeapon	15138	0	-1	-1	0	6400000			1						5	28041	1									1					近程武器	0.4				
瑶草春	CustomWeapon	15139	0	-1	-1	0	6400000			1						5	28041	1									1					近程武器	0.4				
依水竹	CustomWeapon	15140	0	-1	-1	0	6400000			1						5	28041	1									1					近程武器	0.4				
闻击筑	CustomWeapon	15141	0	-1	-1	0	6400000			1						5	28041	1									1					近程武器	0.4				
漱阳	CustomWeapon	15142	0	-1	-1	0	6400000			1						5	28041	1									1					近程武器	0.4				
含霞	CustomWeapon	15143	0	-1	-1	0	3200000			1						5	28041	1									1					近程武器	0.4				
播光	CustomWeapon	15144	0	-1	-1	0	6400000			1						5	28041	1									1					近程武器	0.4				
静映白沙	CustomWeapon	15145	0	-1	-1	0	6400000			1						5	28041	1									1					近程武器	0.4				
度陇	CustomWeapon	15146	0	-1	-1	0	6400000			1						5	28041	1									1					近程武器	0.4				
雪无烟	CustomWeapon	15147	0	-1	-1	0	6400000			1						5	28041	1									1					近程武器	0.4				
朝碧落	CustomWeapon	15148	0	-1	-1	0	6400000			1						5	28041	1									1					近程武器	0.4				
青苍雨痕	CustomWeapon	15149	0	-1	-1	0	6400000			1						5	28041	1									1					近程武器	0.4				
锁翠烟	CustomWeapon	15150	0	-1	-1	0	6400000			1						5	28041	1									1					近程武器	0.4				
苍梧	CustomWeapon	15151	0	-1	-1	0	6400000			1						5	28041	1									1					近程武器	0.4				
澄露皎彻	CustomWeapon	17167	0	-1	-1	0	6900000			1						5	29223	1									1					近程武器	0.4				
湛海浮沤	CustomWeapon	17168	0	-1	-1	0	6900000			1						5	29223	1									1					近程武器	0.4				
画上君	CustomWeapon	17169	0	-1	-1	0	6900000			1						5	29223	1									1					近程武器	0.4				
青眼客	CustomWeapon	17170	0	-1	-1	0	6900000			1						5	29223	1									1					近程武器	0.4				
海月天霜	CustomWeapon	17171	0	-1	-1	0	6900000			1						5	29223	1									1					近程武器	0.4				
雁辞旧	CustomWeapon	17172	0	-1	-1	0	6900000			1						5	29223	1									1					近程武器	0.4				
驰骤	CustomWeapon	17173	0	-1	-1	0	6900000			1						5	29223	1									1					近程武器	0.4				
万川归	CustomWeapon	17174	0	-1	-1	0	6900000			1						5	29223	1									1					近程武器	0.4				
明月逐人	CustomWeapon	17175	0	-1	-1	0	6900000			1						5	29223	1									1					近程武器	0.4				
幽痕落	CustomWeapon	17176	0	-1	-1	0	6900000			1						5	29223	1									1					近程武器	0.4				
翎归碧落	CustomWeapon	17177	0	-1	-1	0	6900000			1						5	29223	1									1					近程武器	0.4				
雀鸣铜台	CustomWeapon	17178	0	-1	-1	0	6900000			1						5	29223	1									1					近程武器	0.4				
长榆落	CustomWeapon	17179	0	-1	-1	0	6900000			1						5	29223	1									1					近程武器	0.4				
乘潮去	CustomWeapon	17180	0	-1	-1	0	6900000			1						5	29223	1									1					近程武器	0.4				
藏剑武器・曜赫麾蛟	Other	29406	0	-1	-1	0	6900000			1						5	29223	1									1					近程武器	0.4				
意犹存	CustomWeapon	17183	0	-1	-1	0	6900000			1						5	29223	1									1					近程武器	0.4				
濯鳞沧海	CustomWeapon	17184	0	-1	-1	0	6900000			1						5	29223	1									1					近程武器	0.4				
舞阳	CustomWeapon	17185	0	-1	-1	0	6900000			1						5	29223	1									1					近程武器	0.4				
辕角鸣	CustomWeapon	17186	0	-1	-1	0	6900000			1						5	29223	1									1					近程武器	0.4				
陇野茫	CustomWeapon	17187	0	-1	-1	0	6900000			1						5	29223	1									1					近程武器	0.4				
斫长鲸	CustomWeapon	17188	0	-1	-1	0	6900000			1						5	29223	1									1					近程武器	0.4				
云雨霖	CustomWeapon	17189	0	-1	-1	0	6900000			1						5	29223	1									1					近程武器	0.4				
动京华	CustomWeapon	17190	0	-1	-1	0	6900000			1						5	29223	1									1					近程武器	0.4				
何尘羁	CustomWeapon	18581	0	-1	-1	0	7400000			1						5	30197	1									1					近程武器	0.4				
玄若冥	CustomWeapon	18582	0	-1	-1	0	7400000			1						5	30197	1									1					近程武器	0.4				
太初月盈	CustomWeapon	18583	0	-1	-1	0	7400000			1						5	30197	1									1					近程武器	0.4				
昊苍	CustomWeapon	18584	0	-1	-1	0	7400000			1						5	30197	1									1					近程武器	0.4				
陵风照渊	CustomWeapon	18585	0	-1	-1	0	7400000			1						5	30197	1									1					近程武器	0.4				
悲西关	CustomWeapon	18586	0	-1	-1	0	7400000			1						5	30197	1									1					近程武器	0.4				
鸿蒙幽方	CustomWeapon	18587	0	-1	-1	0	7400000			1						5	30197	1									1					近程武器	0.4				
浮雾微	CustomWeapon	18588	0	-1	-1	0	7400000			1						5	30197	1									1					近程武器	0.4				
凌云舒卷	CustomWeapon	18589	0	-1	-1	0	7400000			1						5	30197	1									1					近程武器	0.4				
玄泉流萤	CustomWeapon	18590	0	-1	-1	0	7400000			1						5	30197	1									1					近程武器	0.4				
月星兮肃	CustomWeapon	18591	0	-1	-1	0	7400000			1						5	30197	1									1					近程武器	0.4				
朝云日暮	CustomWeapon	18592	0	-1	-1	0	7400000			1						5	30197	1									1					近程武器	0.4				
郁飞英	CustomWeapon	18593	0	-1	-1	0	7400000			1						5	30197	1									1					近程武器	0.4				
虞渊九阳	CustomWeapon	18594	0	-1	-1	0	7400000			1						5	30197	1									1					近程武器	0.4				
时逝	CustomWeapon	18597	0	-1	-1	0	7400000			1						5	30197	1									1					近程武器	0.4				
悲云凝	CustomWeapon	18598	0	-1	-1	0	7400000			1						5	30197	1									1					近程武器	0.4				
漫寒烟	CustomWeapon	18599	0	-1	-1	0	7400000			1						5	30197	1									1					近程武器	0.4				
飞锋鸣	CustomWeapon	18600	0	-1	-1	0	7400000			1						5	30197	1									1					近程武器	0.4				
幽吟	CustomWeapon	18601	0	-1	-1	0	7400000			1						5	30197	1									1					近程武器	0.4				
和璧	CustomWeapon	18602	0	-1	-1	0	7400000			1						5	30197	1									1					近程武器	0.4				
云渊	CustomWeapon	18603	0	-1	-1	0	7400000			1						5	30197	1									1					近程武器	0.4				
焕悠	CustomWeapon	18604	0	-1	-1	0	7400000			1						5	30197	1									1					近程武器	0.4				
藏剑武器・玄飞游云	Other	30249	0	-1	-1	0	7400000			1						5	30197	1									1					近程武器	0.4				
微微雨	CustomWeapon	21298	0	-1	-1	0	7400000			1						5	30197	1									1					近程武器	0.4				
万骨枯	CustomWeapon	21299	0	-1	-1	0	7400000			1						5	30197	1									1					近程武器	0.4				
灵华魂灯	CustomWeapon	26328	0	-1	-1	0	7400000			1						5	30197	1									1					近程武器	0.4				
安苒卷	CustomWeapon	30186	0	-1	-1	0	7400000			1						5	30197	1									1					近程武器	0.4				
泰逢卷	CustomWeapon	30187	0	-1	-1	0	7400000			1						5	30197	1									1					近程武器	0.4				
摩诃萨	CustomWeapon	8983	0	-1	-1	0	2900000			1						5	21409	1									1					近程武器	0.4				
菩提心	CustomWeapon	8984	0	-1	-1	0	2900000			1						5	21409	1									1					近程武器	0.4				
独南行	CustomWeapon	8987	0	-1	-1	0	2900000			1						5	21409	1									1					近程武器	0.4				
昊天重戟	CustomWeapon	8988	0	-1	-1	0	2900000			1						5	21409	1									1					近程武器	0.4				
得一	CustomWeapon	8989	0	-1	-1	0	2900000			1						5	21409	1									1					近程武器	0.4				
玄德	CustomWeapon	8990	0	-1	-1	0	2900000			1						5	21409	1									1					近程武器	0.4				
对影孤鸣	CustomWeapon	8997	0	-1	-1	0	2900000			1						5	21409	1									1					近程武器	0.4				
淑人君子	CustomWeapon	8991	0	-1	-1	0	2900000			1						5	21409	1									1					近程武器	0.4				
九皋鹤鸣	CustomWeapon	8992	0	-1	-1	0	2900000			1						5	21409	1									1					近程武器	0.4				
洲头雁	CustomWeapon	8985	0	-1	-1	0	2900000			1						5	21409	1									1					近程武器	0.4				
苕之华	CustomWeapon	8986	0	-1	-1	0	2900000			1						5	21409	1									1					近程武器	0.4				
秋江暮色	CustomWeapon	8998	0	-1	-1	0	1500000			1						5	21409	1									1					近程武器	0.4				
飘风自南	CustomWeapon	8993	0	-1	-1	0	2900000			1						5	21409	1									1					近程武器	0.4				
凤皇于飞	CustomWeapon	8994	0	-1	-1	0	2900000			1						5	21409	1									1					近程武器	0.4				
锦兽铜弩	CustomWeapon	8995	0	-1	-1	0	2900000			1						5	21409	1									1					近程武器	0.4				
金丝箭弩	CustomWeapon	8996	0	-1	-1	0	2900000			1						5	21409	1									1					近程武器	0.4				
雉于飞	CustomWeapon	9000	0	-1	-1	0	2900000			1						5	21409	1									1					近程武器	0.4				
明明九野	CustomWeapon	9001	0	-1	-1	0	2900000			1						5	21409	1									1					近程武器	0.4				
一醉万年	CustomWeapon	8999	0	-1	-1	0	2900000			1						5	21409	1									1					近程武器	0.4				
引龙驹	CustomWeapon	9913	0	-1	-1	0	2900000			1						5	21409	1									1					近程武器	0.4				
森罗士	CustomWeapon	9914	0	-1	-1	0	2900000			1						5	21409	1									1					近程武器	0.4				
意澹长风	CustomWeapon	11834	0	-1	-1	0	2900000			1						5	21409	1									1					近程武器	0.4				
烟花迟落	CustomWeapon	11835	0	-1	-1	0	2900000			1						5	21409	1									1					近程武器	0.4				
亡永刀	CustomWeapon	14492	0	-1	-1	0	2900000			1						5	21409	1									1					近程武器	0.4				
枕维棍	CustomWeapon	8669	0	-1	-1	0	2800000			1						5	20866	1									1					近程武器	0.4				
澜远棍	CustomWeapon	8670	0	-1	-1	0	2800000			1						5	20866	1									1					近程武器	0.4				
汲荣枪	CustomWeapon	8673	0	-1	-1	0	2800000			1						5	20866	1									1					近程武器	0.4				
冲南枪	CustomWeapon	8674	0	-1	-1	0	2800000			1						5	20866	1									1					近程武器	0.4				
青陌剑	CustomWeapon	8675	0	-1	-1	0	2800000			1						5	20866	1									1					近程武器	0.4				
槐清剑	CustomWeapon	8676	0	-1	-1	0	2800000			1						5	20866	1									1					近程武器	0.4				
贯微轻剑	CustomWeapon	8683	0	-1	-1	0	2800000			1						5	20866	1									1					近程武器	0.4				
疏藤双剑	CustomWeapon	8677	0	-1	-1	0	2800000			1						5	20866	1									1					近程武器	0.4				
叔夜双剑	CustomWeapon	8678	0	-1	-1	0	2800000			1						5	20866	1									1					近程武器	0.4				
空庭笔	CustomWeapon	8671	0	-1	-1	0	2800000			1						5	20866	1									1					近程武器	0.4				
季秋笔	CustomWeapon	8672	0	-1	-1	0	2800000			1						5	20866	1									1					近程武器	0.4				
苇凌重剑	CustomWeapon	8684	0	-1	-1	0	1400000			1						5	20866	1									1					近程武器	0.4				
夏木笛	CustomWeapon	8679	0	-1	-1	0	2800000			1						5	20866	1									1					近程武器	0.4				
丛兰笛	CustomWeapon	8680	0	-1	-1	0	2800000			1						5	20866	1									1					近程武器	0.4				
净牧弩	CustomWeapon	8681	0	-1	-1	0	2800000			1						5	20866	1									1					近程武器	0.4				
魄悬弩	CustomWeapon	8682	0	-1	-1	0	2800000			1						5	20866	1									1					近程武器	0.4				
澄辉双刀	CustomWeapon	8686	0	-1	-1	0	2800000			1						5	20866	1									1					近程武器	0.4				
漫奇双刀	CustomWeapon	8687	0	-1	-1	0	2800000			1						5	20866	1									1					近程武器	0.4				
霁敛棒	CustomWeapon	8685	0	-1	-1	0	2800000			1						5	20866	1									1					近程武器	0.4				
鸟噪空山	CustomWeapon	9887	0	-1	-1	0	2800000			1						5	20866	1									1					近程武器	0.4				
盈祸之倚	CustomWeapon	9888	0	-1	-1	0	2800000			1						5	20866	1									1					近程武器	0.4				
斜晖古琴	CustomWeapon	11807	0	-1	-1	0	2800000			1						5	20866	1									1					近程武器	0.4				
隔雨琴	CustomWeapon	11808	0	-1	-1	0	2800000			1						5	20866	1									1					近程武器	0.4				
天属刀	CustomWeapon	14484	0	-1	-1	0	2800000			1						5	20866	1									1					近程武器	0.4				
严故禅杖	CustomWeapon	19247	0	-1	-1	0	11100000			1						5	31317	1									1					近程武器	0.4				
如幻禅杖	CustomWeapon	19248	0	-1	-1	0	11100000			1						5	31317	1									1					近程武器	0.4				
枫浦笔	CustomWeapon	19249	0	-1	-1	0	11100000			1						5	31317	1									1					近程武器	0.4				
渺然笔	CustomWeapon	19250	0	-1	-1	0	11100000			1						5	31317	1									1					近程武器	0.4				
鹰归枪	CustomWeapon	19251	0	-1	-1	0	11100000			1						5	31317	1									1					近程武器	0.4				
攻虏枪	CustomWeapon	19252	0	-1	-1	0	11100000			1						5	31317	1									1					近程武器	0.4				
无晦剑	CustomWeapon	19253	0	-1	-1	0	11100000			1						5	31317	1									1					近程武器	0.4				
心期剑	CustomWeapon	19254	0	-1	-1	0	11100000			1						5	31317	1									1					近程武器	0.4				
情断双剑	CustomWeapon	19255	0	-1	-1	0	11100000			1						5	31317	1									1					近程武器	0.4				
旧颜双剑	CustomWeapon	19256	0	-1	-1	0	11100000			1						5	31317	1									1					近程武器	0.4				
摇枝笛	CustomWeapon	19257	0	-1	-1	0	11100000			1						5	31317	1									1					近程武器	0.4				
露洲笛	CustomWeapon	19258	0	-1	-1	0	11100000			1						5	31317	1									1					近程武器	0.4				
赤风弩	CustomWeapon	19259	0	-1	-1	0	11100000			1						5	31317	1									1					近程武器	0.4				
酣醉弩	CustomWeapon	19260	0	-1	-1	0	11100000			1						5	31317	1									1					近程武器	0.4				
辕角棒	CustomWeapon	19263	0	-1	-1	0	11100000			1						5	31317	1									1					近程武器	0.4				
修木双刀	CustomWeapon	19264	0	-1	-1	0	11100000			1						5	31317	1									1					近程武器	0.4				
曙晖双刀	CustomWeapon	19265	0	-1	-1	0	11100000			1						5	31317	1									1					近程武器	0.4				
荒西刀	CustomWeapon	19266	0	-1	-1	0	11100000			1						5	31317	1									1					近程武器	0.4				
雁戎刀	CustomWeapon	19267	0	-1	-1	0	11100000			1						5	31317	1									1					近程武器	0.4				
掩弦琴	CustomWeapon	19268	0	-1	-1	0	11100000			1						5	31317	1									1					近程武器	0.4				
香静琴	CustomWeapon	19269	0	-1	-1	0	11100000			1						5	31317	1									1					近程武器	0.4				
夜秋刀	CustomWeapon	19270	0	-1	-1	0	11100000			1						5	31317	1									1					近程武器	0.4				
魂归灵伞	CustomWeapon	19271	0	-1	-1	0	11100000			1						5	31317	1									1					近程武器	0.4				
楚天征鸿	CustomWeapon	23237	0	-1	-1	0	11100000			1						5	31317	1									1					近程武器	0.4				
镂象魂灯	CustomWeapon	26329	0	-1	-1	0	11100000			1						5	31317	1									1					近程武器	0.4				
仰止卷	CustomWeapon	30188	0	-1	-1	0	11100000			1						5	31317	1									1					近程武器	0.4				
烟途卷	CustomWeapon	30189	0	-1	-1	0	11100000			1						5	31317	1									1					近程武器	0.4				
藏剑武器・横笛楚山	Other	31731	0	-1	-1	0	11100000			1						5	31317	1									1					近程武器	0.4				
风指禅杖	CustomWeapon	22015	0	-1	-1	0	11900000			1						5	31318	1									1					近程武器	0.4				
苕华禅杖	CustomWeapon	22016	0	-1	-1	0	11900000			1						5	31318	1									1					近程武器	0.4				
咏雩笔	CustomWeapon	22017	0	-1	-1	0	11900000			1						5	31318	1									1					近程武器	0.4				
望峦笔	CustomWeapon	22018	0	-1	-1	0	11900000			1						5	31318	1									1					近程武器	0.4				
据鞍枪	CustomWeapon	22019	0	-1	-1	0	11900000			1						5	31318	1									1					近程武器	0.4				
道暨枪	CustomWeapon	22020	0	-1	-1	0	11900000			1						5	31318	1									1					近程武器	0.4				
少微剑	CustomWeapon	22021	0	-1	-1	0	11900000			1						5	31318	1									1					近程武器	0.4				
吟川剑	CustomWeapon	22022	0	-1	-1	0	11900000			1						5	31318	1									1					近程武器	0.4				
忆眉双剑	CustomWeapon	22023	0	-1	-1	0	11900000			1						5	31318	1									1					近程武器	0.4				
丰城双剑	CustomWeapon	22024	0	-1	-1	0	11900000			1						5	31318	1									1					近程武器	0.4				
寄声笛	CustomWeapon	22025	0	-1	-1	0	11900000			1						5	31318	1									1					近程武器	0.4				
除秽笛	CustomWeapon	22026	0	-1	-1	0	11900000			1						5	31318	1									1					近程武器	0.4				
夜羽匣	CustomWeapon	22027	0	-1	-1	0	11900000			1						5	31318	1									1					近程武器	0.4				
束竹匣	CustomWeapon	22028	0	-1	-1	0	11900000			1						5	31318	1									1					近程武器	0.4				
酣眠棒	CustomWeapon	22031	0	-1	-1	0	11900000			1						5	31318	1									1					近程武器	0.4				
桓山双刀	CustomWeapon	22032	0	-1	-1	0	11900000			1						5	31318	1									1					近程武器	0.4				
同生双刀	CustomWeapon	22033	0	-1	-1	0	11900000			1						5	31318	1									1					近程武器	0.4				
镇成刀	CustomWeapon	22034	0	-1	-1	0	11900000			1						5	31318	1									1					近程武器	0.4				
朱衢刀	CustomWeapon	22035	0	-1	-1	0	11900000			1						5	31318	1									1					近程武器	0.4				
展愤琴	CustomWeapon	22036	0	-1	-1	0	11900000			1						5	31318	1									1					近程武器	0.4				
盈思琴	CustomWeapon	22037	0	-1	-1	0	11900000			1						5	31318	1									1					近程武器	0.4				
昆岗刀	CustomWeapon	22038	0	-1	-1	0	11900000			1						5	31318	1									1					近程武器	0.4				
寒练伞	CustomWeapon	22039	0	-1	-1	0	11900000			1						5	31318	1									1					近程武器	0.4				
穹意链刃	CustomWeapon	23259	0	-1	-1	0	11900000			1						5	31318	1									1					近程武器	0.4				
万影魂灯	CustomWeapon	26330	0	-1	-1	0	11900000			1						5	31318	1									1					近程武器	0.4				
尚玄卷	CustomWeapon	30190	0	-1	-1	0	11900000			1						5	31318	1									1					近程武器	0.4				
塞北卷	CustomWeapon	30191	0	-1	-1	0	11900000			1						5	31318	1									1					近程武器	0.4				
藏剑武器・开顾相追	Other	32702	0	-1	-1	0	11900000			1						5	31318	1									1					近程武器	0.4				
寂历禅杖	CustomWeapon	22873	0	-1	-1	0	11900000			1						5	31319	1									1					近程武器	0.4				
静理禅杖	CustomWeapon	22874	0	-1	-1	0	11900000			1						5	31319	1									1					近程武器	0.4				
坠墨笔	CustomWeapon	22875	0	-1	-1	0	11900000			1						5	31319	1									1					近程武器	0.4				
芄兰笔	CustomWeapon	22876	0	-1	-1	0	11900000			1						5	31319	1									1					近程武器	0.4				
清瀚枪	CustomWeapon	22877	0	-1	-1	0	11900000			1						5	31319	1									1					近程武器	0.4				
松声枪	CustomWeapon	22878	0	-1	-1	0	11900000			1						5	31319	1									1					近程武器	0.4				
况清尘	CustomWeapon	22879	0	-1	-1	0	11900000			1						5	31319	1									1					近程武器	0.4				
度灵关	CustomWeapon	22880	0	-1	-1	0	11900000			1						5	31319	1									1					近程武器	0.4				
长庚初辉	CustomWeapon	22881	0	-1	-1	0	11900000			1						5	31319	1									1					近程武器	0.4				
江介湫湄	CustomWeapon	22882	0	-1	-1	0	11900000			1						5	31319	1									1					近程武器	0.4				
骼	CustomWeapon	22883	0	-1	-1	0	11900000			1						5	31319	1									1					近程武器	0.4				
远别笛	CustomWeapon	22884	0	-1	-1	0	11900000			1						5	31319	1									1					近程武器	0.4				
万象摧	CustomWeapon	22885	0	-1	-1	0	11900000			1						5	31319	1									1					近程武器	0.4				
绝踪	CustomWeapon	22886	0	-1	-1	0	11900000			1						5	31319	1									1					近程武器	0.4				
情无极	CustomWeapon	22889	0	-1	-1	0	11900000			1						5	31319	1									1					近程武器	0.4				
晴月双刀	CustomWeapon	22890	0	-1	-1	0	11900000			1						5	31319	1									1					近程武器	0.4				
同生双刀	CustomWeapon	22891	0	-1	-1	0	11900000			1						5	31319	1									1					近程武器	0.4				
百山动	CustomWeapon	22892	0	-1	-1	0	11900000			1						5	31319	1									1					近程武器	0.4				
风色寒	CustomWeapon	22893	0	-1	-1	0	11900000			1						5	31319	1									1					近程武器	0.4				
行松声	CustomWeapon	22894	0	-1	-1	0	11900000			1						5	31319	1									1					近程武器	0.4				
砚池声	CustomWeapon	22895	0	-1	-1	0	11900000			1						5	31319	1									1					近程武器	0.4				
长雪刀	CustomWeapon	22896	0	-1	-1	0	11900000			1						5	31319	1									1					近程武器	0.4				
荷芰伞	CustomWeapon	22897	0	-1	-1	0	11900000			1						5	31319	1									1					近程武器	0.4				
幽墨链刃	CustomWeapon	22898	0	-1	-1	0	11900000			1						5	31319	1									1					近程武器	0.4				
微月魂灯	CustomWeapon	26331	0	-1	-1	0	11900000			1						5	31319	1									1					近程武器	0.4				
离亭卷	CustomWeapon	30192	0	-1	-1	0	11900000			1						5	31319	1									1					近程武器	0.4				
南浦卷	CustomWeapon	30193	0	-1	-1	0	11900000			1						5	31319	1									1					近程武器	0.4				
藏剑武器・紫检灵津	Other	33470	0	-1	-1	0	11900000			1						5	31319	1									1					近程武器	0.4				
浮生闲	CustomWeapon	24304	0	-1	-1	0	11900000			1						5	31320	1									1					近程武器	0.4				
夜雪	CustomWeapon	24305	0	-1	-1	0	11900000			1						5	31320	1									1					近程武器	0.4				
溪云沉	CustomWeapon	24306	0	-1	-1	0	11900000			1						5	31320	1									1					近程武器	0.4				
远山暮	CustomWeapon	24307	0	-1	-1	0	11900000			1						5	31320	1									1					近程武器	0.4				
战沧海	CustomWeapon	24308	0	-1	-1	0	11900000			1						5	31320	1									1					近程武器	0.4				
镇江河	CustomWeapon	24309	0	-1	-1	0	11900000			1						5	31320	1									1					近程武器	0.4				
梦白驹	CustomWeapon	24310	0	-1	-1	0	11900000			1						5	31320	1									1					近程武器	0.4				
今日生	CustomWeapon	24311	0	-1	-1	0	11900000			1						5	31320	1									1					近程武器	0.4				
花落春山	CustomWeapon	24312	0	-1	-1	0	11900000			1						5	31320	1									1					近程武器	0.4				
飞鸿	CustomWeapon	24313	0	-1	-1	0	11900000			1						5	31320	1									1					近程武器	0.4				
音尘绝	CustomWeapon	24314	0	-1	-1	0	11900000			1						5	31320	1									1					近程武器	0.4				
风雨微尘	CustomWeapon	24315	0	-1	-1	0	11900000			1						5	31320	1									1					近程武器	0.4				
兰生幽谷	CustomWeapon	24316	0	-1	-1	0	11900000			1						5	31320	1									1					近程武器	0.4				
舟在江海	CustomWeapon	24317	0	-1	-1	0	11900000			1						5	31320	1									1					近程武器	0.4				
人情世路	CustomWeapon	24320	0	-1	-1	0	11900000			1						5	31320	1									1					近程武器	0.4				
天地万古	CustomWeapon	24321	0	-1	-1	0	11900000			1						5	31320	1									1					近程武器	0.4				
人生百年	CustomWeapon	24322	0	-1	-1	0	11900000			1						5	31320	1									1					近程武器	0.4				
关山不越	CustomWeapon	24323	0	-1	-1	0	11900000			1						5	31320	1									1					近程武器	0.4				
长河霜寒	CustomWeapon	24324	0	-1	-1	0	11900000			1						5	31320	1									1					近程武器	0.4				
琴剑江天	CustomWeapon	24325	0	-1	-1	0	11900000			1						5	31320	1									1					近程武器	0.4				
弦弹夜月	CustomWeapon	24326	0	-1	-1	0	11900000			1						5	31320	1									1					近程武器	0.4				
雪照衣	CustomWeapon	24327	0	-1	-1	0	11900000			1						5	31320	1									1					近程武器	0.4				
碧涛秋瑟	CustomWeapon	24328	0	-1	-1	0	11900000			1						5	31320	1									1					近程武器	0.4				
止水	CustomWeapon	24329	0	-1	-1	0	11900000			1						5	31320	1									1					近程武器	0.4				
星衣魂灯	CustomWeapon	26332	0	-1	-1	0	11900000			1						5	31320	1									1					近程武器	0.4				
相寻卷	CustomWeapon	30194	0	-1	-1	0	11900000			1						5	31320	1									1					近程武器	0.4				
诗酒卷	CustomWeapon	30195	0	-1	-1	0	11900000			1						5	31320	1									1					近程武器	0.4				
藏剑武器・广泽云中	Other	35536	0	-1	-1	0	11900000			1						5	31320	1									1					近程武器	0.4				
