SetID	UIID	ReplaceUIID	Desc
0	0	0	
275	27382	27448	
275	27393	27459	
275	27404	27470	
275	27415	27481	
275	27426	27492	
275	27437	27503	
276	27383	27449	
276	27394	27460	
276	27405	27471	
276	27416	27482	
276	27427	27493	
276	27438	27504	
277	27384	27450	
277	27395	27461	
277	27406	27472	
277	27417	27483	
277	27428	27494	
277	27439	27505	
278	27385	27451	
278	27396	27462	
278	27407	27473	
278	27418	27484	
278	27429	27495	
278	27440	27506	
279	27386	27452	
279	27397	27463	
279	27408	27474	
279	27419	27485	
279	27430	27496	
279	27441	27507	
280	27387	27453	
280	27398	27464	
280	27409	27475	
280	27420	27486	
280	27431	27497	
280	27442	27508	
281	27388	27454	
281	27399	27465	
281	27410	27476	
281	27421	27487	
281	27432	27498	
281	27443	27509	
282	27389	27455	
282	27400	27466	
282	27411	27477	
282	27422	27488	
282	27433	27499	
282	27444	27510	
283	27390	27456	
283	27401	27467	
283	27412	27478	
283	27423	27489	
283	27434	27500	
283	27445	27511	
284	27391	27457	
284	27402	27468	
284	27413	27479	
284	27424	27490	
284	27435	27501	
284	27446	27512	
285	27392	27458	
285	27403	27469	
285	27414	27480	
285	27425	27491	
285	27436	27502	
285	27447	27513	
308	27748	27814	
308	27759	27825	
308	27770	27836	
308	27781	27847	
308	27792	27858	
308	27803	27869	
309	27749	27815	
309	27760	27826	
309	27771	27837	
309	27782	27848	
309	27793	27859	
309	27804	27870	
310	27750	27816	
310	27761	27827	
310	27772	27838	
310	27783	27849	
310	27794	27860	
310	27805	27871	
311	27751	27817	
311	27762	27828	
311	27773	27839	
311	27784	27850	
311	27795	27861	
311	27806	27872	
312	27752	27818	
312	27763	27829	
312	27774	27840	
312	27785	27851	
312	27796	27862	
312	27807	27873	
313	27753	27819	
313	27764	27830	
313	27775	27841	
313	27786	27852	
313	27797	27863	
313	27808	27874	
314	27754	27820	
314	27765	27831	
314	27776	27842	
314	27787	27853	
314	27798	27864	
314	27809	27875	
315	27755	27821	
315	27766	27832	
315	27777	27843	
315	27788	27854	
315	27799	27865	
315	27810	27876	
316	27756	27822	
316	27767	27833	
316	27778	27844	
316	27789	27855	
316	27800	27866	
316	27811	27877	
317	27757	27823	
317	27768	27834	
317	27779	27845	
317	27790	27856	
317	27801	27867	
317	27812	27878	
318	27758	27824	
318	27769	27835	
318	27780	27846	
318	27791	27857	
318	27802	27868	
318	27813	27879	
367	41289	41353	
367	41297	41361	
367	41305	41369	
367	41313	41377	
367	41321	41385	
367	41329	41393	
368	41290	41354	
368	41298	41362	
368	41306	41370	
368	41314	41378	
368	41322	41386	
368	41330	41394	
369	41293	41357	
369	41301	41365	
369	41309	41373	
369	41317	41381	
369	41325	41389	
369	41333	41397	
370	41294	41358	
370	41302	41366	
370	41310	41374	
370	41318	41382	
370	41326	41390	
370	41334	41398	
420	41813	43047	
420	41839	43021	
420	41865	43073	
420	41891	43125	
420	41917	43099	
420	41943	42995	
421	41814	43048	
421	41840	43022	
421	41866	43074	
421	41892	43126	
421	41918	43100	
421	41944	42996	
422	41817	43051	
422	41843	43025	
422	41869	43077	
422	41895	43129	
422	41921	43103	
422	41947	42999	
423	41818	43052	
423	41844	43026	
423	41870	43078	
423	41896	43130	
423	41922	43104	
423	41948	43000	
424	41821	43055	
424	41847	43029	
424	41873	43081	
424	41899	43133	
424	41925	43107	
424	41951	43003	
425	41823	43057	
425	41849	43031	
425	41875	43083	
425	41901	43135	
425	41927	43109	
425	41953	43005	
426	41824	43058	
426	41850	43032	
426	41876	43084	
426	41902	43136	
426	41928	43110	
426	41956	43006	
427	41827	43061	
427	41853	43035	
427	41879	43087	
427	41905	43139	
427	41931	43113	
427	41957	43009	
428	41829	43063	
428	41855	43037	
428	41881	43089	
428	41907	43141	
428	41933	43115	
428	41961	43011	
429	41830	43064	
429	41858	43038	
429	41882	43090	
429	41908	43142	
429	41934	43116	
429	41960	43012	
430	41833	43067	
430	41859	43041	
430	41885	43093	
430	41911	43145	
430	41937	43119	
430	41963	43015	
431	41837	43069	
431	41863	43043	
431	41889	43095	
431	41915	43147	
431	41941	43121	
431	41965	43017	
432	41836	43070	
432	41862	43044	
432	41888	43096	
432	41914	43148	
432	41942	43122	
432	41966	43018	
471	43225	48395	
471	43251	48423	
471	43277	48451	
471	43303	48479	
471	43329	48507	
471	43355	48535	
472	43216	48386	
472	43242	48414	
472	43268	48442	
472	43294	48470	
472	43320	48498	
472	43346	48526	
473	43215	48385	
473	43241	48413	
473	43267	48441	
473	43293	48469	
473	43319	48497	
473	43345	48525	
474	43221	48391	
474	43247	48419	
474	43273	48447	
474	43299	48475	
474	43325	48503	
474	43351	48531	
475	43222	48392	
475	43248	48420	
475	43274	48448	
475	43300	48476	
475	43326	48504	
475	43352	48532	
476	43213	48383	
476	43239	48411	
476	43265	48439	
476	43291	48467	
476	43317	48495	
476	43343	48523	
477	43219	48389	
477	43245	48417	
477	43271	48445	
477	43297	48473	
477	43323	48501	
477	43349	48529	
478	43209	48379	
478	43235	48407	
478	43261	48435	
478	43287	48463	
478	43313	48491	
478	43339	48519	
479	43210	48380	
479	43236	48408	
479	43262	48436	
479	43288	48464	
479	43314	48492	
479	43340	48520	
480	43227	48397	
480	43253	48425	
480	43279	48453	
480	43305	48481	
480	43331	48509	
480	43357	48537	
481	43228	48398	
481	43254	48426	
481	43280	48454	
481	43306	48482	
481	43332	48510	
481	43358	48538	
482	43205	48375	
482	43231	48403	
482	43257	48431	
482	43283	48459	
482	43309	48487	
482	43335	48515	
483	43206	48376	
483	43232	48404	
483	43258	48432	
483	43284	48460	
483	43310	48488	
483	43336	48516	
484	43435	48621	
484	43461	48649	
484	43487	48677	
484	43513	48705	
484	43539	48733	
484	43565	48761	
485	43426	48612	
485	43452	48640	
485	43478	48668	
485	43504	48696	
485	43530	48724	
485	43556	48752	
486	43425	48611	
486	43451	48639	
486	43477	48667	
486	43503	48695	
486	43529	48723	
486	43555	48751	
487	43431	48617	
487	43457	48645	
487	43483	48673	
487	43509	48701	
487	43535	48729	
487	43561	48757	
488	43432	48618	
488	43458	48646	
488	43484	48674	
488	43510	48702	
488	43536	48730	
488	43562	48758	
489	43423	48609	
489	43449	48637	
489	43475	48665	
489	43501	48693	
489	43527	48721	
489	43553	48749	
490	43429	48615	
490	43455	48643	
490	43481	48671	
490	43507	48699	
490	43533	48727	
490	43559	48755	
491	43419	48605	
491	43445	48633	
491	43471	48661	
491	43497	48689	
491	43523	48717	
491	43549	48745	
492	43420	48606	
492	43446	48634	
492	43472	48662	
492	43498	48690	
492	43524	48718	
492	43550	48746	
493	43437	48623	
493	43463	48651	
493	43489	48679	
493	43515	48707	
493	43541	48735	
493	43567	48763	
494	43438	48624	
494	43464	48652	
494	43490	48680	
494	43516	48708	
494	43542	48736	
494	43568	48764	
495	43415	48601	
495	43441	48629	
495	43467	48657	
495	43493	48685	
495	43519	48713	
495	43545	48741	
496	43416	48602	
496	43442	48630	
496	43468	48658	
496	43494	48686	
496	43520	48714	
496	43546	48742	
535	46659	46660	
535	46667	46668	
535	46675	46676	
535	46683	46684	
535	46691	46692	
535	46699	46700	
540	47066	47296	
540	47068	47294	
540	47070	47298	
540	47072	47302	
540	47074	47300	
540	47076	47292	
550	47308	48401	
550	47310	48429	
550	47312	48457	
550	47314	48485	
550	47316	48513	
550	47318	48541	
551	47324	48627	
551	47326	48655	
551	47328	48683	
551	47330	48711	
551	47332	48739	
551	47334	48767	
627	53323	53325	
627	53331	53333	
627	53339	53341	
627	53347	53349	
627	53355	53357	
627	53363	53365	
628	53327	53329	
628	53335	53337	
628	53343	53345	
628	53351	53353	
628	53359	53361	
628	53367	53369	
631	53419	53451	
631	53423	53455	
631	53427	53459	
631	53431	53463	
631	53435	53467	
631	53439	53471	
632	53421	53453	
632	53425	53457	
632	53429	53461	
632	53433	53465	
632	53437	53469	
632	53441	53473	
633	53662	53817	
633	53664	53815	
633	53666	53819	
633	53668	53823	
633	53670	53821	
633	53672	53813	
639	53829	53993	
639	53831	53995	
639	53833	53997	
639	53835	53999	
639	53837	54001	
639	53839	54003	
640	53845	54009	
640	53847	54011	
640	53849	54013	
640	53851	54015	
640	53853	54017	
640	53855	54019	
1849	101211	101213	
1849	101215	101217	
1849	101219	101221	
1849	101223	101225	
1849	101227	101229	
1849	101231	101233	
1850	101210	101212	
1850	101214	101216	
1850	101218	101220	
1850	101222	101224	
1850	101226	101228	
1850	101230	101232	
1855	101275	101277	
1855	101279	101281	
1855	101283	101285	
1855	101287	101289	
1855	101291	101293	
1855	101295	101297	
1856	100929	100931	
1856	100933	100935	
1856	100937	100939	
1856	100941	100943	
1856	100945	100947	
1856	100949	100951	
1857	101274	101276	
1857	101278	101280	
1857	101282	101284	
1857	101286	101288	
1857	101290	101292	
1857	101294	101296	
1858	100928	100930	
1858	100932	100934	
1858	100936	100938	
1858	100940	100942	
1858	100944	100946	
1858	100948	100950	
1859	101243	101245	
1859	101247	101249	
1859	101251	101253	
1859	101255	101257	
1859	101259	101261	
1859	101263	101265	
1860	100897	100899	
1860	100901	100903	
1860	100905	100907	
1860	100909	100911	
1860	100913	100915	
1860	100917	100919	
1861	101242	101244	
1861	101246	101248	
1861	101250	101252	
1861	101254	101256	
1861	101258	101260	
1861	101262	101264	
1862	100896	100898	
1862	100900	100902	
1862	100904	100906	
1862	100908	100910	
1862	100912	100914	
1862	100916	100918	
1863	100842	101114	
1863	100844	101116	
1863	100846	101118	
1863	100848	101120	
1863	100850	101122	
1863	100852	101124	
1864	100843	101115	
1864	100845	101117	
1864	100847	101119	
1864	100849	101121	
1864	100851	101123	
1864	100853	101125	
1867	100865	100867	
1867	100869	100871	
1867	100873	100875	
1867	100877	100879	
1867	100881	100883	
1867	100885	100887	
1868	100710	100712	
1868	100714	100716	
1868	100718	100720	
1868	100722	100724	
1868	100726	100728	
1868	100730	100732	
1869	100709	100711	
1869	100713	100715	
1869	100717	100719	
1869	100721	100723	
1869	100725	100727	
1869	100729	100731	
1870	100864	100866	
1870	100868	100870	
1870	100872	100874	
1870	100876	100878	
1870	100880	100882	
1870	100884	100886	
1871	100776	100778	
1871	100780	100782	
1871	100784	100786	
1871	100788	100790	
1871	100792	100794	
1871	100796	100798	
1872	100775	100777	
1872	100779	100781	
1872	100783	100785	
1872	100787	100789	
1872	100791	100793	
1872	100795	100797	
1881	100412	100436	
1881	100416	100440	
1881	100420	100444	
1881	100424	100448	
1881	100428	100452	
1881	100432	100456	
1882	100410	100434	
1882	100414	100438	
1882	100418	100442	
1882	100422	100446	
1882	100426	100450	
1882	100430	100454	
1883	100388	100389	
1883	100392	100393	
1883	100396	100397	
1883	100400	100401	
1883	100404	100405	
1883	100408	100409	
1884	100386	100387	
1884	100390	100391	
1884	100394	100395	
1884	100398	100399	
1884	100402	100403	
1884	100406	100407	
1885	100280	100281	
1885	100284	100285	
1885	100288	100289	
1885	100292	100293	
1885	100296	100297	
1885	100300	100301	
1886	100278	100279	
1886	100282	100283	
1886	100286	100287	
1886	100290	100291	
1886	100294	100295	
1886	100298	100299	
1887	100256	100257	
1887	100260	100261	
1887	100264	100265	
1887	100268	100269	
1887	100272	100273	
1887	100276	100277	
1888	100254	100255	
1888	100258	100259	
1888	100262	100263	
1888	100266	100267	
1888	100270	100271	
1888	100274	100275	
1901	99425	99426	
1901	99429	99430	
1901	99435	99436	
1901	99445	99446	
1901	99449	99450	
1901	99453	99454	
1902	99391	99392	
1902	99395	99396	
1902	99401	99402	
1902	99411	99412	
1902	99415	99416	
1902	99419	99420	
1903	98810	98811	
1903	98814	98815	
1903	98820	98821	
1903	98830	98831	
1903	98834	98835	
1903	98838	98839	
1904	98776	98777	
1904	98780	98782	
1904	98785	98786	
1904	98795	98796	
1904	98799	98800	
1904	98803	98804	
1935	100304	100305	
1935	100308	100309	
1935	100312	100313	
1935	100316	100317	
1935	100320	100321	
1935	100324	100325	
1936	100302	100303	
1936	100306	100307	
1936	100310	100311	
1936	100314	100315	
1936	100318	100319	
1936	100322	100323	
2266	117102	117217	
2266	117125	117240	
2266	117148	117263	
2266	117171	117286	
2266	117194	117309	
2267	117103	117218	
2267	117126	117241	
2267	117149	117264	
2267	117172	117287	
2267	117195	117310	
2268	117104	117219	
2268	117127	117242	
2268	117150	117265	
2268	117173	117288	
2268	117196	117311	
2269	117105	117220	
2269	117128	117243	
2269	117151	117266	
2269	117174	117289	
2269	117197	117312	
2270	117106	117221	
2270	117129	117244	
2270	117152	117267	
2270	117175	117290	
2270	117198	117313	
2271	117107	117222	
2271	117130	117245	
2271	117153	117268	
2271	117176	117291	
2271	117199	117314	
2272	117108	117223	
2272	117131	117246	
2272	117154	117269	
2272	117177	117292	
2272	117200	117315	
2273	117109	117224	
2273	117132	117247	
2273	117155	117270	
2273	117178	117293	
2273	117201	117316	
2274	117110	117225	
2274	117133	117248	
2274	117156	117271	
2274	117179	117294	
2274	117202	117317	
2275	117111	117226	
2275	117134	117249	
2275	117157	117272	
2275	117180	117295	
2275	117203	117318	
2276	117112	117227	
2276	117135	117250	
2276	117158	117273	
2276	117181	117296	
2276	117204	117319	
2277	117113	117228	
2277	117136	117251	
2277	117159	117274	
2277	117182	117297	
2277	117205	117320	
2278	117114	117229	
2278	117137	117252	
2278	117160	117275	
2278	117183	117298	
2278	117206	117321	
2279	117115	117230	
2279	117138	117253	
2279	117161	117276	
2279	117184	117299	
2279	117207	117322	
2280	117116	117231	
2280	117139	117254	
2280	117162	117277	
2280	117185	117300	
2280	117208	117323	
2281	117117	117232	
2281	117140	117255	
2281	117163	117278	
2281	117186	117301	
2281	117209	117324	
2282	117118	117233	
2282	117141	117256	
2282	117164	117279	
2282	117187	117302	
2282	117210	117325	
2283	117119	117234	
2283	117142	117257	
2283	117165	117280	
2283	117188	117303	
2283	117211	117326	
2284	117120	117235	
2284	117143	117258	
2284	117166	117281	
2284	117189	117304	
2284	117212	117327	
2285	117121	117236	
2285	117144	117259	
2285	117167	117282	
2285	117190	117305	
2285	117213	117328	
2286	117122	117237	
2286	117145	117260	
2286	117168	117283	
2286	117191	117306	
2286	117214	117329	
2287	117123	117238	
2287	117146	117261	
2287	117169	117284	
2287	117192	117307	
2287	117215	117330	
2288	117124	117239	
2288	117147	117262	
2288	117170	117285	
2288	117193	117308	
2288	117216	117331	
2396	118711	119595	
2396	118717	119601	
2396	118723	119607	
2396	118729	119613	
2396	118735	119619	
2396	118741	119625	
2397	118712	119596	
2397	118718	119602	
2397	118724	119608	
2397	118730	119614	
2397	118736	119620	
2397	118742	119626	
2398	118713	119597	
2398	118719	119603	
2398	118725	119609	
2398	118731	119615	
2398	118737	119621	
2398	118743	119627	
2399	118714	119598	
2399	118720	119604	
2399	118726	119610	
2399	118732	119616	
2399	118738	119622	
2399	118744	119628	
2400	118715	119599	
2400	118721	119605	
2400	118727	119611	
2400	118733	119617	
2400	118739	119623	
2400	118745	119629	
2401	118716	119600	
2401	118722	119606	
2401	118728	119612	
2401	118734	119618	
2401	118740	119624	
2401	118746	119630	
2438	123425	123540	
2438	123448	123563	
2438	123471	123586	
2438	123494	123609	
2438	123517	123632	
2439	123426	123541	
2439	123449	123564	
2439	123472	123587	
2439	123495	123610	
2439	123518	123633	
2440	123427	123542	
2440	123450	123565	
2440	123473	123588	
2440	123496	123611	
2440	123519	123634	
2441	123428	123543	
2441	123451	123566	
2441	123474	123589	
2441	123497	123612	
2441	123520	123635	
2442	123429	123544	
2442	123452	123567	
2442	123475	123590	
2442	123498	123613	
2442	123521	123636	
2443	123430	123545	
2443	123453	123568	
2443	123476	123591	
2443	123499	123614	
2443	123522	123637	
2444	123431	123546	
2444	123454	123569	
2444	123477	123592	
2444	123500	123615	
2444	123523	123638	
2445	123432	123547	
2445	123455	123570	
2445	123478	123593	
2445	123501	123616	
2445	123524	123639	
2446	123433	123548	
2446	123456	123571	
2446	123479	123594	
2446	123502	123617	
2446	123525	123640	
2447	123434	123549	
2447	123457	123572	
2447	123480	123595	
2447	123503	123618	
2447	123526	123641	
2448	123435	123550	
2448	123458	123573	
2448	123481	123596	
2448	123504	123619	
2448	123527	123642	
2449	123436	123551	
2449	123459	123574	
2449	123482	123597	
2449	123505	123620	
2449	123528	123643	
2450	123437	123552	
2450	123460	123575	
2450	123483	123598	
2450	123506	123621	
2450	123529	123644	
2451	123438	123553	
2451	123461	123576	
2451	123484	123599	
2451	123507	123622	
2451	123530	123645	
2452	123439	123554	
2452	123462	123577	
2452	123485	123600	
2452	123508	123623	
2452	123531	123646	
2453	123440	123555	
2453	123463	123578	
2453	123486	123601	
2453	123509	123624	
2453	123532	123647	
2454	123441	123556	
2454	123464	123579	
2454	123487	123602	
2454	123510	123625	
2454	123533	123648	
2455	123442	123557	
2455	123465	123580	
2455	123488	123603	
2455	123511	123626	
2455	123534	123649	
2456	123443	123558	
2456	123466	123581	
2456	123489	123604	
2456	123512	123627	
2456	123535	123650	
2457	123444	123559	
2457	123467	123582	
2457	123490	123605	
2457	123513	123628	
2457	123536	123651	
2458	123445	123560	
2458	123468	123583	
2458	123491	123606	
2458	123514	123629	
2458	123537	123652	
2459	123446	123561	
2459	123469	123584	
2459	123492	123607	
2459	123515	123630	
2459	123538	123653	
2460	123447	123562	
2460	123470	123585	
2460	123493	123608	
2460	123516	123631	
2460	123539	123654	
2591	126761	126876	
2591	126784	126899	
2591	126807	126922	
2591	126830	126945	
2591	126853	126968	
2592	126762	126877	
2592	126785	126900	
2592	126808	126923	
2592	126831	126946	
2592	126854	126969	
2593	126763	126878	
2593	126786	126901	
2593	126809	126924	
2593	126832	126947	
2593	126855	126970	
2594	126764	126879	
2594	126787	126902	
2594	126810	126925	
2594	126833	126948	
2594	126856	126971	
2595	126765	126880	
2595	126788	126903	
2595	126811	126926	
2595	126834	126949	
2595	126857	126972	
2596	126766	126881	
2596	126789	126904	
2596	126812	126927	
2596	126835	126950	
2596	126858	126973	
2597	126767	126882	
2597	126790	126905	
2597	126813	126928	
2597	126836	126951	
2597	126859	126974	
2598	126768	126883	
2598	126791	126906	
2598	126814	126929	
2598	126837	126952	
2598	126860	126975	
2599	126769	126884	
2599	126792	126907	
2599	126815	126930	
2599	126838	126953	
2599	126861	126976	
2600	126770	126885	
2600	126793	126908	
2600	126816	126931	
2600	126839	126954	
2600	126862	126977	
2601	126771	126886	
2601	126794	126909	
2601	126817	126932	
2601	126840	126955	
2601	126863	126978	
2602	126772	126887	
2602	126795	126910	
2602	126818	126933	
2602	126841	126956	
2602	126864	126979	
2603	126773	126888	
2603	126796	126911	
2603	126819	126934	
2603	126842	126957	
2603	126865	126980	
2604	126774	126889	
2604	126797	126912	
2604	126820	126935	
2604	126843	126958	
2604	126866	126981	
2605	126775	126890	
2605	126798	126913	
2605	126821	126936	
2605	126844	126959	
2605	126867	126982	
2606	126776	126891	
2606	126799	126914	
2606	126822	126937	
2606	126845	126960	
2606	126868	126983	
2607	126777	126892	
2607	126800	126915	
2607	126823	126938	
2607	126846	126961	
2607	126869	126984	
2608	126778	126893	
2608	126801	126916	
2608	126824	126939	
2608	126847	126962	
2608	126870	126985	
2609	126779	126894	
2609	126802	126917	
2609	126825	126940	
2609	126848	126963	
2609	126871	126986	
2610	126780	126895	
2610	126803	126918	
2610	126826	126941	
2610	126849	126964	
2610	126872	126987	
2611	126781	126896	
2611	126804	126919	
2611	126827	126942	
2611	126850	126965	
2611	126873	126988	
2612	126782	126897	
2612	126805	126920	
2612	126828	126943	
2612	126851	126966	
2612	126874	126989	
2613	126783	126898	
2613	126806	126921	
2613	126829	126944	
2613	126852	126967	
2613	126875	126990	
3496	144742	149107	
3496	144763	149128	
3496	144784	149149	
3496	144826	149191	
3496	144847	149212	
3497	144743	149108	
3497	144764	149129	
3497	144785	149150	
3497	144827	149192	
3497	144848	149213	
3498	144744	149109	
3498	144765	149130	
3498	144786	149151	
3498	144828	149193	
3498	144849	149214	
3499	144745	149110	
3499	144766	149131	
3499	144787	149152	
3499	144829	149194	
3499	144850	149215	
3500	144746	149111	
3500	144767	149132	
3500	144788	149153	
3500	144830	149195	
3500	144851	149216	
3501	144747	149112	
3501	144768	149133	
3501	144789	149154	
3501	144831	149196	
3501	144852	149217	
3502	144748	149113	
3502	144769	149134	
3502	144790	149155	
3502	144832	149197	
3502	144853	149218	
3503	144749	149114	
3503	144770	149135	
3503	144791	149156	
3503	144833	149198	
3503	144854	149219	
3504	144750	149115	
3504	144771	149136	
3504	144792	149157	
3504	144834	149199	
3504	144855	149220	
3505	144751	149116	
3505	144772	149137	
3505	144793	149158	
3505	144835	149200	
3505	144856	149221	
3506	144752	149117	
3506	144773	149138	
3506	144794	149159	
3506	144836	149201	
3506	144857	149222	
3507	144753	149118	
3507	144774	149139	
3507	144795	149160	
3507	144837	149202	
3507	144858	149223	
3508	144754	149119	
3508	144775	149140	
3508	144796	149161	
3508	144838	149203	
3508	144859	149224	
3509	144755	149120	
3509	144776	149141	
3509	144797	149162	
3509	144839	149204	
3509	144860	149225	
3510	144756	149121	
3510	144777	149142	
3510	144798	149163	
3510	144840	149205	
3510	144861	149226	
3511	144757	149122	
3511	144778	149143	
3511	144799	149164	
3511	144841	149206	
3511	144862	149227	
3512	144758	149123	
3512	144779	149144	
3512	144800	149165	
3512	144842	149207	
3512	144863	149228	
3513	144759	149124	
3513	144780	149145	
3513	144801	149166	
3513	144843	149208	
3513	144864	149229	
3514	144760	149125	
3514	144781	149146	
3514	144802	149167	
3514	144844	149209	
3514	144865	149230	
3515	144761	149126	
3515	144782	149147	
3515	144803	149168	
3515	144845	149210	
3515	144866	149231	
3516	144762	149127	
3516	144783	149148	
3516	144804	149169	
3516	144846	149211	
3516	144867	149232	
3517	144026	148391	
3517	144047	148412	
3517	144068	148433	
3517	144110	148475	
3517	144131	148496	
3518	144027	148392	
3518	144048	148413	
3518	144069	148434	
3518	144111	148476	
3518	144132	148497	
3519	144028	148393	
3519	144049	148414	
3519	144070	148435	
3519	144112	148477	
3519	144133	148498	
3520	144029	148394	
3520	144050	148415	
3520	144071	148436	
3520	144113	148478	
3520	144134	148499	
3521	144030	148395	
3521	144051	148416	
3521	144072	148437	
3521	144114	148479	
3521	144135	148500	
3522	144031	148396	
3522	144052	148417	
3522	144073	148438	
3522	144115	148480	
3522	144136	148501	
3523	144032	148397	
3523	144053	148418	
3523	144074	148439	
3523	144116	148481	
3523	144137	148502	
3524	144033	148398	
3524	144054	148419	
3524	144075	148440	
3524	144117	148482	
3524	144138	148503	
3525	144034	148399	
3525	144055	148420	
3525	144076	148441	
3525	144118	148483	
3525	144139	148504	
3526	144035	148400	
3526	144056	148421	
3526	144077	148442	
3526	144119	148484	
3526	144140	148505	
3527	144036	148401	
3527	144057	148422	
3527	144078	148443	
3527	144120	148485	
3527	144141	148506	
3528	144037	148402	
3528	144058	148423	
3528	144079	148444	
3528	144121	148486	
3528	144142	148507	
3529	144038	148403	
3529	144059	148424	
3529	144080	148445	
3529	144122	148487	
3529	144143	148508	
3530	144039	148404	
3530	144060	148425	
3530	144081	148446	
3530	144123	148488	
3530	144144	148509	
3531	144040	148405	
3531	144061	148426	
3531	144082	148447	
3531	144124	148489	
3531	144145	148510	
3532	144041	148406	
3532	144062	148427	
3532	144083	148448	
3532	144125	148490	
3532	144146	148511	
3533	144042	148407	
3533	144063	148428	
3533	144084	148449	
3533	144126	148491	
3533	144147	148512	
3534	144043	148408	
3534	144064	148429	
3534	144085	148450	
3534	144127	148492	
3534	144148	148513	
3535	144044	148409	
3535	144065	148430	
3535	144086	148451	
3535	144128	148493	
3535	144149	148514	
3536	144045	148410	
3536	144066	148431	
3536	144087	148452	
3536	144129	148494	
3536	144150	148515	
3537	144046	148411	
3537	144067	148432	
3537	144088	148453	
3537	144130	148495	
3537	144151	148516	
3538	144384	148749	
3538	144405	148770	
3538	144426	148791	
3538	144468	148833	
3538	144489	148854	
3539	144385	148750	
3539	144406	148771	
3539	144427	148792	
3539	144469	148834	
3539	144490	148855	
3540	144386	148751	
3540	144407	148772	
3540	144428	148793	
3540	144470	148835	
3540	144491	148856	
3541	144387	148752	
3541	144408	148773	
3541	144429	148794	
3541	144471	148836	
3541	144492	148857	
3542	144388	148753	
3542	144409	148774	
3542	144430	148795	
3542	144472	148837	
3542	144493	148858	
3543	144389	148754	
3543	144410	148775	
3543	144431	148796	
3543	144473	148838	
3543	144494	148859	
3544	144390	148755	
3544	144411	148776	
3544	144432	148797	
3544	144474	148839	
3544	144495	148860	
3545	144391	148756	
3545	144412	148777	
3545	144433	148798	
3545	144475	148840	
3545	144496	148861	
3546	144392	148757	
3546	144413	148778	
3546	144434	148799	
3546	144476	148841	
3546	144497	148862	
3547	144393	148758	
3547	144414	148779	
3547	144435	148800	
3547	144477	148842	
3547	144498	148863	
3548	144394	148759	
3548	144415	148780	
3548	144436	148801	
3548	144478	148843	
3548	144499	148864	
3549	144395	148760	
3549	144416	148781	
3549	144437	148802	
3549	144479	148844	
3549	144500	148865	
3550	144396	148761	
3550	144417	148782	
3550	144438	148803	
3550	144480	148845	
3550	144501	148866	
3551	144397	148762	
3551	144418	148783	
3551	144439	148804	
3551	144481	148846	
3551	144502	148867	
3552	144398	148763	
3552	144419	148784	
3552	144440	148805	
3552	144482	148847	
3552	144503	148868	
3553	144399	148764	
3553	144420	148785	
3553	144441	148806	
3553	144483	148848	
3553	144504	148869	
3554	144400	148765	
3554	144421	148786	
3554	144442	148807	
3554	144484	148849	
3554	144505	148870	
3555	144401	148766	
3555	144422	148787	
3555	144443	148808	
3555	144485	148850	
3555	144506	148871	
3556	144402	148767	
3556	144423	148788	
3556	144444	148809	
3556	144486	148851	
3556	144507	148872	
3557	144403	148768	
3557	144424	148789	
3557	144445	148810	
3557	144487	148852	
3557	144508	148873	
3558	144404	148769	
3558	144425	148790	
3558	144446	148811	
3558	144488	148853	
3558	144509	148874	
4644	185699	185025;180609	降龙伏虎・七宝护手 / 骇风怒浪・等差无别护手
4644	185723	185049;180633	降龙伏虎・七宝腰带 / 骇风怒浪・等差无别腰带
4644	185747	185073;180657	降龙伏虎・七宝靴 / 骇风怒浪・等差无别靴
4644	185795	185121;180705	降龙伏虎・七宝冠 / 骇风怒浪・等差无别冠
4644	185819	185145;180729	降龙伏虎・七宝衣 / 骇风怒浪・等差无别衣
4645	185700	185026;180610	降龙伏虎・赋诗护手 / 骇风怒浪・催觞云叠护手
4645	185724	185050;180634	降龙伏虎・赋诗腰带 / 骇风怒浪・催觞云叠腰带
4645	185748	185074;180658	降龙伏虎・赋诗靴 / 骇风怒浪・催觞云叠靴
4645	185796	185122;180706	降龙伏虎・赋诗冠 / 骇风怒浪・催觞云叠冠
4645	185820	185146;180730	降龙伏虎・赋诗衣 / 骇风怒浪・催觞云叠衣
4646	185701	185027;180611	降龙伏虎・月窟护手 / 骇风怒浪・扶杳疏信护手
4646	185725	185051;180635	降龙伏虎・月窟腰带 / 骇风怒浪・扶杳疏信腰带
4646	185749	185075;180659	降龙伏虎・月窟靴 / 骇风怒浪・扶杳疏信靴
4646	185797	185123;180707	降龙伏虎・月窟冠 / 骇风怒浪・扶杳疏信冠
4646	185821	185147;180731	降龙伏虎・月窟衣 / 骇风怒浪・扶杳疏信衣
4647	185702	185028;180612	降龙伏虎・春归护手 / 骇风怒浪・银絮云征护手
4647	185726	185052;180636	降龙伏虎・春归腰带 / 骇风怒浪・银絮云征腰带
4647	185750	185076;180660	降龙伏虎・春归靴 / 骇风怒浪・银絮云征靴
4647	185798	185124;180708	降龙伏虎・春归冠 / 骇风怒浪・银絮云征冠
4647	185822	185148;180732	降龙伏虎・春归衣 / 骇风怒浪・银絮云征衣
4648	185703	185029;180613	降龙伏虎・山间护手 / 骇风怒浪・非古川风护手
4648	185727	185053;180637	降龙伏虎・山间腰带 / 骇风怒浪・非古川风腰带
4648	185751	185077;180661	降龙伏虎・山间靴 / 骇风怒浪・非古川风靴
4648	185799	185125;180709	降龙伏虎・山间冠 / 骇风怒浪・非古川风冠
4648	185823	185149;180733	降龙伏虎・山间衣 / 骇风怒浪・非古川风衣
4649	185704	185030;180614	降龙伏虎・疏林护手 / 骇风怒浪・尘远空玄护手
4649	185728	185054;180638	降龙伏虎・疏林腰带 / 骇风怒浪・尘远空玄腰带
4649	185752	185078;180662	降龙伏虎・疏林靴 / 骇风怒浪・尘远空玄靴
4649	185800	185126;180710	降龙伏虎・疏林冠 / 骇风怒浪・尘远空玄冠
4649	185824	185150;180734	降龙伏虎・疏林衣 / 骇风怒浪・尘远空玄衣
4650	185705	185031;180615	降龙伏虎・如故护手 / 骇风怒浪・掬影素晖护手
4650	185729	185055;180639	降龙伏虎・如故腰带 / 骇风怒浪・掬影素晖腰带
4650	185753	185079;180663	降龙伏虎・如故靴 / 骇风怒浪・掬影素晖靴
4650	185801	185127;180711	降龙伏虎・如故冠 / 骇风怒浪・掬影素晖冠
4650	185825	185151;180735	降龙伏虎・如故衣 / 骇风怒浪・掬影素晖衣
4651	185706	185032;180616	降龙伏虎・远方护手 / 骇风怒浪・梦故帘月护手
4651	185730	185056;180640	降龙伏虎・远方腰带 / 骇风怒浪・梦故帘月腰带
4651	185754	185080;180664	降龙伏虎・远方靴 / 骇风怒浪・梦故帘月靴
4651	185802	185128;180712	降龙伏虎・远方冠 / 骇风怒浪・梦故帘月冠
4651	185826	185152;180736	降龙伏虎・远方衣 / 骇风怒浪・梦故帘月衣
4652	185707	185033;180617	降龙伏虎・古声护手 / 骇风怒浪・荼袅蘼歇护手
4652	185731	185057;180641	降龙伏虎・古声腰带 / 骇风怒浪・荼袅蘼歇腰带
4652	185755	185081;180665	降龙伏虎・古声靴 / 骇风怒浪・荼袅蘼歇靴
4652	185803	185129;180713	降龙伏虎・古声冠 / 骇风怒浪・荼袅蘼歇冠
4652	185827	185153;180737	降龙伏虎・古声衣 / 骇风怒浪・荼袅蘼歇衣
4653	185708	185034;180618	降龙伏虎・寻天护手 / 骇风怒浪・清叶凉喧护手
4653	185732	185058;180642	降龙伏虎・寻天腰带 / 骇风怒浪・清叶凉喧腰带
4653	185756	185082;180666	降龙伏虎・寻天靴 / 骇风怒浪・清叶凉喧靴
4653	185804	185130;180714	降龙伏虎・寻天冠 / 骇风怒浪・清叶凉喧冠
4653	185828	185154;180738	降龙伏虎・寻天衣 / 骇风怒浪・清叶凉喧衣
4654	185709	185035;180619	降龙伏虎・开物护手 / 骇风怒浪・浮幻罗非护手
4654	185733	185059;180643	降龙伏虎・开物腰带 / 骇风怒浪・浮幻罗非腰带
4654	185757	185083;180667	降龙伏虎・开物靴 / 骇风怒浪・浮幻罗非靴
4654	185805	185131;180715	降龙伏虎・开物冠 / 骇风怒浪・浮幻罗非冠
4654	185829	185155;180739	降龙伏虎・开物衣 / 骇风怒浪・浮幻罗非衣
4655	185710	185036;180620	降龙伏虎・陶然护手 / 骇风怒浪・鸿断落寒护手
4655	185734	185060;180644	降龙伏虎・陶然腰带 / 骇风怒浪・鸿断落寒腰带
4655	185758	185084;180668	降龙伏虎・陶然靴 / 骇风怒浪・鸿断落寒靴
4655	185806	185132;180716	降龙伏虎・陶然冠 / 骇风怒浪・鸿断落寒冠
4655	185830	185156;180740	降龙伏虎・陶然衣 / 骇风怒浪・鸿断落寒衣
4656	185711	185037;180621	降龙伏虎・淡梢护手 / 骇风怒浪・饮晴云奔护手
4656	185735	185061;180645	降龙伏虎・淡梢腰带 / 骇风怒浪・饮晴云奔腰带
4656	185759	185085;180669	降龙伏虎・淡梢靴 / 骇风怒浪・饮晴云奔靴
4656	185807	185133;180717	降龙伏虎・淡梢冠 / 骇风怒浪・饮晴云奔冠
4656	185831	185157;180741	降龙伏虎・淡梢衣 / 骇风怒浪・饮晴云奔衣
4657	185712	185038;180622	降龙伏虎・四方护手 / 骇风怒浪・弃微放名护手
4657	185736	185062;180646	降龙伏虎・四方腰带 / 骇风怒浪・弃微放名腰带
4657	185760	185086;180670	降龙伏虎・四方靴 / 骇风怒浪・弃微放名靴
4657	185808	185134;180718	降龙伏虎・四方冠 / 骇风怒浪・弃微放名冠
4657	185832	185158;180742	降龙伏虎・四方衣 / 骇风怒浪・弃微放名衣
4658	185713	185039;180623	降龙伏虎・火羽护手 / 骇风怒浪・净明依止护手
4658	185737	185063;180647	降龙伏虎・火羽腰带 / 骇风怒浪・净明依止腰带
4658	185761	185087;180671	降龙伏虎・火羽靴 / 骇风怒浪・净明依止靴
4658	185809	185135;180719	降龙伏虎・火羽冠 / 骇风怒浪・净明依止冠
4658	185833	185159;180743	降龙伏虎・火羽衣 / 骇风怒浪・净明依止衣
4659	185714	185040;180624	降龙伏虎・英雄护手 / 骇风怒浪・缘铮平佑护手
4659	185738	185064;180648	降龙伏虎・英雄腰带 / 骇风怒浪・缘铮平佑腰带
4659	185762	185088;180672	降龙伏虎・英雄靴 / 骇风怒浪・缘铮平佑靴
4659	185810	185136;180720	降龙伏虎・英雄冠 / 骇风怒浪・缘铮平佑冠
4659	185834	185160;180744	降龙伏虎・英雄衣 / 骇风怒浪・缘铮平佑衣
4660	185715	185041;180625	降龙伏虎・顾兔护手 / 骇风怒浪・新拍闻音护手
4660	185739	185065;180649	降龙伏虎・顾兔腰带 / 骇风怒浪・新拍闻音腰带
4660	185763	185089;180673	降龙伏虎・顾兔靴 / 骇风怒浪・新拍闻音靴
4660	185811	185137;180721	降龙伏虎・顾兔冠 / 骇风怒浪・新拍闻音冠
4660	185835	185161;180745	降龙伏虎・顾兔衣 / 骇风怒浪・新拍闻音衣
4661	185716	185042;180626	降龙伏虎・融乐护手 / 骇风怒浪・解声檀窈护手
4661	185740	185066;180650	降龙伏虎・融乐腰带 / 骇风怒浪・解声檀窈腰带
4661	185764	185090;180674	降龙伏虎・融乐靴 / 骇风怒浪・解声檀窈靴
4661	185812	185138;180722	降龙伏虎・融乐冠 / 骇风怒浪・解声檀窈冠
4661	185836	185162;180746	降龙伏虎・融乐衣 / 骇风怒浪・解声檀窈衣
4662	185717	185043;180627	降龙伏虎・宝匣护手 / 骇风怒浪・浮槎破尘护手
4662	185741	185067;180651	降龙伏虎・宝匣腰带 / 骇风怒浪・浮槎破尘腰带
4662	185765	185091;180675	降龙伏虎・宝匣靴 / 骇风怒浪・浮槎破尘靴
4662	185813	185139;180723	降龙伏虎・宝匣冠 / 骇风怒浪・浮槎破尘冠
4662	185837	185163;180747	降龙伏虎・宝匣衣 / 骇风怒浪・浮槎破尘衣
4663	185718	185044;180628	降龙伏虎・倚天护手 / 骇风怒浪・雾涛云晓护手
4663	185742	185068;180652	降龙伏虎・倚天腰带 / 骇风怒浪・雾涛云晓腰带
4663	185766	185092;180676	降龙伏虎・倚天靴 / 骇风怒浪・雾涛云晓靴
4663	185814	185140;180724	降龙伏虎・倚天冠 / 骇风怒浪・雾涛云晓冠
4663	185838	185164;180748	降龙伏虎・倚天衣 / 骇风怒浪・雾涛云晓衣
4664	185719	185045;180629	降龙伏虎・暗华护手 / 骇风怒浪・知醒梦循护手
4664	185743	185069;180653	降龙伏虎・暗华腰带 / 骇风怒浪・知醒梦循腰带
4664	185767	185093;180677	降龙伏虎・暗华靴 / 骇风怒浪・知醒梦循靴
4664	185815	185141;180725	降龙伏虎・暗华冠 / 骇风怒浪・知醒梦循冠
4664	185839	185165;180749	降龙伏虎・暗华衣 / 骇风怒浪・知醒梦循衣
4665	185720	185046;180630	降龙伏虎・不绝护手 / 骇风怒浪・转圜因由护手
4665	185744	185070;180654	降龙伏虎・不绝腰带 / 骇风怒浪・转圜因由腰带
4665	185768	185094;180678	降龙伏虎・不绝靴 / 骇风怒浪・转圜因由靴
4665	185816	185142;180726	降龙伏虎・不绝冠 / 骇风怒浪・转圜因由冠
4665	185840	185166;180750	降龙伏虎・不绝衣 / 骇风怒浪・转圜因由衣
4666	185721	185047;180631	降龙伏虎・走方护手 / 骇风怒浪・啼青霜惊护手
4666	185745	185071;180655	降龙伏虎・走方腰带 / 骇风怒浪・啼青霜惊腰带
4666	185769	185095;180679	降龙伏虎・走方靴 / 骇风怒浪・啼青霜惊靴
4666	185817	185143;180727	降龙伏虎・走方冠 / 骇风怒浪・啼青霜惊冠
4666	185841	185167;180751	降龙伏虎・走方衣 / 骇风怒浪・啼青霜惊衣
4667	185722	185048;180632	降龙伏虎・衫松护手 / 骇风怒浪・与春连宵护手
4667	185746	185072;180656	降龙伏虎・衫松腰带 / 骇风怒浪・与春连宵腰带
4667	185770	185096;180680	降龙伏虎・衫松靴 / 骇风怒浪・与春连宵靴
4667	185818	185144;180728	降龙伏虎・衫松冠 / 骇风怒浪・与春连宵冠
4667	185842	185168;180752	降龙伏虎・衫松衣 / 骇风怒浪・与春连宵衣
4668	186036	185362;180946	烽火层峦・明相袖 / 铭骨焚心・枉乱诸相袖
4668	186060	185386;180970	烽火层峦・明相带 / 铭骨焚心・枉乱诸相带
4668	186084	185410;180994	烽火层峦・明相靴 / 铭骨焚心・枉乱诸相靴
4668	186132	185458;181042	烽火层峦・明相冠 / 铭骨焚心・枉乱诸相冠
4668	186156	185482;181066	烽火层峦・明相衣 / 铭骨焚心・枉乱诸相衣
4669	186037	185363;180947	烽火层峦・诸生袖 / 铭骨焚心・犹记愁迟袖
4669	186061	185387;180971	烽火层峦・诸生带 / 铭骨焚心・犹记愁迟带
4669	186085	185411;180995	烽火层峦・诸生靴 / 铭骨焚心・犹记愁迟靴
4669	186133	185459;181043	烽火层峦・诸生冠 / 铭骨焚心・犹记愁迟冠
4669	186157	185483;181067	烽火层峦・诸生衣 / 铭骨焚心・犹记愁迟衣
4670	186038	185364;180948	烽火层峦・辛夷袖 / 铭骨焚心・珠阙裁章袖
4670	186062	185388;180972	烽火层峦・辛夷带 / 铭骨焚心・珠阙裁章带
4670	186086	185412;180996	烽火层峦・辛夷靴 / 铭骨焚心・珠阙裁章靴
4670	186134	185460;181044	烽火层峦・辛夷冠 / 铭骨焚心・珠阙裁章冠
4670	186158	185484;181068	烽火层峦・辛夷衣 / 铭骨焚心・珠阙裁章衣
4671	186039	185365;180949	烽火层峦・烟尘护臂 / 铭骨焚心・守宁平天护臂
4671	186063	185389;180973	烽火层峦・烟尘护腰 / 铭骨焚心・守宁平天护腰
4671	186087	185413;180997	烽火层峦・烟尘靴 / 铭骨焚心・守宁平天靴
4671	186135	185461;181045	烽火层峦・烟尘战盔 / 铭骨焚心・守宁平天战盔
4671	186159	185485;181069	烽火层峦・烟尘衣 / 铭骨焚心・守宁平天衣
4672	186040	185366;180950	烽火层峦・潇影袖 / 铭骨焚心・涣冰豫冬袖
4672	186064	185390;180974	烽火层峦・潇影带 / 铭骨焚心・涣冰豫冬带
4672	186088	185414;180998	烽火层峦・潇影靴 / 铭骨焚心・涣冰豫冬靴
4672	186136	185462;181046	烽火层峦・潇影冠 / 铭骨焚心・涣冰豫冬冠
4672	186160	185486;181070	烽火层峦・潇影衣 / 铭骨焚心・涣冰豫冬衣
4673	186041	185367;180951	烽火层峦・游身袖 / 铭骨焚心・忘满清微袖
4673	186065	185391;180975	烽火层峦・游身带 / 铭骨焚心・忘满清微带
4673	186089	185415;180999	烽火层峦・游身靴 / 铭骨焚心・忘满清微靴
4673	186137	185463;181047	烽火层峦・游身冠 / 铭骨焚心・忘满清微冠
4673	186161	185487;181071	烽火层峦・游身衣 / 铭骨焚心・忘满清微衣
4674	186042	185368;180952	烽火层峦・意动袖 / 铭骨焚心・风梅苎萝袖
4674	186066	185392;180976	烽火层峦・意动带 / 铭骨焚心・风梅苎萝带
4674	186090	185416;181000	烽火层峦・意动靴 / 铭骨焚心・风梅苎萝靴
4674	186138	185464;181048	烽火层峦・意动冠 / 铭骨焚心・风梅苎萝冠
4674	186162	185488;181072	烽火层峦・意动衣 / 铭骨焚心・风梅苎萝衣
4675	186043	185369;180953	烽火层峦・怜心袖 / 铭骨焚心・落意晴阁袖
4675	186067	185393;180977	烽火层峦・怜心带 / 铭骨焚心・落意晴阁带
4675	186091	185417;181001	烽火层峦・怜心靴 / 铭骨焚心・落意晴阁靴
4675	186139	185465;181049	烽火层峦・怜心冠 / 铭骨焚心・落意晴阁冠
4675	186163	185489;181073	烽火层峦・怜心衣 / 铭骨焚心・落意晴阁衣
4676	186044	185370;180954	烽火层峦・蝶动袖 / 铭骨焚心・沉书乱极袖
4676	186068	185394;180978	烽火层峦・蝶动带 / 铭骨焚心・沉书乱极带
4676	186092	185418;181002	烽火层峦・蝶动靴 / 铭骨焚心・沉书乱极靴
4676	186140	185466;181050	烽火层峦・蝶动冠 / 铭骨焚心・沉书乱极冠
4676	186164	185490;181074	烽火层峦・蝶动衣 / 铭骨焚心・沉书乱极衣
4677	186045	185371;180955	烽火层峦・花楹袖 / 铭骨焚心・怅空尽涯袖
4677	186069	185395;180979	烽火层峦・花楹带 / 铭骨焚心・怅空尽涯带
4677	186093	185419;181003	烽火层峦・花楹靴 / 铭骨焚心・怅空尽涯靴
4677	186141	185467;181051	烽火层峦・花楹冠 / 铭骨焚心・怅空尽涯冠
4677	186165	185491;181075	烽火层峦・花楹衣 / 铭骨焚心・怅空尽涯衣
4678	186046	185372;180956	烽火层峦・灵珑袖 / 铭骨焚心・秋斜寒渚袖
4678	186070	185396;180980	烽火层峦・灵珑带 / 铭骨焚心・秋斜寒渚带
4678	186094	185420;181004	烽火层峦・灵珑靴 / 铭骨焚心・秋斜寒渚靴
4678	186142	185468;181052	烽火层峦・灵珑冠 / 铭骨焚心・秋斜寒渚冠
4678	186166	185492;181076	烽火层峦・灵珑衣 / 铭骨焚心・秋斜寒渚衣
4679	186047	185373;180957	烽火层峦・化幻袖 / 铭骨焚心・永沉浮荆袖
4679	186071	185397;180981	烽火层峦・化幻带 / 铭骨焚心・永沉浮荆带
4679	186095	185421;181005	烽火层峦・化幻靴 / 铭骨焚心・永沉浮荆靴
4679	186143	185469;181053	烽火层峦・化幻冠 / 铭骨焚心・永沉浮荆冠
4679	186167	185493;181077	烽火层峦・化幻衣 / 铭骨焚心・永沉浮荆衣
4680	186048	185374;180958	烽火层峦・浅秋护手 / 铭骨焚心・潋波流絮护手
4680	186072	185398;180982	烽火层峦・浅秋护腰 / 铭骨焚心・潋波流絮护腰
4680	186096	185422;181006	烽火层峦・浅秋履 / 铭骨焚心・潋波流絮履
4680	186144	185470;181054	烽火层峦・浅秋帽 / 铭骨焚心・潋波流絮帽
4680	186168	185494;181078	烽火层峦・浅秋衫 / 铭骨焚心・潋波流絮衫
4681	186049	185375;180959	烽火层峦・墟里袖 / 铭骨焚心・酣风酩醉袖
4681	186073	185399;180983	烽火层峦・墟里带 / 铭骨焚心・酣风酩醉带
4681	186097	185423;181007	烽火层峦・墟里靴 / 铭骨焚心・酣风酩醉靴
4681	186145	185471;181055	烽火层峦・墟里冠 / 铭骨焚心・酣风酩醉冠
4681	186169	185495;181079	烽火层峦・墟里衫 / 铭骨焚心・酣风酩醉衫
4682	186050	185376;180960	烽火层峦・遥边袖 / 铭骨焚心・幕辉星沙袖
4682	186074	185400;180984	烽火层峦・遥边带 / 铭骨焚心・幕辉星沙带
4682	186098	185424;181008	烽火层峦・遥边靴 / 铭骨焚心・幕辉星沙靴
4682	186146	185472;181056	烽火层峦・遥边冠 / 铭骨焚心・幕辉星沙冠
4682	186170	185496;181080	烽火层峦・遥边衣 / 铭骨焚心・幕辉星沙衣
4683	186051	185377;180961	烽火层峦・东路护臂 / 铭骨焚心・雪塞霜蚀护臂
4683	186075	185401;180985	烽火层峦・东路护腰 / 铭骨焚心・雪塞霜蚀护腰
4683	186099	185425;181009	烽火层峦・东路战靴 / 铭骨焚心・雪塞霜蚀战靴
4683	186147	185473;181057	烽火层峦・东路帽 / 铭骨焚心・雪塞霜蚀帽
4683	186171	185497;181081	烽火层峦・东路甲 / 铭骨焚心・雪塞霜蚀甲
4684	186052	185378;180962	烽火层峦・隐逸袖 / 铭骨焚心・难期经年袖
4684	186076	185402;180986	烽火层峦・隐逸带 / 铭骨焚心・难期经年带
4684	186100	185426;181010	烽火层峦・隐逸履 / 铭骨焚心・难期经年履
4684	186148	185474;181058	烽火层峦・隐逸冠 / 铭骨焚心・难期经年冠
4684	186172	185498;181082	烽火层峦・隐逸衫 / 铭骨焚心・难期经年衫
4685	186053	185379;180963	烽火层峦・君迁袖 / 铭骨焚心・时心解意袖
4685	186077	185403;180987	烽火层峦・君迁带 / 铭骨焚心・时心解意带
4685	186101	185427;181011	烽火层峦・君迁履 / 铭骨焚心・时心解意履
4685	186149	185475;181059	烽火层峦・君迁冠 / 铭骨焚心・时心解意冠
4685	186173	185499;181083	烽火层峦・君迁衫 / 铭骨焚心・时心解意衫
4686	186054	185380;180964	烽火层峦・远山护手 / 铭骨焚心・移时成岁护手
4686	186078	185404;180988	烽火层峦・远山护腰 / 铭骨焚心・移时成岁护腰
4686	186102	185428;181012	烽火层峦・远山靴 / 铭骨焚心・移时成岁靴
4686	186150	185476;181060	烽火层峦・远山帽 / 铭骨焚心・移时成岁帽
4686	186174	185500;181084	烽火层峦・远山衣 / 铭骨焚心・移时成岁衣
4687	186055	185381;180965	烽火层峦・惊弦袖 / 铭骨焚心・揽志驰流袖
4687	186079	185405;180989	烽火层峦・惊弦带 / 铭骨焚心・揽志驰流带
4687	186103	185429;181013	烽火层峦・惊弦靴 / 铭骨焚心・揽志驰流靴
4687	186151	185477;181061	烽火层峦・惊弦冠 / 铭骨焚心・揽志驰流冠
4687	186175	185501;181085	烽火层峦・惊弦衫 / 铭骨焚心・揽志驰流衫
4688	186056	185382;180966	烽火层峦・决明护手 / 铭骨焚心・沥血辞血护手
4688	186080	185406;180990	烽火层峦・决明护腰 / 铭骨焚心・沥血辞血护腰
4688	186104	185430;181014	烽火层峦・决明履 / 铭骨焚心・沥血辞血履
4688	186152	185478;181062	烽火层峦・决明帽 / 铭骨焚心・沥血辞血帽
4688	186176	185502;181086	烽火层峦・决明衫 / 铭骨焚心・沥血辞血衫
4689	186057	185383;180967	烽火层峦・百算袖 / 铭骨焚心・茫茫难详袖
4689	186081	185407;180991	烽火层峦・百算带 / 铭骨焚心・茫茫难详带
4689	186105	185431;181015	烽火层峦・百算靴 / 铭骨焚心・茫茫难详靴
4689	186153	185479;181063	烽火层峦・百算冠 / 铭骨焚心・茫茫难详冠
4689	186177	185503;181087	烽火层峦・百算衣 / 铭骨焚心・茫茫难详衣
4690	186058	185384;180968	烽火层峦・苦木袖 / 铭骨焚心・桂兮兰兮袖
4690	186082	185408;180992	烽火层峦・苦木带 / 铭骨焚心・桂兮兰兮带
4690	186106	185432;181016	烽火层峦・苦木履 / 铭骨焚心・桂兮兰兮履
4690	186154	185480;181064	烽火层峦・苦木冠 / 铭骨焚心・桂兮兰兮冠
4690	186178	185504;181088	烽火层峦・苦木衫 / 铭骨焚心・桂兮兰兮衫
4691	186059	185385;180969	烽火层峦・飞廉袖 / 铭骨焚心・月成待归袖
4691	186083	185409;180993	烽火层峦・飞廉带 / 铭骨焚心・月成待归带
4691	186107	185433;181017	烽火层峦・飞廉履 / 铭骨焚心・月成待归履
4691	186155	185481;181065	烽火层峦・飞廉冠 / 铭骨焚心・月成待归冠
4691	186179	185505;181089	烽火层峦・飞廉衫 / 铭骨焚心・月成待归衫
4740	186422	187792;181283	瀚海千山・法缘袖 / 崇天倾澜・三世诸佛袖
4740	186446	187816;181307	瀚海千山・法缘带 / 崇天倾澜・三世诸佛带
4740	186470	187840;181331	瀚海千山・法缘鞋 / 崇天倾澜・三世诸佛鞋
4740	186518	187888;181379	瀚海千山・法缘帽 / 崇天倾澜・三世诸佛帽
4740	186542	187912;181403	瀚海千山・法缘衣 / 崇天倾澜・三世诸佛衣
4741	186423	187793;181284	瀚海千山・意心袖 / 崇天倾澜・寄墨托意袖
4741	186447	187817;181308	瀚海千山・意心带 / 崇天倾澜・寄墨托意带
4741	186471	187841;181332	瀚海千山・意心鞋 / 崇天倾澜・寄墨托意鞋
4741	186519	187889;181380	瀚海千山・意心帽 / 崇天倾澜・寄墨托意帽
4741	186543	187913;181404	瀚海千山・意心衣 / 崇天倾澜・寄墨托意衣
4742	186424	187794;181285	瀚海千山・点墨袖 / 崇天倾澜・桃实度浅袖
4742	186448	187818;181309	瀚海千山・点墨带 / 崇天倾澜・桃实度浅带
4742	186472	187842;181333	瀚海千山・点墨鞋 / 崇天倾澜・桃实度浅鞋
4742	186520	187890;181381	瀚海千山・点墨帽 / 崇天倾澜・桃实度浅帽
4742	186544	187914;181405	瀚海千山・点墨衣 / 崇天倾澜・桃实度浅衣
4743	186425	187795;181286	瀚海千山・赤琮袖 / 崇天倾澜・朝侯明堂袖
4743	186449	187819;181310	瀚海千山・赤琮带 / 崇天倾澜・朝侯明堂带
4743	186473	187843;181334	瀚海千山・赤琮鞋 / 崇天倾澜・朝侯明堂鞋
4743	186521	187891;181382	瀚海千山・赤琮盔 / 崇天倾澜・朝侯明堂盔
4743	186545	187915;181406	瀚海千山・赤琮战甲 / 崇天倾澜・朝侯明堂战甲
4744	186426	187796;181287	瀚海千山・烟蓑袖 / 崇天倾澜・玄永唯道袖
4744	186450	187820;181311	瀚海千山・烟蓑带 / 崇天倾澜・玄永唯道带
4744	186474	187844;181335	瀚海千山・烟蓑鞋 / 崇天倾澜・玄永唯道鞋
4744	186522	187892;181383	瀚海千山・烟蓑帽 / 崇天倾澜・玄永唯道帽
4744	186546	187916;181407	瀚海千山・烟蓑衣 / 崇天倾澜・玄永唯道衣
4745	186427	187797;181288	瀚海千山・雨涤袖 / 崇天倾澜・凌极沦幽袖
4745	186451	187821;181312	瀚海千山・雨涤带 / 崇天倾澜・凌极沦幽带
4745	186475	187845;181336	瀚海千山・雨涤鞋 / 崇天倾澜・凌极沦幽鞋
4745	186523	187893;181384	瀚海千山・雨涤帽 / 崇天倾澜・凌极沦幽帽
4745	186547	187917;181408	瀚海千山・雨涤衣 / 崇天倾澜・凌极沦幽衣
4746	186428	187798;181289	瀚海千山・霖芳袖 / 崇天倾澜・无弦取意袖
4746	186452	187822;181313	瀚海千山・霖芳带 / 崇天倾澜・无弦取意带
4746	186476	187846;181337	瀚海千山・霖芳鞋 / 崇天倾澜・无弦取意鞋
4746	186524	187894;181385	瀚海千山・霖芳钗 / 崇天倾澜・无弦取意钗
4746	186548	187918;181409	瀚海千山・霖芳衣 / 崇天倾澜・无弦取意衣
4747	186429	187799;181290	瀚海千山・华光袖 / 崇天倾澜・画阁仙舟袖
4747	186453	187823;181314	瀚海千山・华光带 / 崇天倾澜・画阁仙舟带
4747	186477	187847;181338	瀚海千山・华光鞋 / 崇天倾澜・画阁仙舟鞋
4747	186525	187895;181386	瀚海千山・华光钗 / 崇天倾澜・画阁仙舟钗
4747	186549	187919;181410	瀚海千山・华光衣 / 崇天倾澜・画阁仙舟衣
4748	186430	187800;181291	瀚海千山・婵娟护手 / 崇天倾澜・唱阳焕霞护手
4748	186454	187824;181315	瀚海千山・婵娟带 / 崇天倾澜・唱阳焕霞带
4748	186478	187848;181339	瀚海千山・婵娟鞋 / 崇天倾澜・唱阳焕霞鞋
4748	186526	187896;181387	瀚海千山・婵娟帽 / 崇天倾澜・唱阳焕霞帽
4748	186550	187920;181411	瀚海千山・婵娟衣 / 崇天倾澜・唱阳焕霞衣
4749	186431	187801;181292	瀚海千山・丝情护手 / 崇天倾澜・值羽蝶逢护手
4749	186455	187825;181316	瀚海千山・丝情带 / 崇天倾澜・值羽蝶逢带
4749	186479	187849;181340	瀚海千山・丝情鞋 / 崇天倾澜・值羽蝶逢鞋
4749	186527	187897;181388	瀚海千山・丝情帽 / 崇天倾澜・值羽蝶逢帽
4749	186551	187921;181412	瀚海千山・丝情衣 / 崇天倾澜・值羽蝶逢衣
4750	186432	187802;181293	瀚海千山・幽篁护手 / 崇天倾澜・鸣鸢飘云护手
4750	186456	187826;181317	瀚海千山・幽篁带 / 崇天倾澜・鸣鸢飘云带
4750	186480	187850;181341	瀚海千山・幽篁鞋 / 崇天倾澜・鸣鸢飘云鞋
4750	186528	187898;181389	瀚海千山・幽篁帽 / 崇天倾澜・鸣鸢飘云帽
4750	186552	187922;181413	瀚海千山・幽篁衣 / 崇天倾澜・鸣鸢飘云衣
4751	186433	187803;181294	瀚海千山・摇竹护手 / 崇天倾澜・乱流转辉护手
4751	186457	187827;181318	瀚海千山・摇竹带 / 崇天倾澜・乱流转辉带
4751	186481	187851;181342	瀚海千山・摇竹鞋 / 崇天倾澜・乱流转辉鞋
4751	186529	187899;181390	瀚海千山・摇竹帽 / 崇天倾澜・乱流转辉帽
4751	186553	187923;181414	瀚海千山・摇竹衣 / 崇天倾澜・乱流转辉衣
4752	186434	187804;181295	瀚海千山・边秋护手 / 崇天倾澜・照我拂身护手
4752	186458	187828;181319	瀚海千山・边秋护腰 / 崇天倾澜・照我拂身护腰
4752	186482	187852;181343	瀚海千山・边秋鞋 / 崇天倾澜・照我拂身鞋
4752	186530	187900;181391	瀚海千山・边秋帽 / 崇天倾澜・照我拂身帽
4752	186554	187924;181415	瀚海千山・边秋衫 / 崇天倾澜・照我拂身衫
4753	186435	187805;181296	瀚海千山・重台护手 / 崇天倾澜・闻乐具醉护手
4753	186459	187829;181320	瀚海千山・重台护腰 / 崇天倾澜・闻乐具醉护腰
4753	186483	187853;181344	瀚海千山・重台靴 / 崇天倾澜・闻乐具醉靴
4753	186531	187901;181392	瀚海千山・重台冠 / 崇天倾澜・闻乐具醉冠
4753	186555	187925;181416	瀚海千山・重台衫 / 崇天倾澜・闻乐具醉衫
4754	186436	187806;181297	瀚海千山・沙海护腕 / 崇天倾澜・昭回攸经护腕
4754	186460	187830;181321	瀚海千山・沙海护腰 / 崇天倾澜・昭回攸经护腰
4754	186484	187854;181345	瀚海千山・沙海靴 / 崇天倾澜・昭回攸经靴
4754	186532	187902;181393	瀚海千山・沙海冠 / 崇天倾澜・昭回攸经冠
4754	186556	187926;181417	瀚海千山・沙海衫 / 崇天倾澜・昭回攸经衫
4755	186437	187807;181298	瀚海千山・荡尘护腕 / 崇天倾澜・寒晨更阑护腕
4755	186461	187831;181322	瀚海千山・荡尘护腰 / 崇天倾澜・寒晨更阑护腰
4755	186485	187855;181346	瀚海千山・荡尘靴 / 崇天倾澜・寒晨更阑靴
4755	186533	187903;181394	瀚海千山・荡尘盔 / 崇天倾澜・寒晨更阑盔
4755	186557	187927;181418	瀚海千山・荡尘战甲 / 崇天倾澜・寒晨更阑战甲
4756	186438	187808;181299	瀚海千山・决算护腕 / 崇天倾澜・贤道妄授护腕
4756	186462	187832;181323	瀚海千山・决算护腰 / 崇天倾澜・贤道妄授护腰
4756	186486	187856;181347	瀚海千山・决算靴 / 崇天倾澜・贤道妄授靴
4756	186534	187904;181395	瀚海千山・决算冠 / 崇天倾澜・贤道妄授冠
4756	186558	187928;181419	瀚海千山・决算衫 / 崇天倾澜・贤道妄授衫
4757	186439	187809;181300	瀚海千山・阑珊护腕 / 崇天倾澜・文牍风徽护腕
4757	186463	187833;181324	瀚海千山・阑珊护腰 / 崇天倾澜・文牍风徽护腰
4757	186487	187857;181348	瀚海千山・阑珊靴 / 崇天倾澜・文牍风徽靴
4757	186535	187905;181396	瀚海千山・阑珊冠 / 崇天倾澜・文牍风徽冠
4757	186559	187929;181420	瀚海千山・阑珊衫 / 崇天倾澜・文牍风徽衫
4758	186440	187810;181301	瀚海千山・分鼎护腕 / 崇天倾澜・用国立信护腕
4758	186464	187834;181325	瀚海千山・分鼎护腰 / 崇天倾澜・用国立信护腰
4758	186488	187858;181349	瀚海千山・分鼎靴 / 崇天倾澜・用国立信靴
4758	186536	187906;181397	瀚海千山・分鼎冠 / 崇天倾澜・用国立信冠
4758	186560	187930;181421	瀚海千山・分鼎衫 / 崇天倾澜・用国立信衫
4759	186441	187811;181302	瀚海千山・神扬护腕 / 崇天倾澜・夕冥耀海护腕
4759	186465	187835;181326	瀚海千山・神扬护腰 / 崇天倾澜・夕冥耀海护腰
4759	186489	187859;181350	瀚海千山・神扬靴 / 崇天倾澜・夕冥耀海靴
4759	186537	187907;181398	瀚海千山・神扬冠 / 崇天倾澜・夕冥耀海冠
4759	186561	187931;181422	瀚海千山・神扬衫 / 崇天倾澜・夕冥耀海衫
4760	186442	187812;181303	瀚海千山・玉堂护腕 / 崇天倾澜・映君盛德护腕
4760	186466	187836;181327	瀚海千山・玉堂护腰 / 崇天倾澜・映君盛德护腰
4760	186490	187860;181351	瀚海千山・玉堂靴 / 崇天倾澜・映君盛德靴
4760	186538	187908;181399	瀚海千山・玉堂冠 / 崇天倾澜・映君盛德冠
4760	186562	187932;181423	瀚海千山・玉堂衫 / 崇天倾澜・映君盛德衫
4761	186443	187813;181304	瀚海千山・天乾护腕 / 崇天倾澜・步天华缁ね
4761	186467	187837;181328	瀚海千山・天乾护腰 / 崇天倾澜・步天华缁ぱ
4761	186491	187861;181352	瀚海千山・天乾靴 / 崇天倾澜・步天华缪
4761	186539	187909;181400	瀚海千山・天乾冠 / 崇天倾澜・步天华绻
4761	186563	187933;181424	瀚海千山・天乾衫 / 崇天倾澜・步天华缟
4762	186444	187814;181305	瀚海千山・忘忧护腕 / 崇天倾澜・芝草集鸟护腕
4762	186468	187838;181329	瀚海千山・忘忧护腰 / 崇天倾澜・芝草集鸟护腰
4762	186492	187862;181353	瀚海千山・忘忧靴 / 崇天倾澜・芝草集鸟靴
4762	186540	187910;181401	瀚海千山・忘忧冠 / 崇天倾澜・芝草集鸟冠
4762	186564	187934;181425	瀚海千山・忘忧衫 / 崇天倾澜・芝草集鸟衫
4763	186445	187815;181306	瀚海千山・无涯护腕 / 崇天倾澜・何惮竞心护腕
4763	186469	187839;181330	瀚海千山・无涯护腰 / 崇天倾澜・何惮竞心护腰
4763	186493	187863;181354	瀚海千山・无涯靴 / 崇天倾澜・何惮竞心靴
4763	186541	187911;181402	瀚海千山・无涯冠 / 崇天倾澜・何惮竞心冠
4763	186565	187935;181426	瀚海千山・无涯衫 / 崇天倾澜・何惮竞心衫
4818	201778	203270	
4818	201803	203295	
4818	201828	203320	
4818	201878	203370	
4818	201903	203395	
4819	201779	203271	
4819	201804	203296	
4819	201829	203321	
4819	201879	203371	
4819	201904	203396	
4820	201780	203272	
4820	201805	203297	
4820	201830	203322	
4820	201880	203372	
4820	201905	203397	
4821	201781	203273	
4821	201806	203298	
4821	201831	203323	
4821	201881	203373	
4821	201906	203398	
4822	201782	203274	
4822	201807	203299	
4822	201832	203324	
4822	201882	203374	
4822	201907	203399	
4823	201783	203275	
4823	201808	203300	
4823	201833	203325	
4823	201883	203375	
4823	201908	203400	
4824	201784	203276	
4824	201809	203301	
4824	201834	203326	
4824	201884	203376	
4824	201909	203401	
4825	201785	203277	
4825	201810	203302	
4825	201835	203327	
4825	201885	203377	
4825	201910	203402	
4826	201786	203278	
4826	201811	203303	
4826	201836	203328	
4826	201886	203378	
4826	201911	203403	
4827	201787	203279	
4827	201812	203304	
4827	201837	203329	
4827	201887	203379	
4827	201912	203404	
4828	201788	203280	
4828	201813	203305	
4828	201838	203330	
4828	201888	203380	
4828	201913	203405	
4829	201789	203281	
4829	201814	203306	
4829	201839	203331	
4829	201889	203381	
4829	201914	203406	
4830	201790	203282	
4830	201815	203307	
4830	201840	203332	
4830	201890	203382	
4830	201915	203407	
4831	201791	203283	
4831	201816	203308	
4831	201841	203333	
4831	201891	203383	
4831	201916	203408	
4832	201792	203284	
4832	201817	203309	
4832	201842	203334	
4832	201892	203384	
4832	201917	203409	
4833	201793	203285	
4833	201818	203310	
4833	201843	203335	
4833	201893	203385	
4833	201918	203410	
4834	201794	203286	
4834	201819	203311	
4834	201844	203336	
4834	201894	203386	
4834	201919	203411	
4835	201795	203287	
4835	201820	203312	
4835	201845	203337	
4835	201895	203387	
4835	201920	203412	
4836	201796	203288	
4836	201821	203313	
4836	201846	203338	
4836	201896	203388	
4836	201921	203413	
4837	201797	203289	
4837	201822	203314	
4837	201847	203339	
4837	201897	203389	
4837	201922	203414	
4838	201798	203290	
4838	201823	203315	
4838	201848	203340	
4838	201898	203390	
4838	201923	203415	
4839	201799	203291	
4839	201824	203316	
4839	201849	203341	
4839	201899	203391	
4839	201924	203416	
4840	201800	203292	
4840	201825	203317	
4840	201850	203342	
4840	201900	203392	
4840	201925	203417	
4841	201801	203293	
4841	201826	203318	
4841	201851	203343	
4841	201901	203393	
4841	201926	203418	
4842	201802	203294	
4842	201827	203319	
4842	201852	203344	
4842	201902	203394	
4842	201927	203419	
4843	202129	203621	
4843	202154	203646	
4843	202179	203671	
4843	202229	203721	
4843	202254	203746	
4844	202130	203622	
4844	202155	203647	
4844	202180	203672	
4844	202230	203722	
4844	202255	203747	
4845	202131	203623	
4845	202156	203648	
4845	202181	203673	
4845	202231	203723	
4845	202256	203748	
4846	202132	203624	
4846	202157	203649	
4846	202182	203674	
4846	202232	203724	
4846	202257	203749	
4847	202133	203625	
4847	202158	203650	
4847	202183	203675	
4847	202233	203725	
4847	202258	203750	
4848	202134	203626	
4848	202159	203651	
4848	202184	203676	
4848	202234	203726	
4848	202259	203751	
4849	202135	203627	
4849	202160	203652	
4849	202185	203677	
4849	202235	203727	
4849	202260	203752	
4850	202136	203628	
4850	202161	203653	
4850	202186	203678	
4850	202236	203728	
4850	202261	203753	
4851	202137	203629	
4851	202162	203654	
4851	202187	203679	
4851	202237	203729	
4851	202262	203754	
4852	202138	203630	
4852	202163	203655	
4852	202188	203680	
4852	202238	203730	
4852	202263	203755	
4853	202139	203631	
4853	202164	203656	
4853	202189	203681	
4853	202239	203731	
4853	202264	203756	
4854	202140	203632	
4854	202165	203657	
4854	202190	203682	
4854	202240	203732	
4854	202265	203757	
4855	202141	203633	
4855	202166	203658	
4855	202191	203683	
4855	202241	203733	
4855	202266	203758	
4856	202142	203634	
4856	202167	203659	
4856	202192	203684	
4856	202242	203734	
4856	202267	203759	
4857	202143	203635	
4857	202168	203660	
4857	202193	203685	
4857	202243	203735	
4857	202268	203760	
4858	202144	203636	
4858	202169	203661	
4858	202194	203686	
4858	202244	203736	
4858	202269	203761	
4859	202145	203637	
4859	202170	203662	
4859	202195	203687	
4859	202245	203737	
4859	202270	203762	
4860	202146	203638	
4860	202171	203663	
4860	202196	203688	
4860	202246	203738	
4860	202271	203763	
4861	202147	203639	
4861	202172	203664	
4861	202197	203689	
4861	202247	203739	
4861	202272	203764	
4862	202148	203640	
4862	202173	203665	
4862	202198	203690	
4862	202248	203740	
4862	202273	203765	
4863	202149	203641	
4863	202174	203666	
4863	202199	203691	
4863	202249	203741	
4863	202274	203766	
4864	202150	203642	
4864	202175	203667	
4864	202200	203692	
4864	202250	203742	
4864	202275	203767	
4865	202151	203643	
4865	202176	203668	
4865	202201	203693	
4865	202251	203743	
4865	202276	203768	
4866	202152	203644	
4866	202177	203669	
4866	202202	203694	
4866	202252	203744	
4866	202277	203769	
4867	202153	203645	
4867	202178	203670	
4867	202203	203695	
4867	202253	203745	
4867	202278	203770	
5245	202531	204023	
5245	202556	204048	
5245	202581	204073	
5245	202631	204123	
5245	202656	204148	
5246	202532	204024	
5246	202557	204049	
5246	202582	204074	
5246	202632	204124	
5246	202657	204149	
5247	202533	204025	
5247	202558	204050	
5247	202583	204075	
5247	202633	204125	
5247	202658	204150	
5248	202534	204026	
5248	202559	204051	
5248	202584	204076	
5248	202634	204126	
5248	202659	204151	
5249	202535	204027	
5249	202560	204052	
5249	202585	204077	
5249	202635	204127	
5249	202660	204152	
5250	202536	204028	
5250	202561	204053	
5250	202586	204078	
5250	202636	204128	
5250	202661	204153	
5251	202537	204029	
5251	202562	204054	
5251	202587	204079	
5251	202637	204129	
5251	202662	204154	
5252	202538	204030	
5252	202563	204055	
5252	202588	204080	
5252	202638	204130	
5252	202663	204155	
5253	202539	204031	
5253	202564	204056	
5253	202589	204081	
5253	202639	204131	
5253	202664	204156	
5254	202540	204032	
5254	202565	204057	
5254	202590	204082	
5254	202640	204132	
5254	202665	204157	
5255	202541	204033	
5255	202566	204058	
5255	202591	204083	
5255	202641	204133	
5255	202666	204158	
5256	202542	204034	
5256	202567	204059	
5256	202592	204084	
5256	202642	204134	
5256	202667	204159	
5257	202543	204035	
5257	202568	204060	
5257	202593	204085	
5257	202643	204135	
5257	202668	204160	
5258	202544	204036	
5258	202569	204061	
5258	202594	204086	
5258	202644	204136	
5258	202669	204161	
5259	202545	204037	
5259	202570	204062	
5259	202595	204087	
5259	202645	204137	
5259	202670	204162	
5260	202546	204038	
5260	202571	204063	
5260	202596	204088	
5260	202646	204138	
5260	202671	204163	
5261	202547	204039	
5261	202572	204064	
5261	202597	204089	
5261	202647	204139	
5261	202672	204164	
5262	202548	204040	
5262	202573	204065	
5262	202598	204090	
5262	202648	204140	
5262	202673	204165	
5263	202549	204041	
5263	202574	204066	
5263	202599	204091	
5263	202649	204141	
5263	202674	204166	
5264	202550	204042	
5264	202575	204067	
5264	202600	204092	
5264	202650	204142	
5264	202675	204167	
5265	202551	204043	
5265	202576	204068	
5265	202601	204093	
5265	202651	204143	
5265	202676	204168	
5266	202552	204044	
5266	202577	204069	
5266	202602	204094	
5266	202652	204144	
5266	202677	204169	
5267	202553	204045	
5267	202578	204070	
5267	202603	204095	
5267	202653	204145	
5267	202678	204170	
5268	202554	204046	
5268	202579	204071	
5268	202604	204096	
5268	202654	204146	
5268	202679	204171	
5269	202555	204047	
5269	202580	204072	
5269	202605	204097	
5269	202655	204147	
5269	202680	204172	
5270	201778	203270	
5270	201803	203295	
5270	201828	203320	
5270	201878	203370	
5270	201903	203395	
5271	201779	203271	
5271	201804	203296	
5271	201829	203321	
5271	201879	203371	
5271	201904	203396	
5272	201780	203272	
5272	201805	203297	
5272	201830	203322	
5272	201880	203372	
5272	201905	203397	
5273	201781	203273	
5273	201806	203298	
5273	201831	203323	
5273	201881	203373	
5273	201906	203398	
5274	201782	203274	
5274	201807	203299	
5274	201832	203324	
5274	201882	203374	
5274	201907	203399	
5275	201783	203275	
5275	201808	203300	
5275	201833	203325	
5275	201883	203375	
5275	201908	203400	
5276	201784	203276	
5276	201809	203301	
5276	201834	203326	
5276	201884	203376	
5276	201909	203401	
5277	201785	203277	
5277	201810	203302	
5277	201835	203327	
5277	201885	203377	
5277	201910	203402	
5278	201786	203278	
5278	201811	203303	
5278	201836	203328	
5278	201886	203378	
5278	201911	203403	
5279	201787	203279	
5279	201812	203304	
5279	201837	203329	
5279	201887	203379	
5279	201912	203404	
5280	201788	203280	
5280	201813	203305	
5280	201838	203330	
5280	201888	203380	
5280	201913	203405	
5281	201789	203281	
5281	201814	203306	
5281	201839	203331	
5281	201889	203381	
5281	201914	203406	
5282	201790	203282	
5282	201815	203307	
5282	201840	203332	
5282	201890	203382	
5282	201915	203407	
5283	201791	203283	
5283	201816	203308	
5283	201841	203333	
5283	201891	203383	
5283	201916	203408	
5284	201792	203284	
5284	201817	203309	
5284	201842	203334	
5284	201892	203384	
5284	201917	203409	
5285	201793	203285	
5285	201818	203310	
5285	201843	203335	
5285	201893	203385	
5285	201918	203410	
5286	201794	203286	
5286	201819	203311	
5286	201844	203336	
5286	201894	203386	
5286	201919	203411	
5287	201795	203287	
5287	201820	203312	
5287	201845	203337	
5287	201895	203387	
5287	201920	203412	
5288	201796	203288	
5288	201821	203313	
5288	201846	203338	
5288	201896	203388	
5288	201921	203413	
5289	201797	203289	
5289	201822	203314	
5289	201847	203339	
5289	201897	203389	
5289	201922	203414	
5290	201798	203290	
5290	201823	203315	
5290	201848	203340	
5290	201898	203390	
5290	201923	203415	
5291	201799	203291	
5291	201824	203316	
5291	201849	203341	
5291	201899	203391	
5291	201924	203416	
5292	201800	203292	
5292	201825	203317	
5292	201850	203342	
5292	201900	203392	
5292	201925	203417	
5293	201801	203293	
5293	201826	203318	
5293	201851	203343	
5293	201901	203393	
5293	201926	203418	
5294	201802	203294	
5294	201827	203319	
5294	201852	203344	
5294	201902	203394	
5294	201927	203419	
5295	202129	203621	
5295	202154	203646	
5295	202179	203671	
5295	202229	203721	
5295	202254	203746	
5296	202130	203622	
5296	202155	203647	
5296	202180	203672	
5296	202230	203722	
5296	202255	203747	
5297	202131	203623	
5297	202156	203648	
5297	202181	203673	
5297	202231	203723	
5297	202256	203748	
5298	202132	203624	
5298	202157	203649	
5298	202182	203674	
5298	202232	203724	
5298	202257	203749	
5299	202133	203625	
5299	202158	203650	
5299	202183	203675	
5299	202233	203725	
5299	202258	203750	
5300	202134	203626	
5300	202159	203651	
5300	202184	203676	
5300	202234	203726	
5300	202259	203751	
5301	202135	203627	
5301	202160	203652	
5301	202185	203677	
5301	202235	203727	
5301	202260	203752	
5302	202136	203628	
5302	202161	203653	
5302	202186	203678	
5302	202236	203728	
5302	202261	203753	
5303	202137	203629	
5303	202162	203654	
5303	202187	203679	
5303	202237	203729	
5303	202262	203754	
5304	202138	203630	
5304	202163	203655	
5304	202188	203680	
5304	202238	203730	
5304	202263	203755	
5305	202139	203631	
5305	202164	203656	
5305	202189	203681	
5305	202239	203731	
5305	202264	203756	
5306	202140	203632	
5306	202165	203657	
5306	202190	203682	
5306	202240	203732	
5306	202265	203757	
5307	202141	203633	
5307	202166	203658	
5307	202191	203683	
5307	202241	203733	
5307	202266	203758	
5308	202142	203634	
5308	202167	203659	
5308	202192	203684	
5308	202242	203734	
5308	202267	203759	
5309	202143	203635	
5309	202168	203660	
5309	202193	203685	
5309	202243	203735	
5309	202268	203760	
5310	202144	203636	
5310	202169	203661	
5310	202194	203686	
5310	202244	203736	
5310	202269	203761	
5311	202145	203637	
5311	202170	203662	
5311	202195	203687	
5311	202245	203737	
5311	202270	203762	
5312	202146	203638	
5312	202171	203663	
5312	202196	203688	
5312	202246	203738	
5312	202271	203763	
5313	202147	203639	
5313	202172	203664	
5313	202197	203689	
5313	202247	203739	
5313	202272	203764	
5314	202148	203640	
5314	202173	203665	
5314	202198	203690	
5314	202248	203740	
5314	202273	203765	
5315	202149	203641	
5315	202174	203666	
5315	202199	203691	
5315	202249	203741	
5315	202274	203766	
5316	202150	203642	
5316	202175	203667	
5316	202200	203692	
5316	202250	203742	
5316	202275	203767	
5317	202151	203643	
5317	202176	203668	
5317	202201	203693	
5317	202251	203743	
5317	202276	203768	
5318	202152	203644	
5318	202177	203669	
5318	202202	203694	
5318	202252	203744	
5318	202277	203769	
5319	202153	203645	
5319	202178	203670	
5319	202203	203695	
5319	202253	203745	
5319	202278	203770	
5370	201928	203420	
5370	201953	203445	
5370	201978	203470	
5371	201929	203421	
5371	201954	203446	
5371	201979	203471	
5372	201930	203422	
5372	201955	203447	
5372	201980	203472	
5373	201931	203423	
5373	201956	203448	
5373	201981	203473	
5374	201932	203424	
5374	201957	203449	
5374	201982	203474	
5375	201933	203425	
5375	201958	203450	
5375	201983	203475	
5376	201934	203426	
5376	201959	203451	
5376	201984	203476	
5377	201935	203427	
5377	201960	203452	
5377	201985	203477	
5378	201936	203428	
5378	201961	203453	
5378	201986	203478	
5379	201937	203429	
5379	201962	203454	
5379	201987	203479	
5380	201938	203430	
5380	201963	203455	
5380	201988	203480	
5381	201939	203431	
5381	201964	203456	
5381	201989	203481	
5382	201940	203432	
5382	201965	203457	
5382	201990	203482	
5383	201941	203433	
5383	201966	203458	
5383	201991	203483	
5384	201942	203434	
5384	201967	203459	
5384	201992	203484	
5385	201943	203435	
5385	201968	203460	
5385	201993	203485	
5386	201944	203436	
5386	201969	203461	
5386	201994	203486	
5387	201945	203437	
5387	201970	203462	
5387	201995	203487	
5388	201946	203438	
5388	201971	203463	
5388	201996	203488	
5389	201947	203439	
5389	201972	203464	
5389	201997	203489	
5390	201948	203440	
5390	201973	203465	
5390	201998	203490	
5391	201949	203441	
5391	201974	203466	
5391	201999	203491	
5392	201950	203442	
5392	201975	203467	
5392	202000	203492	
5393	201951	203443	
5393	201976	203468	
5393	202001	203493	
5394	201952	203444	
5394	201977	203469	
5394	202002	203494	
5395	202279	203771	
5395	202304	203796	
5395	202329	203821	
5396	202280	203772	
5396	202305	203797	
5396	202330	203822	
5397	202281	203773	
5397	202306	203798	
5397	202331	203823	
5398	202282	203774	
5398	202307	203799	
5398	202332	203824	
5399	202283	203775	
5399	202308	203800	
5399	202333	203825	
5400	202284	203776	
5400	202309	203801	
5400	202334	203826	
5401	202285	203777	
5401	202310	203802	
5401	202335	203827	
5402	202286	203778	
5402	202311	203803	
5402	202336	203828	
5403	202287	203779	
5403	202312	203804	
5403	202337	203829	
5404	202288	203780	
5404	202313	203805	
5404	202338	203830	
5405	202289	203781	
5405	202314	203806	
5405	202339	203831	
5406	202290	203782	
5406	202315	203807	
5406	202340	203832	
5407	202291	203783	
5407	202316	203808	
5407	202341	203833	
5408	202292	203784	
5408	202317	203809	
5408	202342	203834	
5409	202293	203785	
5409	202318	203810	
5409	202343	203835	
5410	202294	203786	
5410	202319	203811	
5410	202344	203836	
5411	202295	203787	
5411	202320	203812	
5411	202345	203837	
5412	202296	203788	
5412	202321	203813	
5412	202346	203838	
5413	202297	203789	
5413	202322	203814	
5413	202347	203839	
5414	202298	203790	
5414	202323	203815	
5414	202348	203840	
5415	202299	203791	
5415	202324	203816	
5415	202349	203841	
5416	202300	203792	
5416	202325	203817	
5416	202350	203842	
5417	202301	203793	
5417	202326	203818	
5417	202351	203843	
5418	202302	203794	
5418	202327	203819	
5418	202352	203844	
5419	202303	203795	
5419	202328	203820	
5419	202353	203845	
5474	213184	210078;210279	漉血鸣锋・般若法音护手 / 御龙乘海・多宝护手
5474	213210	210103;210304	漉血鸣锋・般若法音腰带 / 御龙乘海・多宝腰带
5474	213236	210128;210329	漉血鸣锋・般若法音靴 / 御龙乘海・多宝靴
5474	213288	210178;210379	漉血鸣锋・般若法音帽 / 御龙乘海・多宝帽
5474	213314	210203;210404	漉血鸣锋・般若法音衣 / 御龙乘海・多宝衣
5475	213185	210079;210280	漉血鸣锋・玉书吟碌护手 / 御龙乘海・群玉护手
5475	213211	210104;210305	漉血鸣锋・玉书吟碌腰带 / 御龙乘海・群玉腰带
5475	213237	210129;210330	漉血鸣锋・玉书吟碌靴 / 御龙乘海・群玉靴
5475	213289	210179;210380	漉血鸣锋・玉书吟碌帽 / 御龙乘海・群玉帽
5475	213315	210204;210405	漉血鸣锋・玉书吟碌衣 / 御龙乘海・群玉衣
5476	213186	210080;210281	漉血鸣锋・藤珠青槐护手 / 御龙乘海・虚灵护手
5476	213212	210105;210306	漉血鸣锋・藤珠青槐腰带 / 御龙乘海・虚灵腰带
5476	213238	210130;210331	漉血鸣锋・藤珠青槐靴 / 御龙乘海・虚灵靴
5476	213290	210180;210381	漉血鸣锋・藤珠青槐帽 / 御龙乘海・虚灵帽
5476	213316	210205;210406	漉血鸣锋・藤珠青槐衣 / 御龙乘海・虚灵衣
5477	213187	210081;210282	漉血鸣锋・影龙征尘护手 / 御龙乘海・平戎护手
5477	213213	210106;210307	漉血鸣锋・影龙征尘腰带 / 御龙乘海・平戎腰带
5477	213239	210131;210332	漉血鸣锋・影龙征尘靴 / 御龙乘海・平戎靴
5477	213291	210181;210382	漉血鸣锋・影龙征尘帽 / 御龙乘海・平戎帽
5477	213317	210206;210407	漉血鸣锋・影龙征尘衣 / 御龙乘海・平戎衣
5478	213188	210082;210283	漉血鸣锋・清昼寒烟护手 / 御龙乘海・停鹭护手
5478	213214	210107;210308	漉血鸣锋・清昼寒烟腰带 / 御龙乘海・停鹭腰带
5478	213240	210132;210333	漉血鸣锋・清昼寒烟靴 / 御龙乘海・停鹭靴
5478	213292	210182;210383	漉血鸣锋・清昼寒烟帽 / 御龙乘海・停鹭帽
5478	213318	210207;210408	漉血鸣锋・清昼寒烟衣 / 御龙乘海・停鹭衣
5479	213189	210083;210284	漉血鸣锋・霜唳扶乌护手 / 御龙乘海・清绝护手
5479	213215	210108;210309	漉血鸣锋・霜唳扶乌腰带 / 御龙乘海・清绝腰带
5479	213241	210133;210334	漉血鸣锋・霜唳扶乌靴 / 御龙乘海・清绝靴
5479	213293	210183;210384	漉血鸣锋・霜唳扶乌帽 / 御龙乘海・清绝帽
5479	213319	210208;210409	漉血鸣锋・霜唳扶乌衣 / 御龙乘海・清绝衣
5480	213190	210084;210285	漉血鸣锋・枝雪缀云护手 / 御龙乘海・熏风护手
5480	213216	210109;210310	漉血鸣锋・枝雪缀云腰带 / 御龙乘海・熏风腰带
5480	213242	210134;210335	漉血鸣锋・枝雪缀云靴 / 御龙乘海・熏风靴
5480	213294	210184;210385	漉血鸣锋・枝雪缀云帽 / 御龙乘海・熏风帽
5480	213320	210209;210410	漉血鸣锋・枝雪缀云衣 / 御龙乘海・熏风衣
5481	213191	210085;210286	漉血鸣锋・雨韶和露护手 / 御龙乘海・横玉护手
5481	213217	210110;210311	漉血鸣锋・雨韶和露腰带 / 御龙乘海・横玉腰带
5481	213243	210135;210336	漉血鸣锋・雨韶和露靴 / 御龙乘海・横玉靴
5481	213295	210185;210386	漉血鸣锋・雨韶和露帽 / 御龙乘海・横玉帽
5481	213321	210210;210411	漉血鸣锋・雨韶和露衣 / 御龙乘海・横玉衣
5482	213192	210086;210287	漉血鸣锋・宵梦断肠护手 / 御龙乘海・香魂护手
5482	213218	210111;210312	漉血鸣锋・宵梦断肠腰带 / 御龙乘海・香魂腰带
5482	213244	210136;210337	漉血鸣锋・宵梦断肠靴 / 御龙乘海・香魂靴
5482	213296	210186;210387	漉血鸣锋・宵梦断肠帽 / 御龙乘海・香魂帽
5482	213322	210211;210412	漉血鸣锋・宵梦断肠衣 / 御龙乘海・香魂衣
5483	213193	210087;210288	漉血鸣锋・玉水世尘护手 / 御龙乘海・晓色护手
5483	213219	210112;210313	漉血鸣锋・玉水世尘腰带 / 御龙乘海・晓色腰带
5483	213245	210137;210338	漉血鸣锋・玉水世尘靴 / 御龙乘海・晓色靴
5483	213297	210187;210388	漉血鸣锋・玉水世尘帽 / 御龙乘海・晓色帽
5483	213323	210212;210413	漉血鸣锋・玉水世尘衣 / 御龙乘海・晓色衣
5484	213194	210088;210289	漉血鸣锋・孤暝心澜护手 / 御龙乘海・残灯护手
5484	213220	210113;210314	漉血鸣锋・孤暝心澜腰带 / 御龙乘海・残灯腰带
5484	213246	210138;210339	漉血鸣锋・孤暝心澜靴 / 御龙乘海・残灯靴
5484	213298	210188;210389	漉血鸣锋・孤暝心澜帽 / 御龙乘海・残灯帽
5484	213324	210213;210414	漉血鸣锋・孤暝心澜衣 / 御龙乘海・残灯衣
5485	213195	210089;210290	漉血鸣锋・霰雨遏羽护手 / 御龙乘海・寒杳护手
5485	213221	210114;210315	漉血鸣锋・霰雨遏羽腰带 / 御龙乘海・寒杳腰带
5485	213247	210139;210340	漉血鸣锋・霰雨遏羽靴 / 御龙乘海・寒杳靴
5485	213299	210189;210390	漉血鸣锋・霰雨遏羽帽 / 御龙乘海・寒杳帽
5485	213325	210214;210415	漉血鸣锋・霰雨遏羽衣 / 御龙乘海・寒杳衣
5486	213196	210090;210291	漉血鸣锋・轻槐眠莺护手 / 御龙乘海・别浦护手
5486	213222	210115;210316	漉血鸣锋・轻槐眠莺腰带 / 御龙乘海・别浦腰带
5486	213248	210140;210341	漉血鸣锋・轻槐眠莺靴 / 御龙乘海・别浦靴
5486	213300	210190;210391	漉血鸣锋・轻槐眠莺帽 / 御龙乘海・别浦帽
5486	213326	210215;210416	漉血鸣锋・轻槐眠莺衣 / 御龙乘海・别浦衣
5487	213197	210091;210292	漉血鸣锋・寂消天歌护手 / 御龙乘海・倾樽护手
5487	213223	210116;210317	漉血鸣锋・寂消天歌腰带 / 御龙乘海・倾樽腰带
5487	213249	210141;210342	漉血鸣锋・寂消天歌靴 / 御龙乘海・倾樽靴
5487	213301	210191;210392	漉血鸣锋・寂消天歌帽 / 御龙乘海・倾樽帽
5487	213327	210216;210417	漉血鸣锋・寂消天歌衣 / 御龙乘海・倾樽衣
5488	213198	210092;210293	漉血鸣锋・焚烬遁影护手 / 御龙乘海・月轮护手
5488	213224	210117;210318	漉血鸣锋・焚烬遁影腰带 / 御龙乘海・月轮腰带
5488	213250	210142;210343	漉血鸣锋・焚烬遁影靴 / 御龙乘海・月轮靴
5488	213302	210192;210393	漉血鸣锋・焚烬遁影帽 / 御龙乘海・月轮帽
5488	213328	210217;210418	漉血鸣锋・焚烬遁影衣 / 御龙乘海・月轮衣
5489	213199	210093;210294	漉血鸣锋・戍亭望鸿护手 / 御龙乘海・关山护手
5489	213225	210118;210319	漉血鸣锋・戍亭望鸿腰带 / 御龙乘海・关山腰带
5489	213251	210143;210344	漉血鸣锋・戍亭望鸿靴 / 御龙乘海・关山靴
5489	213303	210193;210394	漉血鸣锋・戍亭望鸿帽 / 御龙乘海・关山帽
5489	213329	210218;210419	漉血鸣锋・戍亭望鸿衣 / 御龙乘海・关山衣
5490	213200	210094;210295	漉血鸣锋・君吟游云护手 / 御龙乘海・江流护手
5490	213226	210119;210320	漉血鸣锋・君吟游云腰带 / 御龙乘海・江流腰带
5490	213252	210144;210345	漉血鸣锋・君吟游云靴 / 御龙乘海・江流靴
5490	213304	210194;210395	漉血鸣锋・君吟游云帽 / 御龙乘海・江流帽
5490	213330	210219;210420	漉血鸣锋・君吟游云衣 / 御龙乘海・江流衣
5491	213201	210095;210296	漉血鸣锋・长溪遥黛护手 / 御龙乘海・潇湘护手
5491	213227	210120;210321	漉血鸣锋・长溪遥黛腰带 / 御龙乘海・潇湘腰带
5491	213253	210145;210346	漉血鸣锋・长溪遥黛靴 / 御龙乘海・潇湘靴
5491	213305	210195;210396	漉血鸣锋・长溪遥黛帽 / 御龙乘海・潇湘帽
5491	213331	210220;210421	漉血鸣锋・长溪遥黛衣 / 御龙乘海・潇湘衣
5492	213202	210096;210297	漉血鸣锋・磊块破云护手 / 御龙乘海・激浪护手
5492	213228	210121;210322	漉血鸣锋・磊块破云腰带 / 御龙乘海・激浪腰带
5492	213254	210146;210347	漉血鸣锋・磊块破云靴 / 御龙乘海・激浪靴
5492	213306	210196;210397	漉血鸣锋・磊块破云帽 / 御龙乘海・激浪帽
5492	213332	210221;210422	漉血鸣锋・磊块破云衣 / 御龙乘海・激浪衣
5493	213203	210097;210298	漉血鸣锋・练波吞舟护手 / 御龙乘海・海吟护手
5493	213229	210122;210323	漉血鸣锋・练波吞舟腰带 / 御龙乘海・海吟腰带
5493	213255	210147;210348	漉血鸣锋・练波吞舟靴 / 御龙乘海・海吟靴
5493	213307	210197;210398	漉血鸣锋・练波吞舟帽 / 御龙乘海・海吟帽
5493	213333	210222;210423	漉血鸣锋・练波吞舟衣 / 御龙乘海・海吟衣
5494	213204	210098;210299	漉血鸣锋・山阳隐烟护手 / 御龙乘海・藏机护手
5494	213230	210123;210324	漉血鸣锋・山阳隐烟腰带 / 御龙乘海・藏机腰带
5494	213256	210148;210349	漉血鸣锋・山阳隐烟靴 / 御龙乘海・藏机靴
5494	213308	210198;210399	漉血鸣锋・山阳隐烟帽 / 御龙乘海・藏机帽
5494	213334	210223;210424	漉血鸣锋・山阳隐烟衣 / 御龙乘海・藏机衣
5495	213205	210099;210300	漉血鸣锋・混沌华胥护手 / 御龙乘海・遥汉护手
5495	213231	210124;210325	漉血鸣锋・混沌华胥腰带 / 御龙乘海・遥汉腰带
5495	213257	210149;210350	漉血鸣锋・混沌华胥靴 / 御龙乘海・遥汉靴
5495	213309	210199;210400	漉血鸣锋・混沌华胥帽 / 御龙乘海・遥汉帽
5495	213335	210224;210425	漉血鸣锋・混沌华胥衣 / 御龙乘海・遥汉衣
5496	213206	210100;210301	漉血鸣锋・垂森迷杳护手 / 御龙乘海・落桐护手
5496	213232	210125;210326	漉血鸣锋・垂森迷杳腰带 / 御龙乘海・落桐腰带
5496	213258	210150;210351	漉血鸣锋・垂森迷杳靴 / 御龙乘海・落桐靴
5496	213310	210200;210401	漉血鸣锋・垂森迷杳帽 / 御龙乘海・落桐帽
5496	213336	210225;210426	漉血鸣锋・垂森迷杳衣 / 御龙乘海・落桐衣
5497	213207	210101;210302	漉血鸣锋・沓雪冰茸护手 / 御龙乘海・万殊护手
5497	213233	210126;210327	漉血鸣锋・沓雪冰茸腰带 / 御龙乘海・万殊腰带
5497	213259	210151;210352	漉血鸣锋・沓雪冰茸靴 / 御龙乘海・万殊靴
5497	213311	210201;210402	漉血鸣锋・沓雪冰茸帽 / 御龙乘海・万殊帽
5497	213337	210226;210427	漉血鸣锋・沓雪冰茸衣 / 御龙乘海・万殊衣
5498	213208	210102;210303	漉血鸣锋・云鹏横锋护手 / 御龙乘海・无拘护手
5498	213234	210127;210328	漉血鸣锋・云鹏横锋腰带 / 御龙乘海・无拘腰带
5498	213260	210152;210353	漉血鸣锋・云鹏横锋靴 / 御龙乘海・无拘靴
5498	213312	210202;210403	漉血鸣锋・云鹏横锋帽 / 御龙乘海・无拘帽
5498	213338	210227;210428	漉血鸣锋・云鹏横锋衣 / 御龙乘海・无拘衣
5499	213209	213871;213879	漉血鸣锋・灵羁同梦护手 / 御龙乘海・饮羽护手
5499	213235	213872;213880	漉血鸣锋・灵羁同梦腰带 / 御龙乘海・饮羽腰带
5499	213261	213873;213881	漉血鸣锋・灵羁同梦靴 / 御龙乘海・饮羽靴
5499	213313	213875;213883	漉血鸣锋・灵羁同梦帽 / 御龙乘海・饮羽帽
5499	213339	213876;213884	漉血鸣锋・灵羁同梦衣 / 御龙乘海・饮羽衣
5500	212610	208674;209376	白骢过川・誓悯乘生护手 / 飞泉远岫・暮音护手
5500	212636	208699;209401	白骢过川・誓悯乘生腰带 / 飞泉远岫・暮音腰带
5500	212662	208724;209426	白骢过川・誓悯乘生靴 / 飞泉远岫・暮音靴
5500	212714	208774;209476	白骢过川・誓悯乘生冠 / 飞泉远岫・暮音冠
5500	212740	208799;209501	白骢过川・誓悯乘生衣 / 飞泉远岫・暮音衣
5501	212611	208675;209377	白骢过川・浮香落银护手 / 飞泉远岫・古今护手
5501	212637	208700;209402	白骢过川・浮香落银腰带 / 飞泉远岫・古今腰带
5501	212663	208725;209427	白骢过川・浮香落银靴 / 飞泉远岫・古今靴
5501	212715	208775;209477	白骢过川・浮香落银冠 / 飞泉远岫・古今冠
5501	212741	208800;209502	白骢过川・浮香落银衣 / 飞泉远岫・古今衣
5502	212612	208676;209378	白骢过川・怜幽繁英护手 / 飞泉远岫・涧烟护手
5502	212638	208701;209403	白骢过川・怜幽繁英腰带 / 飞泉远岫・涧烟腰带
5502	212664	208726;209428	白骢过川・怜幽繁英靴 / 飞泉远岫・涧烟靴
5502	212716	208776;209478	白骢过川・怜幽繁英冠 / 飞泉远岫・涧烟冠
5502	212742	208801;209503	白骢过川・怜幽繁英衣 / 飞泉远岫・涧烟衣
5503	212613	208677;209379	白骢过川・骏逸龙驹护手 / 飞泉远岫・功成护手
5503	212639	208702;209404	白骢过川・骏逸龙驹腰带 / 飞泉远岫・功成腰带
5503	212665	208727;209429	白骢过川・骏逸龙驹靴 / 飞泉远岫・功成靴
5503	212717	208777;209479	白骢过川・骏逸龙驹冠 / 飞泉远岫・功成冠
5503	212743	208802;209504	白骢过川・骏逸龙驹衣 / 飞泉远岫・功成衣
5504	212614	208678;209380	白骢过川・云远苍山护手 / 飞泉远岫・南客护手
5504	212640	208703;209405	白骢过川・云远苍山腰带 / 飞泉远岫・南客腰带
5504	212666	208728;209430	白骢过川・云远苍山靴 / 飞泉远岫・南客靴
5504	212718	208778;209480	白骢过川・云远苍山冠 / 飞泉远岫・南客冠
5504	212744	208803;209505	白骢过川・云远苍山衣 / 飞泉远岫・南客衣
5505	212615	208679;209381	白骢过川・惊梦客心护手 / 飞泉远岫・率然护手
5505	212641	208704;209406	白骢过川・惊梦客心腰带 / 飞泉远岫・率然腰带
5505	212667	208729;209431	白骢过川・惊梦客心靴 / 飞泉远岫・率然靴
5505	212719	208779;209481	白骢过川・惊梦客心冠 / 飞泉远岫・率然冠
5505	212745	208804;209506	白骢过川・惊梦客心衣 / 飞泉远岫・率然衣
5506	212616	208680;209382	白骢过川・粉靥绽月护手 / 飞泉远岫・青红护手
5506	212642	208705;209407	白骢过川・粉靥绽月腰带 / 飞泉远岫・青红腰带
5506	212668	208730;209432	白骢过川・粉靥绽月靴 / 飞泉远岫・青红靴
5506	212720	208780;209482	白骢过川・粉靥绽月冠 / 飞泉远岫・青红冠
5506	212746	208805;209507	白骢过川・粉靥绽月衣 / 飞泉远岫・青红衣
5507	212617	208681;209383	白骢过川・随流晓烟护手 / 飞泉远岫・晚来护手
5507	212643	208706;209408	白骢过川・随流晓烟腰带 / 飞泉远岫・晚来腰带
5507	212669	208731;209433	白骢过川・随流晓烟靴 / 飞泉远岫・晚来靴
5507	212721	208781;209483	白骢过川・随流晓烟冠 / 飞泉远岫・晚来冠
5507	212747	208806;209508	白骢过川・随流晓烟衣 / 飞泉远岫・晚来衣
5508	212618	208682;209384	白骢过川・疏帘流荧护手 / 飞泉远岫・蝶随护手
5508	212644	208707;209409	白骢过川・疏帘流荧腰带 / 飞泉远岫・蝶随腰带
5508	212670	208732;209434	白骢过川・疏帘流荧靴 / 飞泉远岫・蝶随靴
5508	212722	208782;209484	白骢过川・疏帘流荧冠 / 飞泉远岫・蝶随冠
5508	212748	208807;209509	白骢过川・疏帘流荧衣 / 飞泉远岫・蝶随衣
5509	212619	208683;209385	白骢过川・窗冷短晴护手 / 飞泉远岫・情独护手
5509	212645	208708;209410	白骢过川・窗冷短晴腰带 / 飞泉远岫・情独腰带
5509	212671	208733;209435	白骢过川・窗冷短晴靴 / 飞泉远岫・情独靴
5509	212723	208783;209485	白骢过川・窗冷短晴冠 / 飞泉远岫・情独冠
5509	212749	208808;209510	白骢过川・窗冷短晴衣 / 飞泉远岫・情独衣
5510	212620	208684;209386	白骢过川・烟溪独栖护手 / 飞泉远岫・泛烟护手
5510	212646	208709;209411	白骢过川・烟溪独栖腰带 / 飞泉远岫・泛烟腰带
5510	212672	208734;209436	白骢过川・烟溪独栖靴 / 飞泉远岫・泛烟靴
5510	212724	208784;209486	白骢过川・烟溪独栖冠 / 飞泉远岫・泛烟冠
5510	212750	208809;209511	白骢过川・烟溪独栖衣 / 飞泉远岫・泛烟衣
5511	212621	208685;209387	白骢过川・深竹远途护手 / 飞泉远岫・万里护手
5511	212647	208710;209412	白骢过川・深竹远途腰带 / 飞泉远岫・万里腰带
5511	212673	208735;209437	白骢过川・深竹远途靴 / 飞泉远岫・万里靴
5511	212725	208785;209487	白骢过川・深竹远途冠 / 飞泉远岫・万里冠
5511	212751	208810;209512	白骢过川・深竹远途衣 / 飞泉远岫・万里衣
5512	212622	208686;209388	白骢过川・云色寒川护手 / 飞泉远岫・阑干护手
5512	212648	208711;209413	白骢过川・云色寒川腰带 / 飞泉远岫・阑干腰带
5512	212674	208736;209438	白骢过川・云色寒川靴 / 飞泉远岫・阑干靴
5512	212726	208786;209488	白骢过川・云色寒川冠 / 飞泉远岫・阑干冠
5512	212752	208811;209513	白骢过川・云色寒川衣 / 飞泉远岫・阑干衣
5513	212623	208687;209389	白骢过川・倾海从君护手 / 飞泉远岫・青山护手
5513	212649	208712;209414	白骢过川・倾海从君腰带 / 飞泉远岫・青山腰带
5513	212675	208737;209439	白骢过川・倾海从君靴 / 飞泉远岫・青山靴
5513	212727	208787;209489	白骢过川・倾海从君冠 / 飞泉远岫・青山冠
5513	212753	208812;209514	白骢过川・倾海从君衣 / 飞泉远岫・青山衣
5514	212624	208688;209390	白骢过川・织月天河护手 / 飞泉远岫・旧影护手
5514	212650	208713;209415	白骢过川・织月天河腰带 / 飞泉远岫・旧影腰带
5514	212676	208738;209440	白骢过川・织月天河靴 / 飞泉远岫・旧影靴
5514	212728	208788;209490	白骢过川・织月天河冠 / 飞泉远岫・旧影冠
5514	212754	208813;209515	白骢过川・织月天河衣 / 飞泉远岫・旧影衣
5515	212625	208689;209391	白骢过川・边风连塞护手 / 飞泉远岫・楼月护手
5515	212651	208714;209416	白骢过川・边风连塞腰带 / 飞泉远岫・楼月腰带
5515	212677	208739;209441	白骢过川・边风连塞靴 / 飞泉远岫・楼月靴
5515	212729	208789;209491	白骢过川・边风连塞冠 / 飞泉远岫・楼月冠
5515	212755	208814;209516	白骢过川・边风连塞衣 / 飞泉远岫・楼月衣
5516	212626	208690;209392	白骢过川・静声孤桐护手 / 飞泉远岫・妙音护手
5516	212652	208715;209417	白骢过川・静声孤桐腰带 / 飞泉远岫・妙音腰带
5516	212678	208740;209442	白骢过川・静声孤桐靴 / 飞泉远岫・妙音靴
5516	212730	208790;209492	白骢过川・静声孤桐冠 / 飞泉远岫・妙音冠
5516	212756	208815;209517	白骢过川・静声孤桐衣 / 飞泉远岫・妙音衣
5517	212627	208691;209393	白骢过川・初静夜阑护手 / 飞泉远岫・秋瘦护手
5517	212653	208716;209418	白骢过川・初静夜阑腰带 / 飞泉远岫・秋瘦腰带
5517	212679	208741;209443	白骢过川・初静夜阑靴 / 飞泉远岫・秋瘦靴
5517	212731	208791;209493	白骢过川・初静夜阑冠 / 飞泉远岫・秋瘦冠
5517	212757	208816;209518	白骢过川・初静夜阑衣 / 飞泉远岫・秋瘦衣
5518	212628	208692;209394	白骢过川・飞电乍星护手 / 飞泉远岫・无际护手
5518	212654	208717;209419	白骢过川・飞电乍星腰带 / 飞泉远岫・无际腰带
5518	212680	208742;209444	白骢过川・飞电乍星靴 / 飞泉远岫・无际靴
5518	212732	208792;209494	白骢过川・飞电乍星冠 / 飞泉远岫・无际冠
5518	212758	208817;209519	白骢过川・飞电乍星衣 / 飞泉远岫・无际衣
5519	212629	208693;209395	白骢过川・迷楼鲸音护手 / 飞泉远岫・素练护手
5519	212655	208718;209420	白骢过川・迷楼鲸音腰带 / 飞泉远岫・素练腰带
5519	212681	208743;209445	白骢过川・迷楼鲸音靴 / 飞泉远岫・素练靴
5519	212733	208793;209495	白骢过川・迷楼鲸音冠 / 飞泉远岫・素练冠
5519	212759	208818;209520	白骢过川・迷楼鲸音衣 / 飞泉远岫・素练衣
5520	212630	208694;209396	白骢过川・承君渡尘护手 / 飞泉远岫・寒鸦护手
5520	212656	208719;209421	白骢过川・承君渡尘腰带 / 飞泉远岫・寒鸦腰带
5520	212682	208744;209446	白骢过川・承君渡尘靴 / 飞泉远岫・寒鸦靴
5520	212734	208794;209496	白骢过川・承君渡尘冠 / 飞泉远岫・寒鸦冠
5520	212760	208819;209521	白骢过川・承君渡尘衣 / 飞泉远岫・寒鸦衣
5521	212631	208695;209397	白骢过川・月循同序护手 / 飞泉远岫・星斗护手
5521	212657	208720;209422	白骢过川・月循同序腰带 / 飞泉远岫・星斗腰带
5521	212683	208745;209447	白骢过川・月循同序靴 / 飞泉远岫・星斗靴
5521	212735	208795;209497	白骢过川・月循同序冠 / 飞泉远岫・星斗冠
5521	212761	208820;209522	白骢过川・月循同序衣 / 飞泉远岫・星斗衣
5522	212632	208696;209398	白骢过川・远烟留枝护手 / 飞泉远岫・汗漫护手
5522	212658	208721;209423	白骢过川・远烟汾草腰带 / 飞泉远岫・汗漫腰带
5522	212684	208746;209448	白骢过川・远烟汾草靴 / 飞泉远岫・汗漫靴
5522	212736	208796;209498	白骢过川・远烟汾草冠 / 飞泉远岫・汗漫冠
5522	212762	208821;209523	白骢过川・远烟汾草衣 / 飞泉远岫・汗漫衣
5523	212633	208697;209399	白骢过川・凝暮忆群护手 / 飞泉远岫・晴时护手
5523	212659	208722;209424	白骢过川・凝暮忆群腰带 / 飞泉远岫・晴时腰带
5523	212685	208747;209449	白骢过川・凝暮忆群靴 / 飞泉远岫・晴时靴
5523	212737	208797;209499	白骢过川・凝暮忆群冠 / 飞泉远岫・晴时冠
5523	212763	208822;209524	白骢过川・凝暮忆群衣 / 飞泉远岫・晴时衣
5524	212634	208698;209400	白骢过川・归澜烟月护手 / 飞泉远岫・寒光护手
5524	212660	208723;209425	白骢过川・归澜烟月腰带 / 飞泉远岫・寒光腰带
5524	212686	208748;209450	白骢过川・归澜烟月靴 / 飞泉远岫・寒光靴
5524	212738	208798;209500	白骢过川・归澜烟月冠 / 飞泉远岫・寒光冠
5524	212764	208823;209525	白骢过川・归澜烟月衣 / 飞泉远岫・寒光衣
5525	212635	213815;213843	白骢过川・藏春朝晖护手 / 飞泉远岫・同梦护手
5525	212661	213816;213844	白骢过川・藏春朝晖腰带 / 飞泉远岫・同梦腰带
5525	212687	213817;213845	白骢过川・藏春朝晖靴 / 飞泉远岫・同梦靴
5525	212739	213819;213847	白骢过川・藏春朝晖冠 / 飞泉远岫・同梦冠
5525	212765	213820;213848	白骢过川・藏春朝晖衣 / 飞泉远岫・同梦衣
5526	212897	209025;209727	业火燎原・莲咒灾棘袖 / 覆海移山・俱幻袖
5526	212923	209050;209752	业火燎原・莲咒灾棘带 / 覆海移山・俱幻腰带
5526	212949	209075;209777	业火燎原・莲咒灾棘靴 / 覆海移山・俱幻靴
5526	213001	209125;209827	业火燎原・莲咒灾棘冠 / 覆海移山・俱幻冠
5526	213027	209150;209852	业火燎原・莲咒灾棘衣 / 覆海移山・俱幻衫
5527	212898	209026;209728	业火燎原・清影纵春袖 / 覆海移山・千载袖
5527	212924	209051;209753	业火燎原・清影纵春带 / 覆海移山・千载腰带
5527	212950	209076;209778	业火燎原・清影纵春靴 / 覆海移山・千载靴
5527	213002	209126;209828	业火燎原・清影纵春冠 / 覆海移山・千载冠
5527	213028	209151;209853	业火燎原・清影纵春衣 / 覆海移山・千载衫
5528	212899	209027;209729	业火燎原・金谷玉河袖 / 覆海移山・苗香袖
5528	212925	209052;209754	业火燎原・金谷玉河带 / 覆海移山・苗香腰带
5528	212951	209077;209779	业火燎原・金谷玉河靴 / 覆海移山・苗香靴
5528	213003	209127;209829	业火燎原・金谷玉河冠 / 覆海移山・苗香冠
5528	213029	209152;209854	业火燎原・金谷玉河衣 / 覆海移山・苗香衫
5529	212900	209028;209730	业火燎原・长虹青辔护臂 / 覆海移山・雨露袖
5529	212926	209053;209755	业火燎原・长虹青辔护腰 / 覆海移山・雨露腰带
5529	212952	209078;209780	业火燎原・长虹青辔靴 / 覆海移山・雨露靴
5529	213004	209128;209830	业火燎原・长虹青辔战盔 / 覆海移山・雨露冠
5529	213030	209153;209855	业火燎原・长虹青辔衣 / 覆海移山・雨露衫
5530	212901	209029;209731	业火燎原・傲松岁晚袖 / 覆海移山・九重袖
5530	212927	209054;209756	业火燎原・傲松岁晚带 / 覆海移山・九重腰带
5530	212953	209079;209781	业火燎原・傲松岁晚靴 / 覆海移山・九重靴
5530	213005	209129;209831	业火燎原・傲松岁晚冠 / 覆海移山・九重冠
5530	213031	209154;209856	业火燎原・傲松岁晚衣 / 覆海移山・九重衫
5531	212902	209030;209732	业火燎原・山翁松冈袖 / 覆海移山・月华袖
5531	212928	209055;209757	业火燎原・山翁松冈带 / 覆海移山・月华腰带
5531	212954	209080;209782	业火燎原・山翁松冈靴 / 覆海移山・月华靴
5531	213006	209130;209832	业火燎原・山翁松冈冠 / 覆海移山・月华冠
5531	213032	209155;209857	业火燎原・山翁松冈衣 / 覆海移山・月华衫
5532	212903	209031;209733	业火燎原・方霁吹绿袖 / 覆海移山・似玉袖
5532	212929	209056;209758	业火燎原・方霁吹绿带 / 覆海移山・似玉腰带
5532	212955	209081;209783	业火燎原・方霁吹绿靴 / 覆海移山・似玉靴
5532	213007	209131;209833	业火燎原・方霁吹绿冠 / 覆海移山・似玉冠
5532	213033	209156;209858	业火燎原・方霁吹绿衣 / 覆海移山・似玉衫
5533	212904	209032;209734	业火燎原・吹雨昼迟袖 / 覆海移山・新岁袖
5533	212930	209057;209759	业火燎原・吹雨昼迟带 / 覆海移山・新岁腰带
5533	212956	209082;209784	业火燎原・吹雨昼迟靴 / 覆海移山・新岁靴
5533	213008	209132;209834	业火燎原・吹雨昼迟冠 / 覆海移山・新岁帽
5533	213034	209157;209859	业火燎原・吹雨昼迟衣 / 覆海移山・新岁衫
5534	212905	209033;209735	业火燎原・潺悠梦断袖 / 覆海移山・山川袖
5534	212931	209058;209760	业火燎原・潺悠梦断带 / 覆海移山・山川腰带
5534	212957	209083;209785	业火燎原・潺悠梦断靴 / 覆海移山・山川靴
5534	213009	209133;209835	业火燎原・潺悠梦断冠 / 覆海移山・山川冠
5534	213035	209158;209860	业火燎原・潺悠梦断衣 / 覆海移山・山川衫
5535	212906	209034;209736	业火燎原・幽梦尘洲袖 / 覆海移山・妙理袖
5535	212932	209059;209761	业火燎原・幽梦尘洲带 / 覆海移山・妙理腰带
5535	212958	209084;209786	业火燎原・幽梦尘洲靴 / 覆海移山・妙理靴
5535	213010	209134;209836	业火燎原・幽梦尘洲冠 / 覆海移山・妙理冠
5535	213036	209159;209861	业火燎原・幽梦尘洲衣 / 覆海移山・妙理衫
5536	212907	209035;209737	业火燎原・剑阁故竹袖 / 覆海移山・抚育袖
5536	212933	209060;209762	业火燎原・剑阁故竹带 / 覆海移山・抚育腰带
5536	212959	209085;209787	业火燎原・剑阁故竹靴 / 覆海移山・抚育靴
5536	213011	209135;209837	业火燎原・剑阁故竹冠 / 覆海移山・抚育冠
5536	213037	209160;209862	业火燎原・剑阁故竹衣 / 覆海移山・抚育衫
5537	212908	209036;209738	业火燎原・折星云翳袖 / 覆海移山・逆旅袖
5537	212934	209061;209763	业火燎原・折星云翳带 / 覆海移山・逆旅腰带
5537	212960	209086;209788	业火燎原・折星云翳靴 / 覆海移山・逆旅靴
5537	213012	209136;209838	业火燎原・折星云翳冠 / 覆海移山・逆旅冠
5537	213038	209161;209863	业火燎原・折星云翳衣 / 覆海移山・逆旅衫
5538	212909	209037;209739	业火燎原・香满风露护手 / 覆海移山・凉生袖
5538	212935	209062;209764	业火燎原・香满风露护腰 / 覆海移山・凉生腰带
5538	212961	209087;209789	业火燎原・香满风露履 / 覆海移山・凉生靴
5538	213013	209137;209839	业火燎原・香满风露帽 / 覆海移山・凉生冠
5538	213039	209162;209864	业火燎原・香满风露衫 / 覆海移山・凉生衫
5539	212910	209038;209740	业火燎原・醉乾月迁袖 / 覆海移山・飞隙袖
5539	212936	209063;209765	业火燎原・醉乾月迁带 / 覆海移山・飞隙腰带
5539	212962	209088;209790	业火燎原・醉乾月迁靴 / 覆海移山・飞隙靴
5539	213014	209138;209840	业火燎原・醉乾月迁冠 / 覆海移山・飞隙冠
5539	213040	209163;209865	业火燎原・醉乾月迁衫 / 覆海移山・飞隙衫
5540	212911	209039;209741	业火燎原・澄光湛澈袖 / 覆海移山・荒烟袖
5540	212937	209064;209766	业火燎原・澄光湛澈带 / 覆海移山・荒烟腰带
5540	212963	209089;209791	业火燎原・澄光湛澈靴 / 覆海移山・荒烟靴
5540	213015	209139;209841	业火燎原・澄光湛澈冠 / 覆海移山・荒烟冠
5540	213041	209164;209866	业火燎原・澄光湛澈衫 / 覆海移山・荒烟衫
5541	212912	209040;209742	业火燎原・尘雪烽野护臂 / 覆海移山・花落袖
5541	212938	209065;209767	业火燎原・尘雪烽野护腰 / 覆海移山・花落腰带
5541	212964	209090;209792	业火燎原・尘雪烽野战靴 / 覆海移山・花落靴
5541	213016	209140;209842	业火燎原・尘雪烽野帽 / 覆海移山・花落冠
5541	213042	209165;209867	业火燎原・尘雪烽野甲 / 覆海移山・花落衣
5542	212913	209041;209743	业火燎原・弦中露寒袖 / 覆海移山・三山袖
5542	212939	209066;209768	业火燎原・弦中露寒带 / 覆海移山・三山腰带
5542	212965	209091;209793	业火燎原・弦中露寒履 / 覆海移山・三山靴
5542	213017	209141;209843	业火燎原・弦中露寒冠 / 覆海移山・三山冠
5542	213043	209166;209868	业火燎原・弦中露寒衫 / 覆海移山・三山衣
5543	212914	209042;209744	业火燎原・月伴独春袖 / 覆海移山・心笑袖
5543	212940	209067;209769	业火燎原・月伴独春带 / 覆海移山・心笑腰带
5543	212966	209092;209794	业火燎原・月伴独春履 / 覆海移山・心笑靴
5543	213018	209142;209844	业火燎原・月伴独春冠 / 覆海移山・心笑冠
5543	213044	209167;209869	业火燎原・月伴独春衫 / 覆海移山・心笑衫
5544	212915	209043;209745	业火燎原・流电昭回护手 / 覆海移山・宝光袖
5544	212941	209068;209770	业火燎原・流电昭回护腰 / 覆海移山・宝光腰带
5544	212967	209093;209795	业火燎原・流电昭回靴 / 覆海移山・宝光靴
5544	213019	209143;209845	业火燎原・流电昭回帽 / 覆海移山・宝光冠
5544	213045	209168;209870	业火燎原・流电昭回衣 / 覆海移山・宝光衫
5545	212916	209044;209746	业火燎原・倾波海秋袖 / 覆海移山・神羽袖
5545	212942	209069;209771	业火燎原・倾波海秋带 / 覆海移山・神羽腰带
5545	212968	209094;209796	业火燎原・倾波海秋靴 / 覆海移山・神羽靴
5545	213020	209144;209846	业火燎原・倾波海秋冠 / 覆海移山・神羽冠
5545	213046	209169;209871	业火燎原・倾波海秋衫 / 覆海移山・神羽衫
5546	212917	209045;209747	业火燎原・藏名命途护手 / 覆海移山・闲处袖
5546	212943	209070;209772	业火燎原・藏名命途护腰 / 覆海移山・闲处腰带
5546	212969	209095;209797	业火燎原・藏名命途履 / 覆海移山・闲处靴
5546	213021	209145;209847	业火燎原・藏名命途帽 / 覆海移山・闲处冠
5546	213047	209170;209872	业火燎原・藏名命途衫 / 覆海移山・闲处衫
5547	212918	209046;209748	业火燎原・道明浮蓬袖 / 覆海移山・周旋袖
5547	212944	209071;209773	业火燎原・道明浮蓬带 / 覆海移山・周旋腰带
5547	212970	209096;209798	业火燎原・道明浮蓬靴 / 覆海移山・周旋靴
5547	213022	209146;209848	业火燎原・道明浮蓬冠 / 覆海移山・周旋冠
5547	213048	209171;209873	业火燎原・道明浮蓬衣 / 覆海移山・周旋衫
5548	212919	209047;209749	业火燎原・翠萝春舟袖 / 覆海移山・争春袖
5548	212945	209072;209774	业火燎原・翠萝春舟带 / 覆海移山・争春腰带
5548	212971	209097;209799	业火燎原・翠萝春舟履 / 覆海移山・争春靴
5548	213023	209147;209849	业火燎原・翠萝春舟冠 / 覆海移山・争春冠
5548	213049	209172;209874	业火燎原・翠萝春舟衫 / 覆海移山・争春衫
5549	212920	209048;209750	业火燎原・霏微归草袖 / 覆海移山・丹灶袖
5549	212946	209073;209775	业火燎原・霏微归草带 / 覆海移山・丹灶腰带
5549	212972	209098;209800	业火燎原・霏微归草履 / 覆海移山・丹灶靴
5549	213024	209148;209850	业火燎原・霏微归草冠 / 覆海移山・丹灶冠
5549	213050	209173;209875	业火燎原・霏微归草衫 / 覆海移山・丹灶衫
5550	212921	209049;209751	业火燎原・云影轻帆护臂 / 覆海移山・扁舟袖
5550	212947	209074;209776	业火燎原・云影轻帆护腰 / 覆海移山・扁舟腰带
5550	212973	209099;209801	业火燎原・云影轻帆靴 / 覆海移山・扁舟靴
5550	213025	209149;209851	业火燎原・云影轻帆帽 / 覆海移山・扁舟冠
5550	213051	209174;209876	业火燎原・云影轻帆衣 / 覆海移山・扁舟衫
5551	212922	213829;213857	业火燎原・关山沃焦护手 / 覆海移山・临泉袖
5551	212948	213830;213858	业火燎原・关山沃焦护腰 / 覆海移山・临泉腰带
5551	212974	213831;213859	业火燎原・关山沃焦履 / 覆海移山・临泉靴
5551	213026	213833;213861	业火燎原・关山沃焦帽 / 覆海移山・临泉冠
5551	213052	213834;213862	业火燎原・关山沃焦衫 / 覆海移山・临泉衫
5552	212766	208824;209526;	白骢过川・誓悯乘生链 / 飞泉远岫・暮音链
5552	212792	208849;209551;	白骢过川・誓悯乘生坠 / 飞泉远岫・暮音坠
5552	212818	208874;209576;	白骢过川・誓悯乘生戒 / 飞泉远岫・暮音戒
5552	212766	208824;209526;	白骢过川・誓悯乘生链 / 飞泉远岫・暮音链
5552	212792	208849;209551;	白骢过川・誓悯乘生坠 / 飞泉远岫・暮音坠
5552	212818	208874;209576;	白骢过川・誓悯乘生戒 / 飞泉远岫・暮音戒
5553	212767	208825;209527;	白骢过川・浮香落银链 / 飞泉远岫・古今链
5553	212793	208850;209552;	白骢过川・浮香落银坠 / 飞泉远岫・古今坠
5553	212819	208875;209577;	白骢过川・浮香落银戒 / 飞泉远岫・古今戒
5553	212767	208825;209527;	白骢过川・浮香落银链 / 飞泉远岫・古今链
5553	212793	208850;209552;	白骢过川・浮香落银坠 / 飞泉远岫・古今坠
5553	212819	208875;209577;	白骢过川・浮香落银戒 / 飞泉远岫・古今戒
5554	212768	208826;209528;	白骢过川・怜幽繁英链 / 飞泉远岫・涧烟链
5554	212794	208851;209553;	白骢过川・怜幽繁英坠 / 飞泉远岫・涧烟坠
5554	212820	208876;209578;	白骢过川・怜幽繁英戒 / 飞泉远岫・涧烟戒
5554	212768	208826;209528;	白骢过川・怜幽繁英链 / 飞泉远岫・涧烟链
5554	212794	208851;209553;	白骢过川・怜幽繁英坠 / 飞泉远岫・涧烟坠
5554	212820	208876;209578;	白骢过川・怜幽繁英戒 / 飞泉远岫・涧烟戒
5555	212769	208827;209529;	白骢过川・骏逸龙驹链 / 飞泉远岫・功成链
5555	212795	208852;209554;	白骢过川・骏逸龙驹坠 / 飞泉远岫・功成坠
5555	212821	208877;209579;	白骢过川・骏逸龙驹戒 / 飞泉远岫・功成戒
5555	212769	208827;209529;	白骢过川・骏逸龙驹链 / 飞泉远岫・功成链
5555	212795	208852;209554;	白骢过川・骏逸龙驹坠 / 飞泉远岫・功成坠
5555	212821	208877;209579;	白骢过川・骏逸龙驹戒 / 飞泉远岫・功成戒
5556	212770	208828;209530;	白骢过川・云远苍山链 / 飞泉远岫・南客链
5556	212796	208853;209555;	白骢过川・云远苍山坠 / 飞泉远岫・南客坠
5556	212822	208878;209580;	白骢过川・云远苍山戒 / 飞泉远岫・南客戒
5556	212770	208828;209530;	白骢过川・云远苍山链 / 飞泉远岫・南客链
5556	212796	208853;209555;	白骢过川・云远苍山坠 / 飞泉远岫・南客坠
5556	212822	208878;209580;	白骢过川・云远苍山戒 / 飞泉远岫・南客戒
5557	212771	208829;209531;	白骢过川・惊梦客心链 / 飞泉远岫・率然链
5557	212797	208854;209556;	白骢过川・惊梦客心坠 / 飞泉远岫・率然坠
5557	212823	208879;209581;	白骢过川・惊梦客心戒 / 飞泉远岫・率然戒
5557	212771	208829;209531;	白骢过川・惊梦客心链 / 飞泉远岫・率然链
5557	212797	208854;209556;	白骢过川・惊梦客心坠 / 飞泉远岫・率然坠
5557	212823	208879;209581;	白骢过川・惊梦客心戒 / 飞泉远岫・率然戒
5558	212772	208830;209532;	白骢过川・粉靥绽月链 / 飞泉远岫・青红链
5558	212798	208855;209557;	白骢过川・粉靥绽月坠 / 飞泉远岫・青红坠
5558	212824	208880;209582;	白骢过川・粉靥绽月戒 / 飞泉远岫・青红戒
5558	212772	208830;209532;	白骢过川・粉靥绽月链 / 飞泉远岫・青红链
5558	212798	208855;209557;	白骢过川・粉靥绽月坠 / 飞泉远岫・青红坠
5558	212824	208880;209582;	白骢过川・粉靥绽月戒 / 飞泉远岫・青红戒
5559	212773	208831;209533;	白骢过川・随流晓烟链 / 飞泉远岫・晚来链
5559	212799	208856;209558;	白骢过川・随流晓烟坠 / 飞泉远岫・晚来坠
5559	212825	208881;209583;	白骢过川・随流晓烟戒 / 飞泉远岫・晚来戒
5559	212773	208831;209533;	白骢过川・随流晓烟链 / 飞泉远岫・晚来链
5559	212799	208856;209558;	白骢过川・随流晓烟坠 / 飞泉远岫・晚来坠
5559	212825	208881;209583;	白骢过川・随流晓烟戒 / 飞泉远岫・晚来戒
5560	212774	208832;209534;	白骢过川・疏帘流荧链 / 飞泉远岫・蝶随链
5560	212800	208857;209559;	白骢过川・疏帘流荧坠 / 飞泉远岫・蝶随坠
5560	212826	208882;209584;	白骢过川・疏帘流荧戒 / 飞泉远岫・蝶随戒
5560	212774	208832;209534;	白骢过川・疏帘流荧链 / 飞泉远岫・蝶随链
5560	212800	208857;209559;	白骢过川・疏帘流荧坠 / 飞泉远岫・蝶随坠
5560	212826	208882;209584;	白骢过川・疏帘流荧戒 / 飞泉远岫・蝶随戒
5561	212775	208833;209535;	白骢过川・窗冷短晴链 / 飞泉远岫・情独链
5561	212801	208858;209560;	白骢过川・窗冷短晴坠 / 飞泉远岫・情独坠
5561	212827	208883;209585;	白骢过川・窗冷短晴戒 / 飞泉远岫・情独戒
5561	212775	208833;209535;	白骢过川・窗冷短晴链 / 飞泉远岫・情独链
5561	212801	208858;209560;	白骢过川・窗冷短晴坠 / 飞泉远岫・情独坠
5561	212827	208883;209585;	白骢过川・窗冷短晴戒 / 飞泉远岫・情独戒
5562	212776	208834;209536;	白骢过川・烟溪独栖链 / 飞泉远岫・泛烟链
5562	212802	208859;209561;	白骢过川・烟溪独栖坠 / 飞泉远岫・泛烟坠
5562	212828	208884;209586;	白骢过川・烟溪独栖戒 / 飞泉远岫・泛烟戒
5562	212776	208834;209536;	白骢过川・烟溪独栖链 / 飞泉远岫・泛烟链
5562	212802	208859;209561;	白骢过川・烟溪独栖坠 / 飞泉远岫・泛烟坠
5562	212828	208884;209586;	白骢过川・烟溪独栖戒 / 飞泉远岫・泛烟戒
5563	212777	208835;209537;	白骢过川・深竹远途链 / 飞泉远岫・万里链
5563	212803	208860;209562;	白骢过川・深竹远途坠 / 飞泉远岫・万里坠
5563	212829	208885;209587;	白骢过川・深竹远途戒 / 飞泉远岫・万里戒
5563	212777	208835;209537;	白骢过川・深竹远途链 / 飞泉远岫・万里链
5563	212803	208860;209562;	白骢过川・深竹远途坠 / 飞泉远岫・万里坠
5563	212829	208885;209587;	白骢过川・深竹远途戒 / 飞泉远岫・万里戒
5564	212778	208836;209538;	白骢过川・云色寒川链 / 飞泉远岫・阑干链
5564	212804	208861;209563;	白骢过川・云色寒川坠 / 飞泉远岫・阑干坠
5564	212830	208886;209588;	白骢过川・云色寒川戒 / 飞泉远岫・阑干戒
5564	212778	208836;209538;	白骢过川・云色寒川链 / 飞泉远岫・阑干链
5564	212804	208861;209563;	白骢过川・云色寒川坠 / 飞泉远岫・阑干坠
5564	212830	208886;209588;	白骢过川・云色寒川戒 / 飞泉远岫・阑干戒
5565	212779	208837;209539;	白骢过川・倾海从君链 / 飞泉远岫・青山链
5565	212805	208862;209564;	白骢过川・倾海从君坠 / 飞泉远岫・青山坠
5565	212831	208887;209589;	白骢过川・倾海从君戒 / 飞泉远岫・青山戒
5565	212779	208837;209539;	白骢过川・倾海从君链 / 飞泉远岫・青山链
5565	212805	208862;209564;	白骢过川・倾海从君坠 / 飞泉远岫・青山坠
5565	212831	208887;209589;	白骢过川・倾海从君戒 / 飞泉远岫・青山戒
5566	212780	208838;209540;	白骢过川・织月天河链 / 飞泉远岫・旧影链
5566	212806	208863;209565;	白骢过川・织月天河坠 / 飞泉远岫・旧影坠
5566	212832	208888;209590;	白骢过川・织月天河戒 / 飞泉远岫・旧影戒
5566	212780	208838;209540;	白骢过川・织月天河链 / 飞泉远岫・旧影链
5566	212806	208863;209565;	白骢过川・织月天河坠 / 飞泉远岫・旧影坠
5566	212832	208888;209590;	白骢过川・织月天河戒 / 飞泉远岫・旧影戒
5567	212781	208839;209541;	白骢过川・边风连塞链 / 飞泉远岫・楼月链
5567	212807	208864;209566;	白骢过川・边风连塞坠 / 飞泉远岫・楼月坠
5567	212833	208889;209591;	白骢过川・边风连塞戒 / 飞泉远岫・楼月戒
5567	212781	208839;209541;	白骢过川・边风连塞链 / 飞泉远岫・楼月链
5567	212807	208864;209566;	白骢过川・边风连塞坠 / 飞泉远岫・楼月坠
5567	212833	208889;209591;	白骢过川・边风连塞戒 / 飞泉远岫・楼月戒
5568	212782	208840;209542;	白骢过川・静声孤桐链 / 飞泉远岫・妙音链
5568	212808	208865;209567;	白骢过川・静声孤桐坠 / 飞泉远岫・妙音坠
5568	212834	208890;209592;	白骢过川・静声孤桐戒 / 飞泉远岫・妙音戒
5568	212782	208840;209542;	白骢过川・静声孤桐链 / 飞泉远岫・妙音链
5568	212808	208865;209567;	白骢过川・静声孤桐坠 / 飞泉远岫・妙音坠
5568	212834	208890;209592;	白骢过川・静声孤桐戒 / 飞泉远岫・妙音戒
5569	212783	208841;209543;	白骢过川・初静夜阑链 / 飞泉远岫・秋瘦链
5569	212809	208866;209568;	白骢过川・初静夜阑坠 / 飞泉远岫・秋瘦坠
5569	212835	208891;209593;	白骢过川・初静夜阑戒 / 飞泉远岫・秋瘦戒
5569	212783	208841;209543;	白骢过川・初静夜阑链 / 飞泉远岫・秋瘦链
5569	212809	208866;209568;	白骢过川・初静夜阑坠 / 飞泉远岫・秋瘦坠
5569	212835	208891;209593;	白骢过川・初静夜阑戒 / 飞泉远岫・秋瘦戒
5570	212784	208842;209544;	白骢过川・飞电乍星链 / 飞泉远岫・无际链
5570	212810	208867;209569;	白骢过川・飞电乍星坠 / 飞泉远岫・无际坠
5570	212836	208892;209594;	白骢过川・飞电乍星戒 / 飞泉远岫・无际戒
5570	212784	208842;209544;	白骢过川・飞电乍星链 / 飞泉远岫・无际链
5570	212810	208867;209569;	白骢过川・飞电乍星坠 / 飞泉远岫・无际坠
5570	212836	208892;209594;	白骢过川・飞电乍星戒 / 飞泉远岫・无际戒
5571	212785	208843;209545;	白骢过川・迷楼鲸音链 / 飞泉远岫・素练链
5571	212811	208868;209570;	白骢过川・迷楼鲸音坠 / 飞泉远岫・素练坠
5571	212837	208893;209595;	白骢过川・迷楼鲸音戒 / 飞泉远岫・素练戒
5571	212785	208843;209545;	白骢过川・迷楼鲸音链 / 飞泉远岫・素练链
5571	212811	208868;209570;	白骢过川・迷楼鲸音坠 / 飞泉远岫・素练坠
5571	212837	208893;209595;	白骢过川・迷楼鲸音戒 / 飞泉远岫・素练戒
5572	212786	208844;209546;	白骢过川・承君渡尘链 / 飞泉远岫・寒鸦链
5572	212812	208869;209571;	白骢过川・承君渡尘坠 / 飞泉远岫・寒鸦坠
5572	212838	208894;209596;	白骢过川・承君渡尘戒 / 飞泉远岫・寒鸦戒
5572	212786	208844;209546;	白骢过川・承君渡尘链 / 飞泉远岫・寒鸦链
5572	212812	208869;209571;	白骢过川・承君渡尘坠 / 飞泉远岫・寒鸦坠
5572	212838	208894;209596;	白骢过川・承君渡尘戒 / 飞泉远岫・寒鸦戒
5573	212787	208845;209547;	白骢过川・月循同序链 / 飞泉远岫・星斗链
5573	212813	208870;209572;	白骢过川・月循同序坠 / 飞泉远岫・星斗坠
5573	212839	208895;209597;	白骢过川・月循同序戒 / 飞泉远岫・星斗戒
5573	212787	208845;209547;	白骢过川・月循同序链 / 飞泉远岫・星斗链
5573	212813	208870;209572;	白骢过川・月循同序坠 / 飞泉远岫・星斗坠
5573	212839	208895;209597;	白骢过川・月循同序戒 / 飞泉远岫・星斗戒
5574	212788	208846;209548;	白骢过川・远烟汾草链 / 飞泉远岫・汗漫链
5574	212814	208871;209573;	白骢过川・远烟汾草坠 / 飞泉远岫・汗漫坠
5574	212840	208896;209598;	白骢过川・远烟汾草戒 / 飞泉远岫・汗漫戒
5574	212788	208846;209548;	白骢过川・远烟汾草链 / 飞泉远岫・汗漫链
5574	212814	208871;209573;	白骢过川・远烟汾草坠 / 飞泉远岫・汗漫坠
5574	212840	208896;209598;	白骢过川・远烟汾草戒 / 飞泉远岫・汗漫戒
5575	212789	208847;209549;	白骢过川・凝暮忆群链 / 飞泉远岫・晴时链
5575	212815	208872;209574;	白骢过川・凝暮忆群坠 / 飞泉远岫・晴时坠
5575	212841	208897;209599;	白骢过川・凝暮忆群戒 / 飞泉远岫・晴时戒
5575	212789	208847;209549;	白骢过川・凝暮忆群链 / 飞泉远岫・晴时链
5575	212815	208872;209574;	白骢过川・凝暮忆群坠 / 飞泉远岫・晴时坠
5575	212841	208897;209599;	白骢过川・凝暮忆群戒 / 飞泉远岫・晴时戒
5576	212790	208848;209550;	白骢过川・归澜烟月链 / 飞泉远岫・寒光链
5576	212816	208873;209575;	白骢过川・归澜烟月坠 / 飞泉远岫・寒光坠
5576	212842	208898;209600;	白骢过川・归澜烟月戒 / 飞泉远岫・寒光戒
5576	212790	208848;209550;	白骢过川・归澜烟月链 / 飞泉远岫・寒光链
5576	212816	208873;209575;	白骢过川・归澜烟月坠 / 飞泉远岫・寒光坠
5576	212842	208898;209600;	白骢过川・归澜烟月戒 / 飞泉远岫・寒光戒
5577	212791	213821;213849	白骢过川・藏春关山链 / 飞泉远岫・同梦链
5577	212817	213822;213850	白骢过川・藏春关山坠 / 飞泉远岫・同梦坠
5577	212843	213823;213851	白骢过川・藏春朝晖戒 / 飞泉远岫・同梦戒
5577	212791	213824;213852	白骢过川・藏春朝晖链 / 飞泉远岫・同梦链
5577	212817	213825;213853	白骢过川・藏春朝晖坠 / 飞泉远岫・同梦坠
5577	212843	213826;213854	白骢过川・藏春朝晖戒 / 飞泉远岫・同梦戒
5578	213053	209175;209877;	业火燎原・莲咒灾棘链 / 覆海移山・俱幻链
5578	213079	209200;209902;	业火燎原・莲咒灾棘腰坠 / 覆海移山・俱幻腰坠
5578	213105	209225;209927;	业火燎原・莲咒灾棘戒 / 覆海移山・俱幻戒
5578	213053	209175;209877;	业火燎原・莲咒灾棘链 / 覆海移山・俱幻链
5578	213079	209200;209902;	业火燎原・莲咒灾棘腰坠 / 覆海移山・俱幻腰坠
5578	213105	209225;209927;	业火燎原・莲咒灾棘戒 / 覆海移山・俱幻戒
5579	213054	209176;209878;	业火燎原・清影纵春链 / 覆海移山・千载链
5579	213080	209201;209903;	业火燎原・清影纵春 / 覆海移山・千载腰坠
5579	213106	209226;209928;	业火燎原・清影纵春戒 / 覆海移山・千载戒
5579	213054	209176;209878;	业火燎原・清影纵春链 / 覆海移山・千载链
5579	213080	209201;209903;	业火燎原・清影纵春 / 覆海移山・千载腰坠
5579	213106	209226;209928;	业火燎原・清影纵春戒 / 覆海移山・千载戒
5580	213055	209177;209879;	业火燎原・金谷玉河链 / 覆海移山・苗香链
5580	213081	209202;209904;	业火燎原・金谷玉河 / 覆海移山・苗香腰坠
5580	213107	209227;209929;	业火燎原・金谷玉河戒 / 覆海移山・苗香戒
5580	213055	209177;209879;	业火燎原・金谷玉河链 / 覆海移山・苗香链
5580	213081	209202;209904;	业火燎原・金谷玉河 / 覆海移山・苗香腰坠
5580	213107	209227;209929;	业火燎原・金谷玉河戒 / 覆海移山・苗香戒
5581	213056	209178;209880;	业火燎原・长虹青辔链 / 覆海移山・雨露链
5581	213082	209203;209905;	业火燎原・长虹青辔腰坠 / 覆海移山・雨露腰坠
5581	213108	209228;209930;	业火燎原・长虹青辔指环 / 覆海移山・雨露戒
5581	213056	209178;209880;	业火燎原・长虹青辔链 / 覆海移山・雨露链
5581	213082	209203;209905;	业火燎原・长虹青辔腰坠 / 覆海移山・雨露腰坠
5581	213108	209228;209930;	业火燎原・长虹青辔指环 / 覆海移山・雨露戒
5582	213057	209179;209881;	业火燎原・傲松岁晚链 / 覆海移山・九重链
5582	213083	209204;209906;	业火燎原・傲松岁晚腰坠 / 覆海移山・九重腰坠
5582	213109	209229;209931;	业火燎原・傲松岁晚戒 / 覆海移山・九重戒
5582	213057	209179;209881;	业火燎原・傲松岁晚链 / 覆海移山・九重链
5582	213083	209204;209906;	业火燎原・傲松岁晚腰坠 / 覆海移山・九重腰坠
5582	213109	209229;209931;	业火燎原・傲松岁晚戒 / 覆海移山・九重戒
5583	213058	209180;209882;	业火燎原・山翁松冈链 / 覆海移山・月华链
5583	213084	209205;209907;	业火燎原・山翁松冈腰坠 / 覆海移山・月华腰坠
5583	213110	209230;209932;	业火燎原・山翁松冈戒 / 覆海移山・月华戒
5583	213058	209180;209882;	业火燎原・山翁松冈链 / 覆海移山・月华链
5583	213084	209205;209907;	业火燎原・山翁松冈腰坠 / 覆海移山・月华腰坠
5583	213110	209230;209932;	业火燎原・山翁松冈戒 / 覆海移山・月华戒
5584	213059	209181;209883;	业火燎原・方霁吹绿链 / 覆海移山・似玉链
5584	213085	209206;209908;	业火燎原・方霁吹绿 / 覆海移山・似玉腰坠
5584	213111	209231;209933;	业火燎原・方霁吹绿戒 / 覆海移山・似玉戒
5584	213059	209181;209883;	业火燎原・方霁吹绿链 / 覆海移山・似玉链
5584	213085	209206;209908;	业火燎原・方霁吹绿 / 覆海移山・似玉腰坠
5584	213111	209231;209933;	业火燎原・方霁吹绿戒 / 覆海移山・似玉戒
5585	213060	209182;209884;	业火燎原・吹雨昼迟链 / 覆海移山・新岁链
5585	213086	209207;209909;	业火燎原・吹雨昼迟 / 覆海移山・新岁腰坠
5585	213112	209232;209934;	业火燎原・吹雨昼迟戒 / 覆海移山・新岁戒
5585	213060	209182;209884;	业火燎原・吹雨昼迟链 / 覆海移山・新岁链
5585	213086	209207;209909;	业火燎原・吹雨昼迟 / 覆海移山・新岁腰坠
5585	213112	209232;209934;	业火燎原・吹雨昼迟戒 / 覆海移山・新岁戒
5586	213061	209183;209885;	业火燎原・潺悠梦断链 / 覆海移山・山川链
5586	213087	209208;209910;	业火燎原・潺悠梦断腰坠 / 覆海移山・山川腰坠
5586	213113	209233;209935;	业火燎原・潺悠梦断戒 / 覆海移山・山川戒
5586	213061	209183;209885;	业火燎原・潺悠梦断链 / 覆海移山・山川链
5586	213087	209208;209910;	业火燎原・潺悠梦断腰坠 / 覆海移山・山川腰坠
5586	213113	209233;209935;	业火燎原・潺悠梦断戒 / 覆海移山・山川戒
5587	213062	209184;209886;	业火燎原・幽梦尘洲链 / 覆海移山・妙理链
5587	213088	209209;209911;	业火燎原・幽梦尘洲腰坠 / 覆海移山・妙理腰坠
5587	213114	209234;209936;	业火燎原・幽梦尘洲戒 / 覆海移山・妙理戒
5587	213062	209184;209886;	业火燎原・幽梦尘洲链 / 覆海移山・妙理链
5587	213088	209209;209911;	业火燎原・幽梦尘洲腰坠 / 覆海移山・妙理腰坠
5587	213114	209234;209936;	业火燎原・幽梦尘洲戒 / 覆海移山・妙理戒
5588	213063	209185;209887;	业火燎原・剑阁故竹链 / 覆海移山・抚育链
5588	213089	209210;209912;	业火燎原・剑阁故竹腰坠 / 覆海移山・抚育腰坠
5588	213115	209235;209937;	业火燎原・剑阁故竹指环 / 覆海移山・抚育戒
5588	213063	209185;209887;	业火燎原・剑阁故竹链 / 覆海移山・抚育链
5588	213089	209210;209912;	业火燎原・剑阁故竹腰坠 / 覆海移山・抚育腰坠
5588	213115	209235;209937;	业火燎原・剑阁故竹指环 / 覆海移山・抚育戒
5589	213064	209186;209888;	业火燎原・折星云翳链 / 覆海移山・逆旅链
5589	213090	209211;209913;	业火燎原・折星云翳腰坠 / 覆海移山・逆旅腰坠
5589	213116	209236;209938;	业火燎原・折星云翳戒 / 覆海移山・逆旅戒
5589	213064	209186;209888;	业火燎原・折星云翳链 / 覆海移山・逆旅链
5589	213090	209211;209913;	业火燎原・折星云翳腰坠 / 覆海移山・逆旅腰坠
5589	213116	209236;209938;	业火燎原・折星云翳戒 / 覆海移山・逆旅戒
5590	213065	209187;209889;	业火燎原・香满风露链 / 覆海移山・凉生链
5590	213091	209212;209914;	业火燎原・香满风露坠 / 覆海移山・凉生腰坠
5590	213117	209237;209939;	业火燎原・香满风露戒 / 覆海移山・凉生戒
5590	213065	209187;209889;	业火燎原・香满风露链 / 覆海移山・凉生链
5590	213091	209212;209914;	业火燎原・香满风露坠 / 覆海移山・凉生腰坠
5590	213117	209237;209939;	业火燎原・香满风露戒 / 覆海移山・凉生戒
5591	213066	209188;209890;	业火燎原・醉乾月迁链 / 覆海移山・飞隙链
5591	213092	209213;209915;	业火燎原・醉乾月迁坠 / 覆海移山・飞隙腰坠
5591	213118	209238;209940;	业火燎原・醉乾月迁戒 / 覆海移山・飞隙戒
5591	213066	209188;209890;	业火燎原・醉乾月迁链 / 覆海移山・飞隙链
5591	213092	209213;209915;	业火燎原・醉乾月迁坠 / 覆海移山・飞隙腰坠
5591	213118	209238;209940;	业火燎原・醉乾月迁戒 / 覆海移山・飞隙戒
5592	213067	209189;209891;	业火燎原・澄光湛澈链 / 覆海移山・荒烟链
5592	213093	209214;209916;	业火燎原・澄光湛澈腰坠 / 覆海移山・荒烟腰坠
5592	213119	209239;209941;	业火燎原・澄光湛澈戒 / 覆海移山・荒烟戒
5592	213067	209189;209891;	业火燎原・澄光湛澈链 / 覆海移山・荒烟链
5592	213093	209214;209916;	业火燎原・澄光湛澈腰坠 / 覆海移山・荒烟腰坠
5592	213119	209239;209941;	业火燎原・澄光湛澈戒 / 覆海移山・荒烟戒
5593	213068	209190;209892;	业火燎原・尘雪烽野链 / 覆海移山・花落链
5593	213094	209215;209917;	业火燎原・尘雪烽野坠 / 覆海移山・花落腰坠
5593	213120	209240;209942;	业火燎原・尘雪烽野戒 / 覆海移山・花落戒
5593	213068	209190;209892;	业火燎原・尘雪烽野链 / 覆海移山・花落链
5593	213094	209215;209917;	业火燎原・尘雪烽野坠 / 覆海移山・花落腰坠
5593	213120	209240;209942;	业火燎原・尘雪烽野戒 / 覆海移山・花落戒
5594	213069	209191;209893;	业火燎原・弦中露寒链 / 覆海移山・三山链
5594	213095	209216;209918;	业火燎原・弦中露寒 / 覆海移山・三山腰坠
5594	213121	209241;209943;	业火燎原・弦中露寒戒 / 覆海移山・三山戒
5594	213069	209191;209893;	业火燎原・弦中露寒链 / 覆海移山・三山链
5594	213095	209216;209918;	业火燎原・弦中露寒 / 覆海移山・三山腰坠
5594	213121	209241;209943;	业火燎原・弦中露寒戒 / 覆海移山・三山戒
5595	213070	209192;209894;	业火燎原・月伴独春链 / 覆海移山・心笑链
5595	213096	209217;209919;	业火燎原・月伴独春坠 / 覆海移山・心笑腰坠
5595	213122	209242;209944;	业火燎原・月伴独春戒 / 覆海移山・心笑戒
5595	213070	209192;209894;	业火燎原・月伴独春链 / 覆海移山・心笑链
5595	213096	209217;209919;	业火燎原・月伴独春坠 / 覆海移山・心笑腰坠
5595	213122	209242;209944;	业火燎原・月伴独春戒 / 覆海移山・心笑戒
5596	213071	209193;209895;	业火燎原・流电昭回链 / 覆海移山・宝光链
5596	213097	209218;209920;	业火燎原・流电昭回坠 / 覆海移山・宝光腰坠
5596	213123	209243;209945;	业火燎原・流电昭回戒 / 覆海移山・宝光戒
5596	213071	209193;209895;	业火燎原・流电昭回链 / 覆海移山・宝光链
5596	213097	209218;209920;	业火燎原・流电昭回坠 / 覆海移山・宝光腰坠
5596	213123	209243;209945;	业火燎原・流电昭回戒 / 覆海移山・宝光戒
5597	213072	209194;209896;	业火燎原・倾波海秋链 / 覆海移山・神羽链
5597	213098	209219;209921;	业火燎原・倾波海秋坠 / 覆海移山・神羽腰坠
5597	213124	209244;209946;	业火燎原・倾波海秋指环 / 覆海移山・神羽戒
5597	213072	209194;209896;	业火燎原・倾波海秋链 / 覆海移山・神羽链
5597	213098	209219;209921;	业火燎原・倾波海秋坠 / 覆海移山・神羽腰坠
5597	213124	209244;209946;	业火燎原・倾波海秋指环 / 覆海移山・神羽戒
5598	213073	209195;209897;	业火燎原・藏名命途链 / 覆海移山・闲处链
5598	213099	209220;209922;	业火燎原・藏名命途坠 / 覆海移山・闲处腰坠
5598	213125	209245;209947;	业火燎原・藏名命途戒 / 覆海移山・闲处戒
5598	213073	209195;209897;	业火燎原・藏名命途链 / 覆海移山・闲处链
5598	213099	209220;209922;	业火燎原・藏名命途坠 / 覆海移山・闲处腰坠
5598	213125	209245;209947;	业火燎原・藏名命途戒 / 覆海移山・闲处戒
5599	213074	209196;209898;	业火燎原・道明浮蓬链 / 覆海移山・周旋链
5599	213100	209221;209923;	业火燎原・道明浮蓬腰坠 / 覆海移山・周旋腰坠
5599	213126	209246;209948;	业火燎原・道明浮蓬戒 / 覆海移山・周旋戒
5599	213074	209196;209898;	业火燎原・道明浮蓬链 / 覆海移山・周旋链
5599	213100	209221;209923;	业火燎原・道明浮蓬腰坠 / 覆海移山・周旋腰坠
5599	213126	209246;209948;	业火燎原・道明浮蓬戒 / 覆海移山・周旋戒
5600	213075	209197;209899;	业火燎原・翠萝春舟链 / 覆海移山・争春链
5600	213101	209222;209924;	业火燎原・翠萝春舟 / 覆海移山・争春腰坠
5600	213127	209247;209949;	业火燎原・翠萝春舟戒 / 覆海移山・争春戒
5600	213075	209197;209899;	业火燎原・翠萝春舟链 / 覆海移山・争春链
5600	213101	209222;209924;	业火燎原・翠萝春舟 / 覆海移山・争春腰坠
5600	213127	209247;209949;	业火燎原・翠萝春舟戒 / 覆海移山・争春戒
5601	213076	209198;209900;	业火燎原・霏微归草链 / 覆海移山・丹灶链
5601	213102	209223;209925;	业火燎原・霏微归草坠 / 覆海移山・丹灶腰坠
5601	213128	209248;209950;	业火燎原・霏微归草戒 / 覆海移山・丹灶戒
5601	213076	209198;209900;	业火燎原・霏微归草链 / 覆海移山・丹灶链
5601	213102	209223;209925;	业火燎原・霏微归草坠 / 覆海移山・丹灶腰坠
5601	213128	209248;209950;	业火燎原・霏微归草戒 / 覆海移山・丹灶戒
5602	213077	209199;209901;	业火燎原・云影轻帆链 / 覆海移山・扁舟链
5602	213103	209224;209926;	业火燎原・云影轻帆坠 / 覆海移山・扁舟腰坠
5602	213129	209249;209951;	业火燎原・云影轻帆戒 / 覆海移山・扁舟戒
5602	213077	209199;209901;	业火燎原・云影轻帆链 / 覆海移山・扁舟链
5602	213103	209224;209926;	业火燎原・云影轻帆坠 / 覆海移山・扁舟腰坠
5602	213129	209249;209951;	业火燎原・云影轻帆戒 / 覆海移山・扁舟戒
5603	213078	213835;213863	业火燎原・关山朝晖链 / 覆海移山・临泉链
5603	213104	213836;213864	业火燎原・关山朝晖坠 / 覆海移山・临泉腰坠
5603	213130	213837;213865	业火燎原・关山沃焦戒 / 覆海移山・临泉戒
5603	213078	213838;213866	业火燎原・关山沃焦链 / 覆海移山・临泉链
5603	213104	213839;213867	业火燎原・关山沃焦坠 / 覆海移山・临泉腰坠
5603	213130	213840;213868	业火燎原・关山沃焦戒 / 覆海移山・临泉戒
5632	214031	214036	燕云・瞻影衣/燕云・瞻影衣
5632	214032	214037	燕云・瞻影护手/燕云・瞻影护手
5632	214033	214038	燕云・瞻影腰带/燕云・瞻影腰带
5632	214034	214039	燕云・瞻影靴/燕云・瞻影靴
5632	214035	214040	燕云・瞻影冠/燕云・瞻影冠
5633	214041	214046	驰冥・瞻影衣/驰冥・瞻影衣
5633	214042	214047	驰冥・瞻影护手/驰冥・瞻影护手
5633	214043	214048	驰冥・瞻影腰带/驰冥・瞻影腰带
5633	214044	214049	驰冥・瞻影靴/驰冥・瞻影靴
5633	214045	214050	驰冥・瞻影冠/驰冥・瞻影冠
5634	214051	214056	未烬・瞻影冠/未烬・瞻影冠
5634	214052	214057	未烬・瞻影衣/未烬・瞻影衣
5634	214053	214058	未烬・瞻影腰带/未烬・瞻影腰带
5634	214054	214059	未烬・瞻影护手/未烬・瞻影护手
5634	214055	214060	未烬・瞻影靴/未烬・瞻影靴
