ID	Name	TabType	TabIndex	StartPrice	Duration	Probability
0				1	226800	0
1	彩・霸体・锐刃・狂攻(陆)	5	12006	5000		1
2	彩・霸体・锐刃・斩铁(陆)	5	12012	5000		1
3	彩・霸体・锐刃・痛击(陆)	5	12018	5000		1
4	彩・霸体・斩铁・狂攻(陆)	5	12024	5000		1
5	彩・霸体・斩铁・锐刃(陆)	5	12030	5000		1
6	彩・霸体・斩铁・痛击(陆)	5	12036	5000		1
7	彩・霸体・痛击・狂攻(陆)	5	12042	5000		1
8	彩・霸体・痛击・斩铁(陆)	5	12048	5000		1
9	彩・霸体・痛击・锐刃(陆)	5	12054	5000		1
10	彩・霸体・大化・狂攻(陆)	5	12060	5000		1
11	彩・霸体・大化・斩铁(陆)	5	12066	5000		1
12	彩・霸体・大化・锐刃(陆)	5	12072	5000		1
13	彩・霸体・大化・痛击(陆)	5	12078	5000		1
14	彩・真刚・锐刃・狂攻(陆)	5	12084	5000		1
15	彩・真刚・锐刃・斩铁(陆)	5	12090	5000		1
16	彩・真刚・锐刃・痛击(陆)	5	12096	5000		1
17	彩・真刚・斩铁・狂攻(陆)	5	12102	5000		1
18	彩・真刚・斩铁・锐刃(陆)	5	12108	5000		1
19	彩・真刚・斩铁・痛击(陆)	5	12114	5000		1
20	彩・真刚・痛击・狂攻(陆)	5	12120	5000		1
21	彩・真刚・痛击・斩铁(陆)	5	12126	5000		1
22	彩・真刚・痛击・锐刃(陆)	5	12132	5000		1
23	彩・真刚・大化・狂攻(陆)	5	12138	5000		1
24	彩・真刚・大化・斩铁(陆)	5	12144	5000		1
25	彩・真刚・大化・锐刃(陆)	5	12150	5000		1
26	彩・真刚・大化・痛击(陆)	5	12156	5000		1
27	彩・瞬影・锐刃・狂攻(陆)	5	12162	5000		1
28	彩・瞬影・锐刃・斩铁(陆)	5	12168	5000		1
29	彩・瞬影・锐刃・痛击(陆)	5	12174	5000		1
30	彩・瞬影・斩铁・狂攻(陆)	5	12180	5000		1
31	彩・瞬影・斩铁・锐刃(陆)	5	12186	5000		1
32	彩・瞬影・斩铁・痛击(陆)	5	12192	5000		1
33	彩・瞬影・痛击・狂攻(陆)	5	12198	5000		1
34	彩・瞬影・痛击・斩铁(陆)	5	12204	5000		1
35	彩・瞬影・痛击・锐刃(陆)	5	12210	5000		1
36	彩・瞬影・大化・狂攻(陆)	5	12216	5000		1
37	彩・瞬影・大化・斩铁(陆)	5	12222	5000		1
38	彩・瞬影・大化・锐刃(陆)	5	12228	5000		1
39	彩・瞬影・大化・痛击(陆)	5	12234	5000		1
40	彩・灵根・锐刃・狂攻(陆)	5	12240	5000		1
41	彩・灵根・锐刃・斩铁(陆)	5	12246	5000		1
42	彩・灵根・锐刃・痛击(陆)	5	12252	5000		1
43	彩・灵根・斩铁・狂攻(陆)	5	12258	5000		1
44	彩・灵根・斩铁・锐刃(陆)	5	12264	5000		1
45	彩・灵根・斩铁・痛击(陆)	5	12270	5000		1
46	彩・灵根・痛击・狂攻(陆)	5	12276	5000		1
47	彩・灵根・痛击・斩铁(陆)	5	12282	5000		1
48	彩・灵根・痛击・锐刃(陆)	5	12288	5000		1
49	彩・灵根・大化・狂攻(陆)	5	12294	5000		1
50	彩・灵根・大化・斩铁(陆)	5	12300	5000		1
51	彩・灵根・大化・锐刃(陆)	5	12306	5000		1
52	彩・灵根・大化・痛击(陆)	5	12312	5000		1
53	彩・锐刃・斩铁・狂攻(陆)	5	12318	5000		1
54	彩・锐刃・斩铁・痛击(陆)	5	12324	5000		1
55	彩・锐刃・痛击・狂攻(陆)	5	12330	5000		1
56	彩・锐刃・痛击・斩铁(陆)	5	12336	5000		1
57	彩・锐刃・大化・狂攻(陆)	5	12342	5000		1
58	彩・锐刃・大化・斩铁(陆)	5	12348	5000		1
59	彩・锐刃・大化・痛击(陆)	5	12354	5000		1
60	彩・斩铁・锐刃・狂攻(陆)	5	12360	5000		1
61	彩・斩铁・锐刃・痛击(陆)	5	12366	5000		1
62	彩・斩铁・痛击・狂攻(陆)	5	12372	5000		1
63	彩・斩铁・痛击・锐刃(陆)	5	12378	5000		1
64	彩・斩铁・大化・狂攻(陆)	5	12384	5000		1
65	彩・斩铁・大化・锐刃(陆)	5	12390	5000		1
66	彩・斩铁・大化・痛击(陆)	5	12396	5000		1
67	彩・见切・锐刃・狂攻(陆)	5	12402	5000		1
68	彩・见切・锐刃・斩铁(陆)	5	12408	5000		1
69	彩・见切・锐刃・痛击(陆)	5	12414	5000		1
70	彩・见切・斩铁・狂攻(陆)	5	12420	5000		1
71	彩・见切・斩铁・锐刃(陆)	5	12426	5000		1
72	彩・见切・斩铁・痛击(陆)	5	12432	5000		1
73	彩・见切・痛击・狂攻(陆)	5	12438	5000		1
74	彩・见切・痛击・斩铁(陆)	5	12444	5000		1
75	彩・见切・痛击・锐刃(陆)	5	12450	5000		1
76	彩・见切・大化・狂攻(陆)	5	12456	5000		1
77	彩・见切・大化・斩铁(陆)	5	12462	5000		1
78	彩・见切・大化・锐刃(陆)	5	12468	5000		1
79	彩・见切・大化・痛击(陆)	5	12474	5000		1
80	彩・痛击・锐刃・狂攻(陆)	5	12480	5000		1
81	彩・痛击・锐刃・斩铁(陆)	5	12486	5000		1
82	彩・痛击・斩铁・狂攻(陆)	5	12492	5000		1
83	彩・痛击・斩铁・锐刃(陆)	5	12498	5000		1
84	彩・痛击・大化・狂攻(陆)	5	12504	5000		1
85	彩・痛击・大化・斩铁(陆)	5	12510	5000		1
86	彩・痛击・大化・锐刃(陆)	5	12516	5000		1
87	彩・心眼・锐刃・狂攻(陆)	5	12522	5000		1
88	彩・心眼・锐刃・斩铁(陆)	5	12528	5000		1
89	彩・心眼・锐刃・痛击(陆)	5	12534	5000		1
90	彩・心眼・斩铁・狂攻(陆)	5	12540	5000		1
91	彩・心眼・斩铁・锐刃(陆)	5	12546	5000		1
92	彩・心眼・斩铁・痛击(陆)	5	12552	5000		1
93	彩・心眼・痛击・狂攻(陆)	5	12558	5000		1
94	彩・心眼・痛击・斩铁(陆)	5	12564	5000		1
95	彩・心眼・痛击・锐刃(陆)	5	12570	5000		1
96	彩・心眼・大化・狂攻(陆)	5	12576	5000		1
97	彩・心眼・大化・斩铁(陆)	5	12582	5000		1
98	彩・心眼・大化・锐刃(陆)	5	12588	5000		1
99	彩・心眼・大化・痛击(陆)	5	12594	5000		1
100	彩・无双・锐刃・狂攻(陆)	5	12600	5000		1
101	彩・无双・锐刃・斩铁(陆)	5	12606	5000		1
102	彩・无双・锐刃・痛击(陆)	5	12612	5000		1
103	彩・无双・斩铁・狂攻(陆)	5	12618	5000		1
104	彩・无双・斩铁・锐刃(陆)	5	12624	5000		1
105	彩・无双・斩铁・痛击(陆)	5	12630	5000		1
106	彩・无双・痛击・狂攻(陆)	5	12636	5000		1
107	彩・无双・痛击・斩铁(陆)	5	12642	5000		1
108	彩・无双・痛击・锐刃(陆)	5	12648	5000		1
109	彩・大御・锐刃・狂攻(陆)	5	12654	5000		1
110	彩・大御・锐刃・斩铁(陆)	5	12660	5000		1
111	彩・大御・锐刃・痛击(陆)	5	12666	5000		1
112	彩・大御・斩铁・狂攻(陆)	5	12672	5000		1
113	彩・大御・斩铁・锐刃(陆)	5	12678	5000		1
114	彩・大御・斩铁・痛击(陆)	5	12684	5000		1
115	彩・大御・痛击・狂攻(陆)	5	12690	5000		1
116	彩・大御・痛击・斩铁(陆)	5	12696	5000		1
117	彩・大御・痛击・锐刃(陆)	5	12702	5000		1
118	彩・大御・大化・狂攻(陆)	5	12708	5000		1
119	彩・大御・大化・斩铁(陆)	5	12714	5000		1
120	彩・大御・大化・锐刃(陆)	5	12720	5000		1
121	彩・大御・大化・痛击(陆)	5	12726	5000		1
122	彩・大化・锐刃・狂攻(陆)	5	12732	5000		1
123	彩・大化・锐刃・斩铁(陆)	5	12738	5000		1
124	彩・大化・锐刃・痛击(陆)	5	12744	5000		1
125	彩・大化・斩铁・狂攻(陆)	5	12750	5000		1
126	彩・大化・斩铁・锐刃(陆)	5	12756	5000		1
127	彩・大化・斩铁・痛击(陆)	5	12762	5000		1
128	彩・大化・痛击・狂攻(陆)	5	12768	5000		1
129	彩・大化・痛击・斩铁(陆)	5	12774	5000		1
130	彩・大化・痛击・锐刃(陆)	5	12780	5000		1
131	彩・灵根・烈阳・日炎(陆)	5	12786	5000		1
132	彩・灵根・烈阳・浴火(陆)	5	12792	5000		1
133	彩・灵根・雷鸣・混沌(陆)	5	12798	5000		1
134	彩・灵根・雷鸣・霹雳(陆)	5	12804	5000		1
135	彩・灵根・霜冷・冻髓(陆)	5	12810	5000		1
136	彩・灵根・霜冷・杯雪(陆)	5	12816	5000		1
137	彩・灵根・鹤顶・腐心(陆)	5	12822	5000		1
138	彩・灵根・鹤顶・穿石(陆)	5	12828	5000		1
139	彩・灵根・日炎・烈阳(陆)	5	12846	5000		1
140	彩・灵根・日炎・浴火(陆)	5	12852	5000		1
141	彩・灵根・混沌・雷鸣(陆)	5	12858	5000		1
142	彩・灵根・混沌・霹雳(陆)	5	12864	5000		1
143	彩・灵根・冻髓・霜冷(陆)	5	12870	5000		1
144	彩・灵根・冻髓・杯雪(陆)	5	12876	5000		1
145	彩・灵根・腐心・鹤顶(陆)	5	12882	5000		1
146	彩・灵根・腐心・穿石(陆)	5	12888	5000		1
147	彩・灵根・浴火・烈阳(陆)	5	12906	5000		1
148	彩・灵根・浴火・日炎(陆)	5	12912	5000		1
149	彩・灵根・霹雳・雷鸣(陆)	5	12918	5000		1
150	彩・灵根・霹雳・混沌(陆)	5	12924	5000		1
151	彩・灵根・杯雪・霜冷(陆)	5	12930	5000		1
152	彩・灵根・杯雪・冻髓(陆)	5	12936	5000		1
153	彩・灵根・穿石・鹤顶(陆)	5	12942	5000		1
154	彩・灵根・穿石・腐心(陆)	5	12948	5000		1
155	彩・灵根・大化・烈阳(陆)	5	12966	5000		1
156	彩・灵根・大化・雷鸣(陆)	5	12972	5000		1
157	彩・灵根・大化・霜冷(陆)	5	12978	5000		1
158	彩・灵根・大化・鹤顶(陆)	5	12984	5000		1
159	彩・灵根・大化・日炎(陆)	5	12996	5000		1
160	彩・灵根・大化・混沌(陆)	5	13002	5000		1
161	彩・灵根・大化・冻髓(陆)	5	13008	5000		1
162	彩・灵根・大化・腐心(陆)	5	13014	5000		1
163	彩・灵根・大化・浴火(陆)	5	13026	5000		1
164	彩・灵根・大化・霹雳(陆)	5	13032	5000		1
165	彩・灵根・大化・杯雪(陆)	5	13038	5000		1
166	彩・灵根・大化・穿石(陆)	5	13044	5000		1
167	彩・真元・烈阳・日炎(陆)	5	13056	5000		1
168	彩・真元・烈阳・浴火(陆)	5	13062	5000		1
169	彩・真元・雷鸣・混沌(陆)	5	13068	5000		1
170	彩・真元・雷鸣・霹雳(陆)	5	13074	5000		1
171	彩・真元・霜冷・冻髓(陆)	5	13080	5000		1
172	彩・真元・霜冷・杯雪(陆)	5	13086	5000		1
173	彩・真元・鹤顶・腐心(陆)	5	13092	5000		1
174	彩・真元・鹤顶・穿石(陆)	5	13098	5000		1
175	彩・真元・日炎・烈阳(陆)	5	13116	5000		1
176	彩・真元・日炎・浴火(陆)	5	13122	5000		1
177	彩・真元・混沌・雷鸣(陆)	5	13128	5000		1
178	彩・真元・混沌・霹雳(陆)	5	13134	5000		1
179	彩・真元・冻髓・霜冷(陆)	5	13140	5000		1
180	彩・真元・冻髓・杯雪(陆)	5	13146	5000		1
181	彩・真元・腐心・鹤顶(陆)	5	13152	5000		1
182	彩・真元・腐心・穿石(陆)	5	13158	5000		1
183	彩・真元・浴火・烈阳(陆)	5	13176	5000		1
184	彩・真元・浴火・日炎(陆)	5	13182	5000		1
185	彩・真元・霹雳・雷鸣(陆)	5	13188	5000		1
186	彩・真元・霹雳・混沌(陆)	5	13194	5000		1
187	彩・真元・杯雪・霜冷(陆)	5	13200	5000		1
188	彩・真元・杯雪・冻髓(陆)	5	13206	5000		1
189	彩・真元・穿石・鹤顶(陆)	5	13212	5000		1
190	彩・真元・穿石・腐心(陆)	5	13218	5000		1
191	彩・真元・大化・烈阳(陆)	5	13236	5000		1
192	彩・真元・大化・雷鸣(陆)	5	13242	5000		1
193	彩・真元・大化・霜冷(陆)	5	13248	5000		1
194	彩・真元・大化・鹤顶(陆)	5	13254	5000		1
195	彩・真元・大化・日炎(陆)	5	13266	5000		1
196	彩・真元・大化・混沌(陆)	5	13272	5000		1
197	彩・真元・大化・冻髓(陆)	5	13278	5000		1
198	彩・真元・大化・腐心(陆)	5	13284	5000		1
199	彩・真元・大化・浴火(陆)	5	13296	5000		1
200	彩・真元・大化・霹雳(陆)	5	13302	5000		1
201	彩・真元・大化・杯雪(陆)	5	13308	5000		1
202	彩・真元・大化・穿石(陆)	5	13314	5000		1
203	彩・真刚・烈阳・日炎(陆)	5	13326	5000		1
204	彩・真刚・烈阳・浴火(陆)	5	13332	5000		1
205	彩・真刚・日炎・烈阳(陆)	5	13338	5000		1
206	彩・真刚・日炎・浴火(陆)	5	13344	5000		1
207	彩・真刚・浴火・烈阳(陆)	5	13350	5000		1
208	彩・真刚・浴火・日炎(陆)	5	13356	5000		1
209	彩・真刚・大化・烈阳(陆)	5	13362	5000		1
210	彩・真刚・大化・日炎(陆)	5	13368	5000		1
211	彩・真刚・大化・浴火(陆)	5	13374	5000		1
212	彩・烈阳・日炎・浴火(陆)	5	13380	5000		1
213	彩・烈阳・浴火・日炎(陆)	5	13386	5000		1
214	彩・烈阳・大化・日炎(陆)	5	13392	5000		1
215	彩・烈阳・大化・浴火(陆)	5	13398	5000		1
216	彩・雷鸣・混沌・霹雳(陆)	5	13404	5000		1
217	彩・雷鸣・霹雳・混沌(陆)	5	13410	5000		1
218	彩・雷鸣・大化・混沌(陆)	5	13416	5000		1
219	彩・雷鸣・大化・霹雳(陆)	5	13422	5000		1
220	彩・霜冷・冻髓・杯雪(陆)	5	13428	5000		1
221	彩・霜冷・杯雪・冻髓(陆)	5	13434	5000		1
222	彩・霜冷・大化・冻髓(陆)	5	13440	5000		1
223	彩・霜冷・大化・杯雪(陆)	5	13446	5000		1
224	彩・鹤顶・腐心・穿石(陆)	5	13452	5000		1
225	彩・鹤顶・穿石・腐心(陆)	5	13458	5000		1
226	彩・鹤顶・大化・腐心(陆)	5	13464	5000		1
227	彩・鹤顶・大化・穿石(陆)	5	13470	5000		1
228	彩・日炎・烈阳・浴火(陆)	5	13500	5000		1
229	彩・日炎・浴火・烈阳(陆)	5	13506	5000		1
230	彩・日炎・大化・烈阳(陆)	5	13512	5000		1
231	彩・日炎・大化・浴火(陆)	5	13518	5000		1
232	彩・混沌・雷鸣・霹雳(陆)	5	13524	5000		1
233	彩・混沌・霹雳・雷鸣(陆)	5	13530	5000		1
234	彩・混沌・大化・雷鸣(陆)	5	13536	5000		1
235	彩・混沌・大化・霹雳(陆)	5	13542	5000		1
236	彩・冻髓・霜冷・杯雪(陆)	5	13548	5000		1
237	彩・冻髓・杯雪・霜冷(陆)	5	13554	5000		1
238	彩・冻髓・大化・霜冷(陆)	5	13560	5000		1
239	彩・冻髓・大化・杯雪(陆)	5	13566	5000		1
240	彩・腐心・鹤顶・穿石(陆)	5	13572	5000		1
241	彩・腐心・穿石・鹤顶(陆)	5	13578	5000		1
242	彩・腐心・大化・鹤顶(陆)	5	13584	5000		1
243	彩・腐心・大化・穿石(陆)	5	13590	5000		1
244	彩・燎原・烈阳・日炎(陆)	5	13620	5000		1
245	彩・燎原・烈阳・浴火(陆)	5	13626	5000		1
246	彩・燎原・日炎・烈阳(陆)	5	13632	5000		1
247	彩・燎原・日炎・浴火(陆)	5	13638	5000		1
248	彩・燎原・浴火・烈阳(陆)	5	13644	5000		1
249	彩・燎原・浴火・日炎(陆)	5	13650	5000		1
250	彩・燎原・大化・烈阳(陆)	5	13656	5000		1
251	彩・燎原・大化・日炎(陆)	5	13662	5000		1
252	彩・燎原・大化・浴火(陆)	5	13668	5000		1
253	彩・融天・雷鸣・混沌(陆)	5	13674	5000		1
254	彩・融天・雷鸣・霹雳(陆)	5	13680	5000		1
255	彩・融天・混沌・雷鸣(陆)	5	13686	5000		1
256	彩・融天・混沌・霹雳(陆)	5	13692	5000		1
257	彩・融天・霹雳・雷鸣(陆)	5	13698	5000		1
258	彩・融天・霹雳・混沌(陆)	5	13704	5000		1
259	彩・融天・大化・雷鸣(陆)	5	13710	5000		1
260	彩・融天・大化・混沌(陆)	5	13716	5000		1
261	彩・融天・大化・霹雳(陆)	5	13722	5000		1
262	彩・化雪・霜冷・冻髓(陆)	5	13728	5000		1
263	彩・化雪・霜冷・杯雪(陆)	5	13734	5000		1
264	彩・化雪・冻髓・霜冷(陆)	5	13740	5000		1
265	彩・化雪・冻髓・杯雪(陆)	5	13746	5000		1
266	彩・化雪・杯雪・霜冷(陆)	5	13752	5000		1
267	彩・化雪・杯雪・冻髓(陆)	5	13758	5000		1
268	彩・化雪・大化・霜冷(陆)	5	13764	5000		1
269	彩・化雪・大化・冻髓(陆)	5	13770	5000		1
270	彩・化雪・大化・杯雪(陆)	5	13776	5000		1
271	彩・蚀骨・鹤顶・腐心(陆)	5	13782	5000		1
272	彩・蚀骨・鹤顶・穿石(陆)	5	13788	5000		1
273	彩・蚀骨・腐心・鹤顶(陆)	5	13794	5000		1
274	彩・蚀骨・腐心・穿石(陆)	5	13800	5000		1
275	彩・蚀骨・穿石・鹤顶(陆)	5	13806	5000		1
276	彩・蚀骨・穿石・腐心(陆)	5	13812	5000		1
277	彩・蚀骨・大化・鹤顶(陆)	5	13818	5000		1
278	彩・蚀骨・大化・腐心(陆)	5	13824	5000		1
279	彩・蚀骨・大化・穿石(陆)	5	13830	5000		1
280	彩・浴火・烈阳・日炎(陆)	5	13890	5000		1
281	彩・浴火・日炎・烈阳(陆)	5	13896	5000		1
282	彩・浴火・大化・烈阳(陆)	5	13902	5000		1
283	彩・浴火・大化・日炎(陆)	5	13908	5000		1
284	彩・霹雳・雷鸣・混沌(陆)	5	13914	5000		1
285	彩・霹雳・混沌・雷鸣(陆)	5	13920	5000		1
286	彩・霹雳・大化・雷鸣(陆)	5	13926	5000		1
287	彩・霹雳・大化・混沌(陆)	5	13932	5000		1
288	彩・杯雪・霜冷・冻髓(陆)	5	13938	5000		1
289	彩・杯雪・冻髓・霜冷(陆)	5	13944	5000		1
290	彩・杯雪・大化・霜冷(陆)	5	13950	5000		1
291	彩・杯雪・大化・冻髓(陆)	5	13956	5000		1
292	彩・穿石・鹤顶・腐心(陆)	5	13962	5000		1
293	彩・穿石・腐心・鹤顶(陆)	5	13968	5000		1
294	彩・穿石・大化・鹤顶(陆)	5	13974	5000		1
295	彩・穿石・大化・腐心(陆)	5	13980	5000		1
296	彩・灼筋・烈阳・日炎(陆)	5	14010	5000		1
297	彩・灼筋・烈阳・浴火(陆)	5	14016	5000		1
298	彩・灼筋・日炎・烈阳(陆)	5	14022	5000		1
299	彩・灼筋・日炎・浴火(陆)	5	14028	5000		1
300	彩・灼筋・浴火・烈阳(陆)	5	14034	5000		1
301	彩・灼筋・浴火・日炎(陆)	5	14040	5000		1
302	彩・灼筋・大化・烈阳(陆)	5	14046	5000		1
303	彩・灼筋・大化・日炎(陆)	5	14052	5000		1
304	彩・灼筋・大化・浴火(陆)	5	14058	5000		1
305	彩・裂激・雷鸣・混沌(陆)	5	14064	5000		1
306	彩・裂激・雷鸣・霹雳(陆)	5	14070	5000		1
307	彩・裂激・混沌・雷鸣(陆)	5	14076	5000		1
308	彩・裂激・混沌・霹雳(陆)	5	14082	5000		1
309	彩・裂激・霹雳・雷鸣(陆)	5	14088	5000		1
310	彩・裂激・霹雳・混沌(陆)	5	14094	5000		1
311	彩・裂激・大化・雷鸣(陆)	5	14100	5000		1
312	彩・裂激・大化・混沌(陆)	5	14106	5000		1
313	彩・裂激・大化・霹雳(陆)	5	14112	5000		1
314	彩・碎冰・霜冷・冻髓(陆)	5	14118	5000		1
315	彩・碎冰・霜冷・杯雪(陆)	5	14124	5000		1
316	彩・碎冰・冻髓・霜冷(陆)	5	14130	5000		1
317	彩・碎冰・冻髓・杯雪(陆)	5	14136	5000		1
318	彩・碎冰・杯雪・霜冷(陆)	5	14142	5000		1
319	彩・碎冰・杯雪・冻髓(陆)	5	14148	5000		1
320	彩・碎冰・大化・霜冷(陆)	5	14154	5000		1
321	彩・碎冰・大化・冻髓(陆)	5	14160	5000		1
322	彩・碎冰・大化・杯雪(陆)	5	14166	5000		1
323	彩・化玉・鹤顶・腐心(陆)	5	14172	5000		1
324	彩・化玉・鹤顶・穿石(陆)	5	14178	5000		1
325	彩・化玉・腐心・鹤顶(陆)	5	14184	5000		1
326	彩・化玉・腐心・穿石(陆)	5	14190	5000		1
327	彩・化玉・穿石・鹤顶(陆)	5	14196	5000		1
328	彩・化玉・穿石・腐心(陆)	5	14202	5000		1
329	彩・化玉・大化・鹤顶(陆)	5	14208	5000		1
330	彩・化玉・大化・腐心(陆)	5	14214	5000		1
331	彩・化玉・大化・穿石(陆)	5	14220	5000		1
332	彩・潮生・烈阳・日炎(陆)	5	14280	5000		1
333	彩・潮生・烈阳・浴火(陆)	5	14286	5000		1
334	彩・潮生・雷鸣・混沌(陆)	5	14292	5000		1
335	彩・潮生・雷鸣・霹雳(陆)	5	14298	5000		1
336	彩・潮生・霜冷・冻髓(陆)	5	14304	5000		1
337	彩・潮生・霜冷・杯雪(陆)	5	14310	5000		1
338	彩・潮生・鹤顶・腐心(陆)	5	14316	5000		1
339	彩・潮生・鹤顶・穿石(陆)	5	14322	5000		1
340	彩・潮生・日炎・烈阳(陆)	5	14340	5000		1
341	彩・潮生・日炎・浴火(陆)	5	14346	5000		1
342	彩・潮生・混沌・雷鸣(陆)	5	14352	5000		1
343	彩・潮生・混沌・霹雳(陆)	5	14358	5000		1
344	彩・潮生・冻髓・霜冷(陆)	5	14364	5000		1
345	彩・潮生・冻髓・杯雪(陆)	5	14370	5000		1
346	彩・潮生・腐心・鹤顶(陆)	5	14376	5000		1
347	彩・潮生・腐心・穿石(陆)	5	14382	5000		1
348	彩・潮生・浴火・烈阳(陆)	5	14400	5000		1
349	彩・潮生・浴火・日炎(陆)	5	14406	5000		1
350	彩・潮生・霹雳・雷鸣(陆)	5	14412	5000		1
351	彩・潮生・霹雳・混沌(陆)	5	14418	5000		1
352	彩・潮生・杯雪・霜冷(陆)	5	14424	5000		1
353	彩・潮生・杯雪・冻髓(陆)	5	14430	5000		1
354	彩・潮生・穿石・鹤顶(陆)	5	14436	5000		1
355	彩・潮生・穿石・腐心(陆)	5	14442	5000		1
356	彩・潮生・大化・烈阳(陆)	5	14460	5000		1
357	彩・潮生・大化・雷鸣(陆)	5	14466	5000		1
358	彩・潮生・大化・霜冷(陆)	5	14472	5000		1
359	彩・潮生・大化・鹤顶(陆)	5	14478	5000		1
360	彩・潮生・大化・日炎(陆)	5	14490	5000		1
361	彩・潮生・大化・混沌(陆)	5	14496	5000		1
362	彩・潮生・大化・冻髓(陆)	5	14502	5000		1
363	彩・潮生・大化・腐心(陆)	5	14508	5000		1
364	彩・潮生・大化・浴火(陆)	5	14520	5000		1
365	彩・潮生・大化・霹雳(陆)	5	14526	5000		1
366	彩・潮生・大化・杯雪(陆)	5	14532	5000		1
367	彩・潮生・大化・穿石(陆)	5	14538	5000		1
368	彩・无双・烈阳・日炎(陆)	5	14550	5000		1
369	彩・无双・烈阳・浴火(陆)	5	14556	5000		1
370	彩・无双・雷鸣・混沌(陆)	5	14562	5000		1
371	彩・无双・雷鸣・霹雳(陆)	5	14568	5000		1
372	彩・无双・霜冷・冻髓(陆)	5	14574	5000		1
373	彩・无双・霜冷・杯雪(陆)	5	14580	5000		1
374	彩・无双・鹤顶・腐心(陆)	5	14586	5000		1
375	彩・无双・鹤顶・穿石(陆)	5	14592	5000		1
376	彩・无双・日炎・烈阳(陆)	5	14610	5000		1
377	彩・无双・日炎・浴火(陆)	5	14616	5000		1
378	彩・无双・混沌・雷鸣(陆)	5	14622	5000		1
379	彩・无双・混沌・霹雳(陆)	5	14628	5000		1
380	彩・无双・冻髓・霜冷(陆)	5	14634	5000		1
381	彩・无双・冻髓・杯雪(陆)	5	14640	5000		1
382	彩・无双・腐心・鹤顶(陆)	5	14646	5000		1
383	彩・无双・腐心・穿石(陆)	5	14652	5000		1
384	彩・无双・浴火・烈阳(陆)	5	14670	5000		1
385	彩・无双・浴火・日炎(陆)	5	14676	5000		1
386	彩・无双・霹雳・雷鸣(陆)	5	14682	5000		1
387	彩・无双・霹雳・混沌(陆)	5	14688	5000		1
388	彩・无双・杯雪・霜冷(陆)	5	14694	5000		1
389	彩・无双・杯雪・冻髓(陆)	5	14700	5000		1
390	彩・无双・穿石・鹤顶(陆)	5	14706	5000		1
391	彩・无双・穿石・腐心(陆)	5	14712	5000		1
392	彩・大御・烈阳・日炎(陆)	5	14730	5000		1
393	彩・大御・烈阳・浴火(陆)	5	14736	5000		1
394	彩・大御・雷鸣・混沌(陆)	5	14742	5000		1
395	彩・大御・雷鸣・霹雳(陆)	5	14748	5000		1
396	彩・大御・霜冷・冻髓(陆)	5	14754	5000		1
397	彩・大御・霜冷・杯雪(陆)	5	14760	5000		1
398	彩・大御・鹤顶・腐心(陆)	5	14766	5000		1
399	彩・大御・鹤顶・穿石(陆)	5	14772	5000		1
400	彩・大御・日炎・烈阳(陆)	5	14790	5000		1
401	彩・大御・日炎・浴火(陆)	5	14796	5000		1
402	彩・大御・混沌・雷鸣(陆)	5	14802	5000		1
403	彩・大御・混沌・霹雳(陆)	5	14808	5000		1
404	彩・大御・冻髓・霜冷(陆)	5	14814	5000		1
405	彩・大御・冻髓・杯雪(陆)	5	14820	5000		1
406	彩・大御・腐心・鹤顶(陆)	5	14826	5000		1
407	彩・大御・腐心・穿石(陆)	5	14832	5000		1
408	彩・大御・浴火・烈阳(陆)	5	14850	5000		1
409	彩・大御・浴火・日炎(陆)	5	14856	5000		1
410	彩・大御・霹雳・雷鸣(陆)	5	14862	5000		1
411	彩・大御・霹雳・混沌(陆)	5	14868	5000		1
412	彩・大御・杯雪・霜冷(陆)	5	14874	5000		1
413	彩・大御・杯雪・冻髓(陆)	5	14880	5000		1
414	彩・大御・穿石・鹤顶(陆)	5	14886	5000		1
415	彩・大御・穿石・腐心(陆)	5	14892	5000		1
416	彩・大御・大化・烈阳(陆)	5	14910	5000		1
417	彩・大御・大化・雷鸣(陆)	5	14916	5000		1
418	彩・大御・大化・霜冷(陆)	5	14922	5000		1
419	彩・大御・大化・鹤顶(陆)	5	14928	5000		1
420	彩・大御・大化・日炎(陆)	5	14940	5000		1
421	彩・大御・大化・混沌(陆)	5	14946	5000		1
422	彩・大御・大化・冻髓(陆)	5	14952	5000		1
423	彩・大御・大化・腐心(陆)	5	14958	5000		1
424	彩・大御・大化・浴火(陆)	5	14970	5000		1
425	彩・大御・大化・霹雳(陆)	5	14976	5000		1
426	彩・大御・大化・杯雪(陆)	5	14982	5000		1
427	彩・大御・大化・穿石(陆)	5	14988	5000		1
428	彩・大化・烈阳・日炎(陆)	5	15000	5000		1
429	彩・大化・烈阳・浴火(陆)	5	15006	5000		1
430	彩・大化・雷鸣・混沌(陆)	5	15012	5000		1
431	彩・大化・雷鸣・霹雳(陆)	5	15018	5000		1
432	彩・大化・霜冷・冻髓(陆)	5	15024	5000		1
433	彩・大化・霜冷・杯雪(陆)	5	15030	5000		1
434	彩・大化・鹤顶・腐心(陆)	5	15036	5000		1
435	彩・大化・鹤顶・穿石(陆)	5	15042	5000		1
436	彩・大化・日炎・烈阳(陆)	5	15060	5000		1
437	彩・大化・日炎・浴火(陆)	5	15066	5000		1
438	彩・大化・混沌・雷鸣(陆)	5	15072	5000		1
439	彩・大化・混沌・霹雳(陆)	5	15078	5000		1
440	彩・大化・冻髓・霜冷(陆)	5	15084	5000		1
441	彩・大化・冻髓・杯雪(陆)	5	15090	5000		1
442	彩・大化・腐心・鹤顶(陆)	5	15096	5000		1
443	彩・大化・腐心・穿石(陆)	5	15102	5000		1
444	彩・大化・浴火・烈阳(陆)	5	15120	5000		1
445	彩・大化・浴火・日炎(陆)	5	15126	5000		1
446	彩・大化・霹雳・雷鸣(陆)	5	15132	5000		1
447	彩・大化・霹雳・混沌(陆)	5	15138	5000		1
448	彩・大化・杯雪・霜冷(陆)	5	15144	5000		1
449	彩・大化・杯雪・冻髓(陆)	5	15150	5000		1
450	彩・大化・穿石・鹤顶(陆)	5	15156	5000		1
451	彩・大化・穿石・腐心(陆)	5	15162	5000		1
452	彩・灵根・海纳・霹雳(陆)	5	15186	5000		1
453	彩・灵根・海纳・杯雪(陆)	5	15192	5000		1
454	彩・灵根・海纳・穿石(陆)	5	15198	5000		1
455	彩・灵根・霹雳・海纳(陆)	5	15216	5000		1
456	彩・灵根・杯雪・海纳(陆)	5	15222	5000		1
457	彩・灵根・穿石・海纳(陆)	5	15228	5000		1
458	彩・灵根・大化・海纳(陆)	5	15240	5000		1
459	彩・海纳・大化・霹雳(陆)	5	15252	5000		1
460	彩・海纳・大化・杯雪(陆)	5	15258	5000		1
461	彩・海纳・大化・穿石(陆)	5	15264	5000		1
462	彩・融天・海纳・霹雳(陆)	5	15294	5000		1
463	彩・融天・霹雳・海纳(陆)	5	15300	5000		1
464	彩・融天・大化・海纳(陆)	5	15306	5000		1
465	彩・化雪・海纳・杯雪(陆)	5	15312	5000		1
466	彩・化雪・杯雪・海纳(陆)	5	15318	5000		1
467	彩・化雪・大化・海纳(陆)	5	15324	5000		1
468	彩・蚀骨・海纳・穿石(陆)	5	15330	5000		1
469	彩・蚀骨・穿石・海纳(陆)	5	15336	5000		1
470	彩・蚀骨・大化・海纳(陆)	5	15342	5000		1
471	彩・霹雳・大化・海纳(陆)	5	15372	5000		1
472	彩・杯雪・大化・海纳(陆)	5	15378	5000		1
473	彩・穿石・大化・海纳(陆)	5	15384	5000		1
474	彩・潮生・海纳・霹雳(陆)	5	15402	5000		1
475	彩・潮生・海纳・杯雪(陆)	5	15408	5000		1
476	彩・潮生・海纳・穿石(陆)	5	15414	5000		1
477	彩・潮生・霹雳・海纳(陆)	5	15432	5000		1
478	彩・潮生・杯雪・海纳(陆)	5	15438	5000		1
479	彩・潮生・穿石・海纳(陆)	5	15444	5000		1
480	彩・潮生・大化・海纳(陆)	5	15456	5000		1
481	彩・大御・海纳・霹雳(陆)	5	15468	5000		1
482	彩・大御・海纳・杯雪(陆)	5	15474	5000		1
483	彩・大御・海纳・穿石(陆)	5	15480	5000		1
484	彩・大御・霹雳・海纳(陆)	5	15498	5000		1
485	彩・大御・杯雪・海纳(陆)	5	15504	5000		1
486	彩・大御・穿石・海纳(陆)	5	15510	5000		1
487	彩・大御・大化・海纳(陆)	5	15522	5000		1
488	彩・大化・海纳・霹雳(陆)	5	15534	5000		1
489	彩・大化・海纳・杯雪(陆)	5	15540	5000		1
490	彩・大化・海纳・穿石(陆)	5	15546	5000		1
491	彩・大化・霹雳・海纳(陆)	5	15564	5000		1
492	彩・大化・杯雪・海纳(陆)	5	15570	5000		1
493	彩・大化・穿石・海纳(陆)	5	15576	5000		1
494	彩・霸体・守御・血魂(陆)	5	15588	5000		1
495	彩・霸体・守御・破势(陆)	5	15594	5000		1
496	彩・霸体・守御・耐受(陆)	5	15600	5000		1
497	彩・霸体・破势・血魂(陆)	5	15606	5000		1
498	彩・霸体・破势・守御(陆)	5	15612	5000		1
499	彩・霸体・破势・耐受(陆)	5	15618	5000		1
500	彩・霸体・灵动・血魂(陆)	5	15624	5000		1
501	彩・霸体・灵动・破势(陆)	5	15630	5000		1
502	彩・霸体・灵动・守御(陆)	5	15636	5000		1
503	彩・霸体・灵动・耐受(陆)	5	15642	5000		1
504	彩・霸体・耐受・血魂(陆)	5	15648	5000		1
505	彩・霸体・耐受・破势(陆)	5	15654	5000		1
506	彩・霸体・耐受・守御(陆)	5	15660	5000		1
507	彩・霸体・血魂・破势(陆)	5	15666	5000		1
508	彩・霸体・血魂・守御(陆)	5	15672	5000		1
509	彩・霸体・血魂・耐受(陆)	5	15678	5000		1
510	彩・灵根・守御・血魂(陆)	5	15684	5000		1
511	彩・灵根・守御・破势(陆)	5	15690	5000		1
512	彩・灵根・守御・耐受(陆)	5	15696	5000		1
513	彩・灵根・破势・血魂(陆)	5	15702	5000		1
514	彩・灵根・破势・守御(陆)	5	15708	5000		1
515	彩・灵根・破势・耐受(陆)	5	15714	5000		1
516	彩・灵根・灵动・血魂(陆)	5	15720	5000		1
517	彩・灵根・灵动・破势(陆)	5	15726	5000		1
518	彩・灵根・灵动・守御(陆)	5	15732	5000		1
519	彩・灵根・灵动・耐受(陆)	5	15738	5000		1
520	彩・灵根・耐受・血魂(陆)	5	15744	5000		1
521	彩・灵根・耐受・破势(陆)	5	15750	5000		1
522	彩・灵根・耐受・守御(陆)	5	15756	5000		1
523	彩・灵根・血魂・破势(陆)	5	15762	5000		1
524	彩・灵根・血魂・守御(陆)	5	15768	5000		1
525	彩・灵根・血魂・耐受(陆)	5	15774	5000		1
526	彩・守御・破势・血魂(陆)	5	15780	5000		1
527	彩・守御・破势・耐受(陆)	5	15786	5000		1
528	彩・守御・灵动・血魂(陆)	5	15792	5000		1
529	彩・守御・灵动・破势(陆)	5	15798	5000		1
530	彩・守御・灵动・耐受(陆)	5	15804	5000		1
531	彩・守御・耐受・血魂(陆)	5	15810	5000		1
532	彩・守御・耐受・破势(陆)	5	15816	5000		1
533	彩・守御・血魂・破势(陆)	5	15822	5000		1
534	彩・守御・血魂・耐受(陆)	5	15828	5000		1
535	彩・不屈・守御・血魂(陆)	5	15834	5000		1
536	彩・不屈・守御・破势(陆)	5	15840	5000		1
537	彩・不屈・守御・耐受(陆)	5	15846	5000		1
538	彩・不屈・破势・血魂(陆)	5	15852	5000		1
539	彩・不屈・破势・守御(陆)	5	15858	5000		1
540	彩・不屈・破势・耐受(陆)	5	15864	5000		1
541	彩・不屈・灵动・血魂(陆)	5	15870	5000		1
542	彩・不屈・灵动・破势(陆)	5	15876	5000		1
543	彩・不屈・灵动・守御(陆)	5	15882	5000		1
544	彩・不屈・灵动・耐受(陆)	5	15888	5000		1
545	彩・不屈・耐受・血魂(陆)	5	15894	5000		1
546	彩・不屈・耐受・破势(陆)	5	15900	5000		1
547	彩・不屈・耐受・守御(陆)	5	15906	5000		1
548	彩・不屈・血魂・破势(陆)	5	15912	5000		1
549	彩・不屈・血魂・守御(陆)	5	15918	5000		1
550	彩・不屈・血魂・耐受(陆)	5	15924	5000		1
551	彩・破势・守御・血魂(陆)	5	15930	5000		1
552	彩・破势・守御・耐受(陆)	5	15936	5000		1
553	彩・破势・灵动・血魂(陆)	5	15942	5000		1
554	彩・破势・灵动・守御(陆)	5	15948	5000		1
555	彩・破势・灵动・耐受(陆)	5	15954	5000		1
556	彩・破势・耐受・血魂(陆)	5	15960	5000		1
557	彩・破势・耐受・守御(陆)	5	15966	5000		1
558	彩・破势・血魂・守御(陆)	5	15972	5000		1
559	彩・破势・血魂・耐受(陆)	5	15978	5000		1
560	彩・灵动・守御・血魂(陆)	5	15984	5000		1
561	彩・灵动・守御・破势(陆)	5	15990	5000		1
562	彩・灵动・守御・耐受(陆)	5	15996	5000		1
563	彩・灵动・破势・血魂(陆)	5	16002	5000		1
564	彩・灵动・破势・守御(陆)	5	16008	5000		1
565	彩・灵动・破势・耐受(陆)	5	16014	5000		1
566	彩・灵动・耐受・血魂(陆)	5	16020	5000		1
567	彩・灵动・耐受・破势(陆)	5	16026	5000		1
568	彩・灵动・耐受・守御(陆)	5	16032	5000		1
569	彩・灵动・血魂・破势(陆)	5	16038	5000		1
570	彩・灵动・血魂・守御(陆)	5	16044	5000		1
571	彩・灵动・血魂・耐受(陆)	5	16050	5000		1
572	彩・耐受・守御・血魂(陆)	5	16056	5000		1
573	彩・耐受・守御・破势(陆)	5	16062	5000		1
574	彩・耐受・破势・血魂(陆)	5	16068	5000		1
575	彩・耐受・破势・守御(陆)	5	16074	5000		1
576	彩・耐受・灵动・血魂(陆)	5	16080	5000		1
577	彩・耐受・灵动・破势(陆)	5	16086	5000		1
578	彩・耐受・灵动・守御(陆)	5	16092	5000		1
579	彩・耐受・血魂・破势(陆)	5	16098	5000		1
580	彩・耐受・血魂・守御(陆)	5	16104	5000		1
581	彩・血魂・守御・破势(陆)	5	16110	5000		1
582	彩・血魂・守御・耐受(陆)	5	16116	5000		1
583	彩・血魂・破势・守御(陆)	5	16122	5000		1
584	彩・血魂・破势・耐受(陆)	5	16128	5000		1
585	彩・血魂・灵动・破势(陆)	5	16134	5000		1
586	彩・血魂・灵动・守御(陆)	5	16140	5000		1
587	彩・血魂・灵动・耐受(陆)	5	16146	5000		1
588	彩・血魂・耐受・破势(陆)	5	16152	5000		1
589	彩・血魂・耐受・守御(陆)	5	16158	5000		1
590	彩・回春・守御・血魂(陆)	5	16164	5000		1
591	彩・回春・守御・破势(陆)	5	16170	5000		1
592	彩・回春・守御・耐受(陆)	5	16176	5000		1
593	彩・回春・破势・血魂(陆)	5	16182	5000		1
594	彩・回春・破势・守御(陆)	5	16188	5000		1
595	彩・回春・破势・耐受(陆)	5	16194	5000		1
596	彩・回春・灵动・血魂(陆)	5	16200	5000		1
597	彩・回春・灵动・破势(陆)	5	16206	5000		1
598	彩・回春・灵动・守御(陆)	5	16212	5000		1
599	彩・回春・灵动・耐受(陆)	5	16218	5000		1
600	彩・回春・耐受・血魂(陆)	5	16224	5000		1
601	彩・回春・耐受・破势(陆)	5	16230	5000		1
602	彩・回春・耐受・守御(陆)	5	16236	5000		1
603	彩・回春・血魂・破势(陆)	5	16242	5000		1
604	彩・回春・血魂・守御(陆)	5	16248	5000		1
605	彩・回春・血魂・耐受(陆)	5	16254	5000		1
606	彩・真元・鹤顶・痛击(陆)	5	16260	5000		1
607	彩・真元・腐心・痛击(陆)	5	16266	5000		1
608	彩・真元・见切・鹤顶(陆)	5	16272	5000		1
609	彩・真元・见切・腐心(陆)	5	16278	5000		1
610	彩・真元・见切・痛击(陆)	5	16284	5000		1
611	彩・真元・痛击・鹤顶(陆)	5	16290	5000		1
612	彩・真元・痛击・腐心(陆)	5	16296	5000		1
613	彩・真元・大化・见切(陆)	5	16302	5000		1
614	彩・真元・大化・痛击(陆)	5	16308	5000		1
615	彩・瞬影・鹤顶・腐心(陆)	5	16314	5000		1
616	彩・瞬影・鹤顶・痛击(陆)	5	16320	5000		1
617	彩・瞬影・腐心・鹤顶(陆)	5	16326	5000		1
618	彩・瞬影・腐心・痛击(陆)	5	16332	5000		1
619	彩・瞬影・见切・鹤顶(陆)	5	16338	5000		1
620	彩・瞬影・见切・腐心(陆)	5	16344	5000		1
621	彩・瞬影・痛击・鹤顶(陆)	5	16350	5000		1
622	彩・瞬影・痛击・腐心(陆)	5	16356	5000		1
623	彩・瞬影・大化・鹤顶(陆)	5	16362	5000		1
624	彩・瞬影・大化・腐心(陆)	5	16368	5000		1
625	彩・鹤顶・腐心・痛击(陆)	5	16374	5000		1
626	彩・鹤顶・见切・腐心(陆)	5	16380	5000		1
627	彩・鹤顶・见切・痛击(陆)	5	16386	5000		1
628	彩・鹤顶・痛击・腐心(陆)	5	16392	5000		1
629	彩・鹤顶・大化・痛击(陆)	5	16398	5000		1
630	彩・腐心・鹤顶・痛击(陆)	5	16404	5000		1
631	彩・腐心・见切・鹤顶(陆)	5	16410	5000		1
632	彩・腐心・见切・痛击(陆)	5	16416	5000		1
633	彩・腐心・痛击・鹤顶(陆)	5	16422	5000		1
634	彩・腐心・大化・痛击(陆)	5	16428	5000		1
635	彩・见切・鹤顶・腐心(陆)	5	16434	5000		1
636	彩・见切・鹤顶・痛击(陆)	5	16440	5000		1
637	彩・见切・腐心・鹤顶(陆)	5	16446	5000		1
638	彩・见切・腐心・痛击(陆)	5	16452	5000		1
639	彩・见切・痛击・鹤顶(陆)	5	16458	5000		1
640	彩・见切・痛击・腐心(陆)	5	16464	5000		1
641	彩・见切・大化・鹤顶(陆)	5	16470	5000		1
642	彩・见切・大化・腐心(陆)	5	16476	5000		1
643	彩・痛击・鹤顶・腐心(陆)	5	16482	5000		1
644	彩・痛击・腐心・鹤顶(陆)	5	16488	5000		1
645	彩・痛击・见切・鹤顶(陆)	5	16494	5000		1
646	彩・痛击・见切・腐心(陆)	5	16500	5000		1
647	彩・痛击・大化・鹤顶(陆)	5	16506	5000		1
648	彩・痛击・大化・腐心(陆)	5	16512	5000		1
649	彩・心眼・鹤顶・腐心(陆)	5	16518	5000		1
650	彩・心眼・鹤顶・痛击(陆)	5	16524	5000		1
651	彩・心眼・腐心・鹤顶(陆)	5	16530	5000		1
652	彩・心眼・腐心・痛击(陆)	5	16536	5000		1
653	彩・心眼・见切・鹤顶(陆)	5	16542	5000		1
654	彩・心眼・见切・腐心(陆)	5	16548	5000		1
655	彩・心眼・痛击・鹤顶(陆)	5	16554	5000		1
656	彩・心眼・痛击・腐心(陆)	5	16560	5000		1
657	彩・心眼・大化・鹤顶(陆)	5	16566	5000		1
658	彩・心眼・大化・腐心(陆)	5	16572	5000		1
659	彩・无双・鹤顶・痛击(陆)	5	16578	5000		1
660	彩・无双・腐心・痛击(陆)	5	16584	5000		1
661	彩・无双・见切・鹤顶(陆)	5	16590	5000		1
662	彩・无双・见切・腐心(陆)	5	16596	5000		1
663	彩・无双・痛击・鹤顶(陆)	5	16602	5000		1
664	彩・无双・痛击・腐心(陆)	5	16608	5000		1
665	彩・大御・鹤顶・痛击(陆)	5	16614	5000		1
666	彩・大御・腐心・痛击(陆)	5	16620	5000		1
667	彩・大御・见切・鹤顶(陆)	5	16626	5000		1
668	彩・大御・见切・腐心(陆)	5	16632	5000		1
669	彩・大御・痛击・鹤顶(陆)	5	16638	5000		1
670	彩・大御・痛击・腐心(陆)	5	16644	5000		1
671	彩・大化・鹤顶・痛击(陆)	5	16650	5000		1
672	彩・大化・腐心・痛击(陆)	5	16656	5000		1
673	彩・大化・见切・鹤顶(陆)	5	16662	5000		1
674	彩・大化・见切・腐心(陆)	5	16668	5000		1
675	彩・大化・痛击・鹤顶(陆)	5	16674	5000		1
676	彩・大化・痛击・腐心(陆)	5	16680	5000		1
677	彩・真元・琉璃・界影(陆)	5	25006	5000		1
678	彩・真元・琉璃・焚虚(陆)	5	25012	5000		1
679	彩・真元・焚虚・琉璃(陆)	5	25018	5000		1
680	彩・真元・焚虚・界影(陆)	5	25024	5000		1
681	彩・真元・界影・琉璃(陆)	5	25030	5000		1
682	彩・真元・界影・焚虚(陆)	5	25036	5000		1
683	彩・真元・大化・琉璃(陆)	5	25042	5000		1
684	彩・真元・大化・焚虚(陆)	5	25048	5000		1
685	彩・真元・大化・界影(陆)	5	25054	5000		1
686	彩・瞬影・琉璃・界影(陆)	5	25060	5000		1
687	彩・瞬影・琉璃・焚虚(陆)	5	25066	5000		1
688	彩・瞬影・焚虚・琉璃(陆)	5	25072	5000		1
689	彩・瞬影・焚虚・界影(陆)	5	25078	5000		1
690	彩・瞬影・界影・琉璃(陆)	5	25084	5000		1
691	彩・瞬影・界影・焚虚(陆)	5	25090	5000		1
692	彩・瞬影・大化・琉璃(陆)	5	25096	5000		1
693	彩・瞬影・大化・焚虚(陆)	5	25102	5000		1
694	彩・瞬影・大化・界影(陆)	5	25108	5000		1
695	彩・琉璃・焚虚・界影(陆)	5	25114	5000		1
696	彩・琉璃・界影・焚虚(陆)	5	25120	5000		1
697	彩・琉璃・大化・焚虚(陆)	5	25126	5000		1
698	彩・琉璃・大化・界影(陆)	5	25132	5000		1
699	彩・焚虚・琉璃・界影(陆)	5	25138	5000		1
700	彩・焚虚・界影・琉璃(陆)	5	25144	5000		1
701	彩・焚虚・大化・琉璃(陆)	5	25150	5000		1
702	彩・焚虚・大化・界影(陆)	5	25156	5000		1
703	彩・虹卷・琉璃・界影(陆)	5	25162	5000		1
704	彩・虹卷・琉璃・焚虚(陆)	5	25168	5000		1
705	彩・虹卷・焚虚・琉璃(陆)	5	25174	5000		1
706	彩・虹卷・焚虚・界影(陆)	5	25180	5000		1
707	彩・虹卷・界影・琉璃(陆)	5	25186	5000		1
708	彩・虹卷・界影・焚虚(陆)	5	25192	5000		1
709	彩・虹卷・大化・琉璃(陆)	5	25198	5000		1
710	彩・虹卷・大化・焚虚(陆)	5	25204	5000		1
711	彩・虹卷・大化・界影(陆)	5	25210	5000		1
712	彩・界影・琉璃・焚虚(陆)	5	25216	5000		1
713	彩・界影・焚虚・琉璃(陆)	5	25222	5000		1
714	彩・界影・大化・琉璃(陆)	5	25228	5000		1
715	彩・界影・大化・焚虚(陆)	5	25234	5000		1
716	彩・点睛・琉璃・界影(陆)	5	25240	5000		1
717	彩・点睛・琉璃・焚虚(陆)	5	25246	5000		1
718	彩・点睛・焚虚・琉璃(陆)	5	25252	5000		1
719	彩・点睛・焚虚・界影(陆)	5	25258	5000		1
720	彩・点睛・界影・琉璃(陆)	5	25264	5000		1
721	彩・点睛・界影・焚虚(陆)	5	25270	5000		1
722	彩・点睛・大化・琉璃(陆)	5	25276	5000		1
723	彩・点睛・大化・焚虚(陆)	5	25282	5000		1
724	彩・点睛・大化・界影(陆)	5	25288	5000		1
725	彩・无双・琉璃・焚虚(陆)	5	25294	5000		1
726	彩・无双・琉璃・界影(陆)	5	25300	5000		1
727	彩・无双・焚虚・琉璃(陆)	5	25306	5000		1
728	彩・无双・焚虚・界影(陆)	5	25312	5000		1
729	彩・无双・界影・琉璃(陆)	5	25318	5000		1
730	彩・无双・界影・焚虚(陆)	5	25324	5000		1
731	彩・大化・琉璃・焚虚(陆)	5	25330	5000		1
732	彩・大化・琉璃・界影(陆)	5	25336	5000		1
733	彩・大化・焚虚・琉璃(陆)	5	25342	5000		1
734	彩・大化・焚虚・界影(陆)	5	25348	5000		1
735	彩・大化・界影・琉璃(陆)	5	25354	5000		1
736	彩・大化・界影・焚虚(陆)	5	25360	5000		1
737	彩・大御・琉璃・界影(陆)	5	25366	5000		1
738	彩・大御・琉璃・焚虚(陆)	5	25372	5000		1
739	彩・大御・焚虚・琉璃(陆)	5	25378	5000		1
740	彩・大御・焚虚・界影(陆)	5	25384	5000		1
741	彩・大御・界影・琉璃(陆)	5	25390	5000		1
742	彩・大御・界影・焚虚(陆)	5	25396	5000		1
743	彩・大御・大化・琉璃(陆)	5	25402	5000		1
744	彩・大御・大化・焚虚(陆)	5	25408	5000		1
745	彩・大御・大化・界影(陆)	5	25414	5000		1
746	彩・征服・固本・吸星(伍)	5	25696	5000		1
747	彩・征服・固本・嗜血(伍)	5	25436	5000		1
748	彩・征服・固本・迅疾(伍)	5	25437	5000		1
749	彩・守护・固本・忘我(陆)	5	25440	5000		1
750	彩・守护・固本・健体(陆)	5	25443	5000		1
751	彩・守护・霸体・清源(陆)	5	25445	5000		1
752	彩・守护・霸体・铁壁(陆)	5	25447	5000		1
753	彩・守护・固本・清源(陆)	5	25449	5000		1
754	彩・守护・固本・铁壁(陆)	5	25451	5000		1
755	彩・击破・强击・聚力(陆)	5	25454	5000		1
756	彩・击破・强击・强身(陆)	5	25457	5000		1
757	彩・击破・强击・聚魂(陆)	5	25460	5000		1
758	彩・击破・强击・固筋(陆)	5	25463	5000		1
759	彩・击破・固本・刚烈(陆)	5	25466	5000		1
760	彩・济世・灵根・妙手(陆)	5	25469	5000		1
761	彩・济世・固本・延绵(陆)	5	25472	5000		1
762	彩・济世・固本・妙手(陆)	5	25475	5000		1
763	彩・济世・霸体・妙手(陆)	5	25478	5000		1
764	彩・不屈・大御・血魂(陆)	5	25484	5000		1
765	彩・灵动・大御・血魂(陆)	5	25490	5000		1
766	彩・耐受・大御・血魂(陆)	5	25496	5000		1
767	彩・守御・大御・血魂(陆)	5	25502	5000		1
768	彩・霸体・大御・守御(陆)	5	25508	5000		1
769	彩・霸体・大御・耐受(陆)	5	25514	5000		1
770	彩・灵根・急速・雷鸣(陆)	5	25520	5000		1
771	彩・灵根・急速・烈阳(陆)	5	25526	5000		1
772	彩・灵根・急速・霜冷(陆)	5	25532	5000		1
773	彩・灵根・急速・鹤顶(陆)	5	25538	5000		1
774	彩・真元・急速・雷鸣(陆)	5	25544	5000		1
775	彩・真元・急速・烈阳(陆)	5	25550	5000		1
776	彩・真元・急速・琉璃(陆)	5	25556	5000		1
777	彩・真元・急速・鹤顶(陆)	5	25562	5000		1
778	彩・无双・急速・雷鸣(陆)	5	25568	5000		1
779	彩・无双・急速・烈阳(陆)	5	25574	5000		1
780	彩・无双・急速・霜冷(陆)	5	25580	5000		1
781	彩・无双・急速・鹤顶(陆)	5	25586	5000		1
782	彩・无双・急速・琉璃(陆)	5	25592	5000		1
783	彩・裂激・急速・雷鸣(陆)	5	25598	5000		1
784	彩・灼筋・急速・烈阳(陆)	5	25604	5000		1
785	彩・碎冰・急速・霜冷(陆)	5	25610	5000		1
786	彩・化玉・急速・鹤顶(陆)	5	25616	5000		1
787	彩・心眼・急速・鹤顶(陆)	5	25622	5000		1
788	彩・点睛・急速・雷鸣(陆)	5	25628	5000		1
789	彩・急速・大化・雷鸣(陆)	5	25634	5000		1
790	彩・急速・大化・烈阳(陆)	5	25640	5000		1
791	彩・急速・大化・霜冷(陆)	5	25646	5000		1
792	彩・急速・大化・鹤顶(陆)	5	25652	5000		1
793	彩・急速・大化・琉璃(陆)	5	25658	5000		1
794	彩・真刚・急速・锐刃(陆)	5	25664	5000		1
795	彩・瞬影・急速・锐刃(陆)	5	25670	5000		1
796	彩・无双・急速・锐刃(陆)	5	25676	5000		1
797	彩・心眼・急速・锐刃(陆)	5	25682	5000		1
798	彩・急速・大化・锐刃(陆)	5	25688	5000		1
799	彩・灵根・急速・海纳(陆)	5	25694	5000		1
