AIType	ScriptFile	IsPositive	AlertRange	SearchPlayerDistance	AlertOverTime	AttackRange	EscapeTime	EscapeRange	EscapeInterval	WanderRange	WanderDistance	WanderInterval	PatrolPathID	EscapeLife	PatrolOrderIndex	ReviveTeammate	CustomArguments	IsAutoTurn	NpcSceneType	IsSnarlInFight	DialogIdleTime
19122	scripts\Map\驯养系统宠物系统\ai\宠物系统之逻辑跟随宠物通用AI.lua	0	768	768	32	256	64	0	32	0	384	80	0	0	0	0		0	0	0	320
19123	scripts\Map\驯养系统宠物系统\ai\宠物系统之逻辑跟随宠物通用AI.lua	0	768	768	32	256	64	0	32	0	384	80	0	0	0	0		0	0	0	320
19124	scripts\Map\驯养系统宠物系统\ai\宠物系统之逻辑跟随宠物通用AI.lua	0	768	768	32	256	64	0	32	0	384	80	0	0	0	0		0	0	0	320
19125	scripts\Map\驯养系统宠物系统\ai\宠物系统之逻辑跟随宠物通用AI.lua	0	768	768	32	256	64	0	32	0	384	80	0	0	0	0		0	0	0	320
19126	scripts\Map\驯养系统宠物系统\ai\宠物系统之逻辑跟随宠物通用AI.lua	0	768	768	32	256	64	0	32	0	384	80	0	0	0	0		0	0	0	320
19127	scripts\Map\驯养系统宠物系统\ai\宠物系统之逻辑跟随宠物通用AI.lua	0	768	768	32	256	64	0	32	0	384	80	0	0	0	0		0	0	0	320
19128	scripts\Map\驯养系统宠物系统\ai\宠物系统之逻辑跟随宠物通用AI.lua	0	768	768	32	256	64	0	32	0	384	80	0	0	0	0		0	0	0	320
19129	scripts\Map\驯养系统宠物系统\ai\宠物系统之逻辑跟随宠物通用AI.lua	0	768	768	32	256	64	0	32	0	384	80	0	0	0	0		0	0	0	320
19130	scripts\Map\驯养系统宠物系统\ai\宠物系统之逻辑跟随宠物通用AI.lua	0	768	768	32	256	64	0	32	0	384	80	0	0	0	0		0	0	0	320
19131	scripts\Map\驯养系统宠物系统\ai\宠物系统之逻辑跟随宠物通用AI.lua	0	768	768	32	256	64	0	32	0	384	80	0	0	0	0		0	0	0	320
19682	scripts\Map\驯养系统宠物系统\ai\宠物系统之逻辑跟随宠物通用AI.lua	0	768	768	32	256	64	0	32	0	384	80	0	0	0	0		1	0	0	320
19683	scripts\Map\驯养系统宠物系统\ai\宠物系统之逻辑跟随宠物通用AI.lua	0	768	768	32	256	64	0	32	0	384	80	0	0	0	0		1	0	0	320
19684	scripts\Map\驯养系统宠物系统\ai\宠物系统之逻辑跟随宠物通用AI.lua	0	768	768	32	256	64	0	32	0	384	80	0	0	0	0		1	0	0	320
19685	scripts\Map\驯养系统宠物系统\ai\宠物系统之逻辑跟随宠物通用AI.lua	0	768	768	32	256	64	0	32	0	384	80	0	0	0	0		1	0	0	320
21060	scripts\Map\驯养系统宠物系统\ai\宠物系统之春节蛇宝宝.lua	0	768	768	32	256	64	0	32	0	384	80	0	0	0	0		1	0	0	320
21061	scripts\Map\驯养系统宠物系统\ai\宠物系统之春节蛇宝宝.lua	0	768	768	32	256	64	0	32	0	384	80	0	0	0	0		1	0	0	320
21062	scripts\Map\驯养系统宠物系统\ai\宠物系统之春节蛇宝宝.lua	0	768	768	32	256	64	0	32	0	384	80	0	0	0	0		1	0	0	320
21078	scripts\Map\驯养系统宠物系统\ai\宠物系统之春节蛇宝宝.lua	0	768	768	32	256	64	0	32	0	384	80	0	0	0	0		1	0	0	320
24446	scripts\Map\驯养系统宠物系统\ai\新机制宠物的逻辑点跟随处理AI之一.lua	0	768	768	32	256	64	0	32	0	384	80	0	0	0	0		1	0	0	320
24447	scripts\Map\驯养系统宠物系统\ai\宠物系统之逻辑跟随宠物通用AI.lua	0	768	768	32	256	64	0	32	0	384	80	0	0	0	0		1	0	0	320
24448	scripts\Map\驯养系统宠物系统\ai\宠物系统之逻辑跟随宠物通用AI.lua	0	768	768	32	256	64	0	32	0	384	80	0	0	0	0		1	0	0	320
24449	scripts\Map\驯养系统宠物系统\ai\宠物系统之逻辑跟随宠物通用AI.lua	0	768	768	32	256	64	0	32	0	384	80	0	0	0	0		1	0	0	320
24450	scripts\Map\驯养系统宠物系统\ai\宠物系统之逻辑跟随宠物通用AI.lua	0	768	768	32	256	64	0	32	0	384	80	0	0	0	0		1	0	0	320
24451	scripts\Map\驯养系统宠物系统\ai\宠物系统之逻辑跟随宠物通用AI.lua	0	768	768	32	256	64	0	32	0	384	80	0	0	0	0		1	0	0	320
24452	scripts\Map\驯养系统宠物系统\ai\宠物系统之逻辑跟随宠物通用AI.lua	0	768	768	32	256	64	0	32	0	384	80	0	0	0	0		1	0	0	320
24453	scripts\Map\驯养系统宠物系统\ai\宠物系统之逻辑跟随宠物通用AI.lua	0	768	768	32	256	64	0	32	0	384	80	0	0	0	0		1	0	0	320
24454	scripts\Map\驯养系统宠物系统\ai\宠物系统之逻辑跟随宠物通用AI.lua	0	768	768	32	256	64	0	32	0	384	80	0	0	0	0		1	0	0	320
24455	scripts\Map\驯养系统宠物系统\ai\宠物系统之逻辑跟随宠物通用AI.lua	0	768	768	32	256	64	0	32	0	384	80	0	0	0	0		1	0	0	320
24456	scripts\Map\驯养系统宠物系统\ai\宠物系统之逻辑跟随宠物通用AI.lua	0	768	768	32	256	64	0	32	0	384	80	0	0	0	0		1	0	0	320
24457	scripts\Map\驯养系统宠物系统\ai\宠物系统之逻辑跟随宠物通用AI.lua	0	768	768	32	256	64	0	32	0	384	80	0	0	0	0		1	0	0	320
26937	scripts\Map\驯养系统宠物系统\ai\宠物系统之逻辑跟随宠物通用AI.lua	0	768	768	32	256	64	0	32	0	384	80	0	0	0	0		1	0	0	320
26938	scripts\Map\驯养系统宠物系统\ai\宠物系统之逻辑跟随宠物通用AI.lua	0	768	768	32	256	64	0	32	0	384	80	0	0	0	0		1	0	0	320
26939	scripts\Map\驯养系统宠物系统\ai\宠物系统之逻辑跟随宠物通用AI.lua	0	768	768	32	256	64	0	32	0	384	80	0	0	0	0		1	0	0	320
26940	scripts\Map\驯养系统宠物系统\ai\宠物系统之逻辑跟随宠物通用AI.lua	0	768	768	32	256	64	0	32	0	384	80	0	0	0	0		1	0	0	320
27011	scripts\Map\驯养系统宠物系统\ai\宠物系统之波斯猫明明.lua	0	768	768	32	256	64	0	32	0	384	80	0	0	0	0		1	0	0	320
27585	scripts\Map\驯养系统宠物系统\ai\宠物系统之逻辑跟随宠物通用AI.lua	0	768	768	32	256	64	0	32	0	384	80	0	0	0	0		1	0	0	320
27586	scripts\Map\驯养系统宠物系统\ai\宠物系统之逻辑跟随宠物通用AI.lua	0	768	768	32	256	64	0	32	0	384	80	0	0	0	0		1	0	0	320
30486	scripts\Map\驯养系统宠物系统\ai\宠物系统之逻辑跟随宠物通用AI.lua	0	768	768	32	256	64	0	32	0	384	80	0	0	0	0		1	0	0	320
30487	scripts\Map\驯养系统宠物系统\ai\宠物系统之逻辑跟随宠物通用AI.lua	0	768	768	32	256	64	0	32	0	384	80	0	0	0	0		1	0	0	320
30564	scripts\Map\驯养系统宠物系统\ai\宠物系统之逻辑跟随宠物通用AI.lua	0	768	768	32	256	64	0	32	0	384	80	0	0	0	0		1	0	0	320
30599	scripts\Map\驯养系统宠物系统\ai\宠物系统之逻辑跟随宠物通用AI.lua	0	768	768	32	256	64	0	32	0	384	80	0	0	0	0		1	0	0	320
30600	scripts\Map\驯养系统宠物系统\ai\宠物系统之逻辑跟随宠物通用AI.lua	0	768	768	32	256	64	0	32	0	384	80	0	0	0	0		1	0	0	320
30605	scripts\Map\驯养系统宠物系统\ai\宠物系统之逻辑跟随宠物通用AI.lua	0	768	768	32	256	64	0	32	0	384	80	0	0	0	0		1	0	0	320
30616	scripts\Map\驯养系统宠物系统\ai\宠物系统之逻辑跟随宠物通用AI.lua	0	768	768	32	256	64	0	32	0	384	80	0	0	0	0		1	0	0	320
30618	scripts\Map\驯养系统宠物系统\ai\宠物系统之逻辑跟随宠物通用AI.lua	0	768	768	32	256	64	0	32	0	384	80	0	0	0	0		1	0	0	320
30619	scripts\Map\驯养系统宠物系统\ai\宠物系统之逻辑跟随宠物通用AI.lua	0	768	768	32	256	64	0	32	0	384	80	0	0	0	0		1	0	0	320
36271	scripts\Map\驯养系统宠物系统\ai\宠物系统之逻辑跟随宠物通用AI.lua	0	768	768	32	256	64	0	32	0	384	80	0	0	0	0		1	0	0	320
36472	scripts\Map\驯养系统宠物系统\ai\宠物系统之逻辑跟随宠物通用AI.lua	0	768	768	32	256	64	0	32	0	384	80	0	0	0	0		1	0	0	320
36564	scripts\Map\驯养系统宠物系统\ai\新机制宠物的逻辑点跟随处理AI之一.lua	0	768	768	32	256	64	0	32	0	384	80	0	0	0	0		1	0	0	320
36721	scripts\Map\驯养系统宠物系统\ai\宠物系统之逻辑跟随宠物通用AI.lua	0	768	768	32	256	64	0	32	0	384	80	0	0	0	0		0	0	0	320
36722	scripts\Map\驯养系统宠物系统\ai\宠物系统之逻辑跟随宠物通用AI.lua	0	768	768	32	256	64	0	32	0	384	80	0	0	0	0		0	0	0	320
36723	scripts\Map\驯养系统宠物系统\ai\宠物系统之逻辑跟随宠物通用AI.lua	0	768	768	32	256	64	0	32	0	384	80	0	0	0	0		0	0	0	320
36768	scripts\Map\驯养系统宠物系统\ai\宠物系统之逻辑跟随宠物通用AI.lua	0	768	768	32	256	64	0	32	0	384	80	0	0	0	0		0	0	0	320
36769	scripts\Map\驯养系统宠物系统\ai\宠物系统之逻辑跟随宠物通用AI.lua	0	768	768	32	256	64	0	32	0	384	80	0	0	0	0		0	0	0	320
37033	scripts\Map\驯养系统宠物系统\ai\宠物系统之逻辑跟随宠物通用AI.lua	0	768	768	32	256	64	0	32	0	384	80	0	0	0	0		0	0	0	320
37034	scripts\Map\驯养系统宠物系统\ai\一串跟随子单位AI.lua	0	768	768	32	256	64	0	32	0	384	80	0	0	0	0		0	0	0	320
37035	scripts\Map\驯养系统宠物系统\ai\一串跟随子单位AI.lua	0	768	768	32	256	64	0	32	0	384	80	0	0	0	0		0	0	0	320
37036	scripts\Map\驯养系统宠物系统\ai\一串跟随子单位AI.lua	0	768	768	32	256	64	0	32	0	384	80	0	0	0	0		0	0	0	320
37680	scripts/ai/StandardAI.lua	0	768	768	32	256	64	0	32	0	384	80	0	0	0	0		1	0	0	320
37681	scripts\Map\驯养系统宠物系统\ai\宠物系统之逻辑跟随宠物通用AI.lua	0	768	768	32	256	64	0	32	0	384	80	0	0	0	0		1	0	0	320
37682	scripts\Map\驯养系统宠物系统\ai\宠物系统之逻辑跟随宠物通用AI.lua	0	768	768	32	256	64	0	32	0	384	80	0	0	0	0		1	0	0	320
37684	scripts\Map\驯养系统宠物系统\ai\宠物系统之逻辑跟随宠物通用AI.lua	0	768	768	32	256	64	0	32	0	384	80	0	0	0	0		1	0	0	320
37685	scripts\Map\驯养系统宠物系统\ai\宠物系统之逻辑跟随宠物通用AI.lua	0	768	768	32	256	64	0	32	0	384	80	0	0	0	0		1	0	0	320
37686	scripts\Map\驯养系统宠物系统\ai\宠物系统之逻辑跟随宠物通用AI.lua	0	768	768	32	256	64	0	32	0	384	80	0	0	0	0		1	0	0	320
37687	scripts\Map\驯养系统宠物系统\ai\宠物系统之逻辑跟随宠物通用AI.lua	0	768	768	32	256	64	0	32	0	384	80	0	0	0	0		1	0	0	320
37688	scripts\Map\驯养系统宠物系统\ai\宠物系统之小后追小王.lua	0	768	768	32	256	64	0	32	0	384	80	0	0	0	0		1	0	0	320
37689	scripts\Map\驯养系统宠物系统\ai\宠物系统之逻辑跟随宠物通用AI.lua	0	768	768	32	256	64	0	32	0	384	80	0	0	0	0		1	0	0	320
37690	scripts\Map\驯养系统宠物系统\ai\宠物系统之逻辑跟随宠物通用AI.lua	0	768	768	32	256	64	0	32	0	384	80	0	0	0	0		1	0	0	320
37691	scripts\Map\驯养系统宠物系统\ai\宠物系统之逻辑跟随宠物通用AI.lua	0	768	768	32	256	64	0	32	0	384	80	0	0	0	0		1	0	0	320
37692	scripts\Map\驯养系统宠物系统\ai\宠物系统之逻辑跟随宠物通用AI.lua	0	768	768	32	256	64	0	32	0	384	80	0	0	0	0		1	0	0	320
37693	scripts\Map\驯养系统宠物系统\ai\宠物系统之逻辑跟随宠物通用AI.lua	0	768	768	32	256	64	0	32	0	384	80	0	0	0	0		1	0	0	320
37694	scripts\Map\驯养系统宠物系统\ai\宠物系统之逻辑跟随宠物通用AI.lua	0	768	768	32	256	64	0	32	0	384	80	0	0	0	0		1	0	0	320
37696	scripts\Map\驯养系统宠物系统\ai\宠物系统之逻辑跟随宠物通用AI.lua	0	768	768	32	256	64	0	32	0	384	80	0	0	0	0		1	0	0	320
37697	scripts\Map\驯养系统宠物系统\ai\宠物系统之逻辑跟随宠物通用AI.lua	0	768	768	32	256	64	0	32	0	384	80	0	0	0	0		1	0	0	320
41755	scripts\Map\驯养系统宠物系统\ai\宠物系统之逻辑跟随宠物通用AI.lua	0	768	768	32	256	64	0	32	0	384	80	0	0	0	0		1	0	0	320
41756	scripts\Map\驯养系统宠物系统\ai\宠物系统之逻辑跟随宠物通用AI.lua	0	768	768	32	256	64	0	32	0	384	80	0	0	0	0		1	0	0	320
41757	scripts\Map\驯养系统宠物系统\ai\宠物系统之逻辑跟随宠物通用AI.lua	0	768	768	32	256	64	0	32	0	384	80	0	0	0	0		1	0	0	320
41758	scripts/Map/驯养系统宠物系统/ai/宠物系统之三只小羊跟随.lua	0	768	768	32	256	64	0	32	0	384	80	0	0	0	0		1	0	0	320
41759	scripts/Map/驯养系统宠物系统/ai/宠物系统之三只小羊跟随.lua	0	768	768	32	256	64	0	32	0	384	80	0	0	0	0		1	0	0	320
42392	scripts\Map\驯养系统宠物系统\ai\宠物系统之逻辑跟随宠物通用AI.lua	0	768	768	32	256	64	0	32	0	384	80	0	0	0	0		1	0	0	320
42393	scripts\Map\驯养系统宠物系统\ai\宠物系统之逻辑跟随宠物通用AI.lua	0	768	768	32	256	64	0	32	0	384	80	0	0	0	0		1	0	0	320
42394	scripts\Map\驯养系统宠物系统\ai\宠物系统之逻辑跟随宠物通用AI.lua	0	768	768	32	256	64	0	32	0	384	80	0	0	0	0		1	0	0	320
42395	scripts\Map\驯养系统宠物系统\ai\宠物系统之逻辑跟随宠物通用AI.lua	0	768	768	32	256	64	0	32	0	384	80	0	0	0	0		1	0	0	320
42396	scripts\Map\驯养系统宠物系统\ai\宠物系统之逻辑跟随宠物通用AI.lua	0	768	768	32	256	64	0	32	0	384	80	0	0	0	0		1	0	0	320
42397	scripts\Map\驯养系统宠物系统\ai\宠物系统之逻辑跟随宠物通用AI.lua	0	768	768	32	256	64	0	32	0	384	80	0	0	0	0		1	0	0	320
42398	scripts\Map\驯养系统宠物系统\ai\宠物系统之逻辑跟随宠物通用AI.lua	0	768	768	32	256	64	0	32	0	384	80	0	0	0	0		1	0	0	320
42399	scripts\Map\驯养系统宠物系统\ai\宠物系统之逻辑跟随宠物通用AI.lua	0	768	768	32	256	64	0	32	0	384	80	0	0	0	0		1	0	0	320
42400	scripts\Map\驯养系统宠物系统\ai\宠物系统之逻辑跟随宠物通用AI.lua	0	768	768	32	256	64	0	32	0	384	80	0	0	0	0		1	0	0	320
42401	scripts\Map\驯养系统宠物系统\ai\宠物系统之逻辑跟随宠物通用AI.lua	0	768	768	32	256	64	0	32	0	384	80	0	0	0	0		1	0	0	320
42863	scripts\Map\驯养系统宠物系统\ai\宠物系统之逻辑跟随宠物通用AI.lua	0	768	768	32	256	64	0	32	0	384	80	0	0	0	0		1	0	0	320
42865	scripts\Map\驯养系统宠物系统\ai\宠物系统之逻辑跟随宠物通用AI.lua	0	768	768	32	256	64	0	32	0	384	80	0	0	0	0		0	0	0	320
43713	scripts\Map\驯养系统宠物系统\ai\宠物系统之逻辑跟随宠物通用AI.lua	0	768	768	32	256	64	0	32	0	384	80	0	0	0	0		0	0	0	320
43829	scripts\Map\驯养系统宠物系统\ai\宠物系统之逻辑跟随宠物通用AI.lua	0	768	768	32	256	64	0	32	0	384	80	0	0	0	0		0	0	0	320
44049	scripts\Map\驯养系统宠物系统\ai\宠物系统之逻辑跟随宠物通用AI.lua	0	768	768	32	256	64	0	32	0	384	80	0	0	0	0		1	0	0	320
44050	scripts\Map\驯养系统宠物系统\ai\宠物系统之逻辑跟随宠物通用AI.lua	0	768	768	32	256	64	0	32	0	384	80	0	0	0	0		1	0	0	320
44051	scripts\Map\驯养系统宠物系统\ai\宠物系统之逻辑跟随宠物通用AI.lua	0	768	768	32	256	64	0	32	0	384	80	0	0	0	0		1	0	0	320
44052	scripts\Map\驯养系统宠物系统\ai\宠物系统之逻辑跟随宠物通用AI.lua	0	768	768	32	256	64	0	32	0	384	80	0	0	0	0		1	0	0	320
44053	scripts\Map\驯养系统宠物系统\ai\宠物系统之逻辑跟随宠物通用AI.lua	0	768	768	32	256	64	0	32	0	384	80	0	0	0	0		1	0	0	320
45111	scripts\Map\驯养系统宠物系统\ai\宠物系统之逻辑跟随宠物通用AI.lua	0	768	768	32	256	64	0	32	0	384	80	0	0	0	0		1	0	0	320
45189	scripts\Map\驯养系统宠物系统\ai\宠物系统之逻辑跟随宠物通用AI.lua	0	768	768	32	256	64	0	32	0	384	80	0	0	0	0		1	0	0	320
45191	scripts\Map\驯养系统宠物系统\ai\宠物系统之逻辑跟随宠物通用AI.lua	0	768	768	32	256	64	0	32	0	384	80	0	0	0	0		1	0	0	320
45620	scripts\Map\驯养系统宠物系统\ai\宠物系统之逻辑跟随宠物通用AI.lua	0	768	768	32	256	64	0	32	0	384	80	0	0	0	0		1	0	0	320
46202	scripts\Map\驯养系统宠物系统\ai\宠物系统之逻辑跟随宠物通用AI.lua	0	768	768	32	256	64	0	32	0	384	80	0	0	0	0		1	0	0	320
47388	scripts\Map\驯养系统宠物系统\ai\宠物系统之逻辑跟随宠物通用AI.lua	0	768	768	32	256	64	0	32	0	384	80	0	0	0	0		1	0	0	320
47863	scripts\Map\驯养系统宠物系统\ai\宠物系统之逻辑跟随宠物通用AI.lua	0	768	768	32	256	64	0	32	0	384	80	0	0	0	0		1	0	0	320
47866	scripts\Map\驯养系统宠物系统\ai\宠物系统之逻辑跟随宠物通用AI.lua	0	768	768	32	256	64	0	32	0	384	80	0	0	0	0		1	0	0	320
47875	scripts\Map\驯养系统宠物系统\ai\宠物系统之逻辑跟随宠物通用AI.lua	0	768	768	32	256	64	0	32	0	384	80	0	0	0	0		1	0	0	320
47877	scripts\Map\驯养系统宠物系统\ai\宠物系统之逻辑跟随宠物通用AI.lua	0	768	768	32	256	64	0	32	0	384	80	0	0	0	0		1	0	0	320
47879	scripts\Map\驯养系统宠物系统\ai\宠物系统之逻辑跟随宠物通用AI.lua	0	768	768	32	256	64	0	32	0	384	80	0	0	0	0		1	0	0	320
47880	scripts\Map\驯养系统宠物系统\ai\宠物系统之逻辑跟随宠物通用AI.lua	0	768	768	32	256	64	0	32	0	384	80	0	0	0	0		1	0	0	320
47881	scripts\Map\驯养系统宠物系统\ai\宠物系统之逻辑跟随宠物通用AI.lua	0	768	768	32	256	64	0	32	0	384	80	0	0	0	0		1	0	0	320
47883	scripts\Map\驯养系统宠物系统\ai\宠物系统之逻辑跟随宠物通用AI.lua	0	768	768	32	256	64	0	32	0	384	80	0	0	0	0		0	0	0	320
47893	scripts\Map\驯养系统宠物系统\ai\宠物系统之逻辑跟随宠物通用AI.lua	0	768	768	32	256	64	0	32	0	384	80	0	0	0	0		1	0	0	320
47894	scripts\Map\驯养系统宠物系统\ai\宠物系统之逻辑跟随宠物通用AI.lua	0	768	768	32	256	64	0	32	0	384	80	0	0	0	0		1	0	0	320
47895	scripts\Map\驯养系统宠物系统\ai\宠物系统之逻辑跟随宠物通用AI.lua	0	768	768	32	256	64	0	32	0	384	80	0	0	0	0		1	0	0	320
47896	scripts\Map\驯养系统宠物系统\ai\宠物系统之逻辑跟随宠物通用AI.lua	0	768	768	32	256	64	0	32	0	384	80	0	0	0	0		1	0	0	320
47897	scripts\Map\驯养系统宠物系统\ai\宠物系统之逻辑跟随宠物通用AI.lua	0	768	768	32	256	64	0	32	0	384	80	0	0	0	0		1	0	0	320
47898	scripts\Map\驯养系统宠物系统\ai\宠物系统之逻辑跟随宠物通用AI.lua	0	768	768	32	256	64	0	32	0	384	80	0	0	0	0		1	0	0	320
50132	scripts\Map\驯养系统宠物系统\ai\宠物系统之逻辑跟随宠物通用AI.lua	0	768	768	32	256	64	0	32	0	384	80	0	0	0	0		1	0	0	320
50181	scripts\Map\驯养系统宠物系统\ai\宠物系统之逻辑跟随宠物通用AI.lua	0	768	768	32	256	64	0	32	0	384	80	0	0	0	0		1	0	0	320
50183	scripts\Map\驯养系统宠物系统\ai\宠物系统之逻辑跟随宠物通用AI.lua	0	768	768	32	256	64	0	32	0	384	80	0	0	0	0		1	0	0	320
50184	scripts\Map\驯养系统宠物系统\ai\宠物系统之逻辑跟随宠物通用AI.lua	0	768	768	32	256	64	0	32	0	384	80	0	0	0	0		1	0	0	320
50677	scripts\Map\驯养系统宠物系统\ai\宠物系统之逻辑跟随宠物通用AI.lua	0	768	768	32	256	64	0	32	0	384	80	0	0	0	0		1	0	0	320
50700	scripts\Map\驯养系统宠物系统\ai\宠物系统之逻辑跟随宠物通用AI.lua	0	768	768	32	256	64	0	32	0	384	80	0	0	0	0		1	0	0	320
50906	scripts/ai/StandardAI.lua	0	768	768	32	256	64	0	32	0	384	80	0	0	0	0		1	0	0	320
50907	scripts\Map\充值促销相关\ai\熊猫面馆.lua	0	768	768	32	256	64	0	32	0	384	80	0	0	0	0		1	0	0	320
50946	scripts/ai/StandardAI.lua	0	768	768	32	256	64	0	32	0	384	80	0	0	0	0		1	0	0	320
50947	scripts/ai/StandardAI.lua	0	768	768	32	256	64	0	32	0	384	80	0	0	0	0		1	0	0	320
50963	scripts\Map\驯养系统宠物系统\ai\宠物系统之逻辑跟随宠物通用AI.lua	0	768	768	32	256	64	0	32	0	384	80	0	0	0	0		1	0	0	320
50977	scripts\Map\驯养系统宠物系统\ai\宠物系统之逻辑跟随宠物通用AI.lua	0	768	768	32	256	64	0	32	0	384	80	0	0	0	0		1	0	0	320
50979	scripts\Map\驯养系统宠物系统\ai\宠物系统之逻辑跟随宠物通用AI.lua	0	768	768	32	256	64	0	32	0	384	80	0	0	0	0		1	0	0	320
51032	scripts\Map\驯养系统宠物系统\ai\宠物系统之逻辑跟随宠物通用AI.lua	0	768	768	32	256	64	0	32	0	384	80	0	0	0	0		1	0	0	320
51033	scripts\Map\驯养系统宠物系统\ai\宠物系统之逻辑跟随宠物通用AI.lua	0	768	768	32	256	64	0	32	0	384	80	0	0	0	0		0	0	0	320
51084	scripts\Map\驯养系统宠物系统\ai\宠物系统之逻辑跟随宠物通用AI.lua	0	768	768	32	256	64	0	32	0	384	80	0	0	0	0		1	0	0	320
51085	scripts\Map\驯养系统宠物系统\ai\宠物系统之逻辑跟随宠物通用AI.lua	0	768	768	32	256	64	0	32	0	384	80	0	0	0	0		1	0	0	320
51086	scripts\Map\驯养系统宠物系统\ai\宠物系统之逻辑跟随宠物通用AI.lua	0	768	768	32	256	64	0	32	0	384	80	0	0	0	0		1	0	0	320
51087	scripts\Map\驯养系统宠物系统\ai\宠物系统之逻辑跟随宠物通用AI.lua	0	768	768	32	256	64	0	32	0	384	80	0	0	0	0		1	0	0	320
51088	scripts\Map\驯养系统宠物系统\ai\宠物系统之逻辑跟随宠物通用AI.lua	0	768	768	32	256	64	0	32	0	384	80	0	0	0	0		1	0	0	320
51089	scripts\Map\驯养系统宠物系统\ai\宠物系统之逻辑跟随宠物通用AI.lua	0	768	768	32	256	64	0	32	0	384	80	0	0	0	0		1	0	0	320
51090	scripts\Map\驯养系统宠物系统\ai\宠物系统之逻辑跟随宠物通用AI.lua	0	768	768	32	256	64	0	32	0	384	80	0	0	0	0		1	0	0	320
51091	scripts\Map\驯养系统宠物系统\ai\宠物系统之逻辑跟随宠物通用AI.lua	0	768	768	32	256	64	0	32	0	384	80	0	0	0	0		1	0	0	320
51092	scripts\Map\驯养系统宠物系统\ai\宠物系统之逻辑跟随宠物通用AI.lua	0	768	768	32	256	64	0	32	0	384	80	0	0	0	0		1	0	0	320
51093	scripts\Map\驯养系统宠物系统\ai\宠物系统之逻辑跟随宠物通用AI.lua	0	768	768	32	256	64	0	32	0	384	80	0	0	0	0		1	0	0	320
51094	scripts\Map\驯养系统宠物系统\ai\宠物系统之逻辑跟随宠物通用AI.lua	0	768	768	32	256	64	0	32	0	384	80	0	0	0	0		1	0	0	320
51095	scripts\Map\驯养系统宠物系统\ai\宠物系统之逻辑跟随宠物通用AI.lua	0	768	768	32	256	64	0	32	0	384	80	0	0	0	0		1	0	0	320
51107	scripts\Map\驯养系统宠物系统\ai\宠物系统之逻辑跟随宠物通用AI.lua	0	768	768	32	256	64	0	32	0	384	80	0	0	0	0		1	0	0	320
51108	scripts\Map\驯养系统宠物系统\ai\宠物系统之逻辑跟随宠物通用AI.lua	0	768	768	32	256	64	0	32	0	384	80	0	0	0	0		1	0	0	320
51109	scripts\Map\驯养系统宠物系统\ai\宠物系统之逻辑跟随宠物通用AI.lua	0	768	768	32	256	64	0	32	0	384	80	0	0	0	0		1	0	0	320
51110	scripts\Map\驯养系统宠物系统\ai\宠物系统之逻辑跟随宠物通用AI.lua	0	768	768	32	256	64	0	32	0	384	80	0	0	0	0		1	0	0	320
51111	scripts\Map\驯养系统宠物系统\ai\宠物系统之逻辑跟随宠物通用AI.lua	0	768	768	32	256	64	0	32	0	384	80	0	0	0	0		1	0	0	320
51112	scripts\Map\驯养系统宠物系统\ai\宠物系统之逻辑跟随宠物通用AI.lua	0	768	768	32	256	64	0	32	0	384	80	0	0	0	0		1	0	0	320
51113	scripts\Map\驯养系统宠物系统\ai\宠物系统之逻辑跟随宠物通用AI.lua	0	768	768	32	256	64	0	32	0	384	80	0	0	0	0		1	0	0	320
51114	scripts\Map\驯养系统宠物系统\ai\宠物系统之逻辑跟随宠物通用AI.lua	0	768	768	32	256	64	0	32	0	384	80	0	0	0	0		1	0	0	320
51115	scripts\Map\驯养系统宠物系统\ai\宠物系统之逻辑跟随宠物通用AI.lua	0	768	768	32	256	64	0	32	0	384	80	0	0	0	0		1	0	0	320
51116	scripts\Map\驯养系统宠物系统\ai\宠物系统之逻辑跟随宠物通用AI.lua	0	768	768	32	256	64	0	32	0	384	80	0	0	0	0		1	0	0	320
51117	scripts\Map\驯养系统宠物系统\ai\宠物系统之逻辑跟随宠物通用AI.lua	0	768	768	32	256	64	0	32	0	384	80	0	0	0	0		1	0	0	320
51118	scripts\Map\驯养系统宠物系统\ai\宠物系统之逻辑跟随宠物通用AI.lua	0	768	768	32	256	64	0	32	0	384	80	0	0	0	0		1	0	0	320
51119	scripts\Map\驯养系统宠物系统\ai\宠物系统之逻辑跟随宠物通用AI.lua	0	768	768	32	256	64	0	32	0	384	80	0	0	0	0		1	0	0	320
51120	scripts\Map\驯养系统宠物系统\ai\宠物系统之逻辑跟随宠物通用AI.lua	0	768	768	32	256	64	0	32	0	384	80	0	0	0	0		1	0	0	320
51121	scripts\Map\驯养系统宠物系统\ai\宠物系统之逻辑跟随宠物通用AI.lua	0	768	768	32	256	64	0	32	0	384	80	0	0	0	0		1	0	0	320
51122	scripts\Map\驯养系统宠物系统\ai\宠物系统之逻辑跟随宠物通用AI.lua	0	768	768	32	256	64	0	32	0	384	80	0	0	0	0		1	0	0	320
51123	scripts\Map\驯养系统宠物系统\ai\宠物系统之逻辑跟随宠物通用AI.lua	0	768	768	32	256	64	0	32	0	384	80	0	0	0	0		1	0	0	320
51124	scripts\Map\驯养系统宠物系统\ai\宠物系统之逻辑跟随宠物通用AI.lua	0	768	768	32	256	64	0	32	0	384	80	0	0	0	0		1	0	0	320
51125	scripts\Map\驯养系统宠物系统\ai\宠物系统之逻辑跟随宠物通用AI.lua	0	768	768	32	256	64	0	32	0	384	80	0	0	0	0		1	0	0	320
51126	scripts\Map\驯养系统宠物系统\ai\宠物系统之逻辑跟随宠物通用AI.lua	0	768	768	32	256	64	0	32	0	384	80	0	0	0	0		1	0	0	320
51127	scripts\Map\驯养系统宠物系统\ai\宠物系统之逻辑跟随宠物通用AI.lua	0	768	768	32	256	64	0	32	0	384	80	0	0	0	0		1	0	0	320
51128	scripts\Map\驯养系统宠物系统\ai\宠物系统之逻辑跟随宠物通用AI.lua	0	768	768	32	256	64	0	32	0	384	80	0	0	0	0		1	0	0	320
51129	scripts\Map\驯养系统宠物系统\ai\宠物系统之逻辑跟随宠物通用AI.lua	0	768	768	32	256	64	0	32	0	384	80	0	0	0	0		1	0	0	320
51130	scripts\Map\驯养系统宠物系统\ai\宠物系统之逻辑跟随宠物通用AI.lua	0	768	768	32	256	64	0	32	0	384	80	0	0	0	0		1	0	0	320
51131	scripts\Map\驯养系统宠物系统\ai\宠物系统之逻辑跟随宠物通用AI.lua	0	768	768	32	256	64	0	32	0	384	80	0	0	0	0		1	0	0	320
51234	scripts\Map\驯养系统宠物系统\ai\宠物系统之逻辑跟随宠物通用AI.lua	0	768	768	32	256	64	0	32	0	384	80	0	0	0	0		1	0	0	320
51235	scripts\Map\驯养系统宠物系统\ai\宠物系统之逻辑跟随宠物通用AI.lua	0	768	768	32	256	64	0	32	0	384	80	0	0	0	0		1	0	0	320
51236	scripts\Map\驯养系统宠物系统\ai\宠物系统之逻辑跟随宠物通用AI.lua	0	768	768	32	256	64	0	32	0	384	80	0	0	0	0		1	0	0	320
51237	scripts\Map\驯养系统宠物系统\ai\宠物系统之逻辑跟随宠物通用AI.lua	0	768	768	32	256	64	0	32	0	384	80	0	0	0	0		1	0	0	320
51238	scripts\Map\驯养系统宠物系统\ai\宠物系统之逻辑跟随宠物通用AI.lua	0	768	768	32	256	64	0	32	0	384	80	0	0	0	0		1	0	0	320
51546	scripts\Map\驯养系统宠物系统\ai\宠物系统之逻辑跟随宠物通用AI.lua	0	768	768	32	256	64	0	32	0	384	80	0	0	0	0		1	0	0	320
51553	scripts\Map\驯养系统宠物系统\ai\宠物系统之逻辑跟随宠物通用AI.lua	0	768	768	32	256	64	0	32	0	384	80	0	0	0	0		1	0	0	320
51561	scripts\Map\驯养系统宠物系统\ai\宠物系统之逻辑跟随宠物通用AI.lua	0	768	768	32	256	64	0	32	0	384	80	0	0	0	0		1	0	0	320
51562	scripts\Map\驯养系统宠物系统\ai\宠物系统之逻辑跟随宠物通用AI.lua	0	768	768	32	256	64	0	32	0	384	80	0	0	0	0		1	0	0	320
51563	scripts\Map\驯养系统宠物系统\ai\宠物系统之逻辑跟随宠物通用AI.lua	0	768	768	32	256	64	0	32	0	384	80	0	0	0	0		1	0	0	320
51564	scripts\Map\唐门\ai\机关小猪.lua	0	768	768	32	256	64	0	32	0	384	80	0	0	0	0		1	0	0	320
51565	scripts\Map\唐门\ai\机关小猪.lua	0	768	768	32	256	64	0	32	0	384	80	0	0	0	0		1	0	0	320
51566	scripts\Map\驯养系统宠物系统\ai\宠物系统之逻辑跟随宠物通用AI.lua	0	768	768	32	256	64	0	32	0	384	80	0	0	0	0		1	0	0	320
51567	scripts\Map\驯养系统宠物系统\ai\宠物系统之逻辑跟随宠物通用AI.lua	0	768	768	32	256	64	0	32	0	384	80	0	0	0	0		1	0	0	320
51568	scripts\Map\驯养系统宠物系统\ai\宠物系统之逻辑跟随宠物通用AI.lua	0	768	768	32	256	64	0	32	0	384	80	0	0	0	0		1	0	0	320
51569	scripts\Map\驯养系统宠物系统\ai\宠物系统之逻辑跟随宠物通用AI.lua	0	768	768	32	256	64	0	32	0	384	80	0	0	0	0		1	0	0	320
51570	scripts\Map\驯养系统宠物系统\ai\宠物系统之逻辑跟随宠物通用AI.lua	0	768	768	32	256	64	0	32	0	384	80	0	0	0	0		1	0	0	320
51571	scripts\Map\驯养系统宠物系统\ai\宠物系统之逻辑跟随宠物通用AI.lua	0	768	768	32	256	64	0	32	0	384	80	0	0	0	0		1	0	0	320
51572	scripts\Map\驯养系统宠物系统\ai\宠物系统之逻辑跟随宠物通用AI.lua	0	768	768	32	256	64	0	32	0	384	80	0	0	0	0		1	0	0	320
51573	scripts\Map\驯养系统宠物系统\ai\宠物系统之逻辑跟随宠物通用AI.lua	0	768	768	32	256	64	0	32	0	384	80	0	0	0	0		1	0	0	320
51574	scripts\Map\驯养系统宠物系统\ai\宠物系统之逻辑跟随宠物通用AI.lua	0	768	768	32	256	64	0	32	0	384	80	0	0	0	0		1	0	0	320
51575	scripts\Map\驯养系统宠物系统\ai\宠物系统之逻辑跟随宠物通用AI.lua	0	768	768	32	256	64	0	32	0	384	80	0	0	0	0		1	0	0	320
51576	scripts\Map\驯养系统宠物系统\ai\宠物系统之逻辑跟随宠物通用AI.lua	0	768	768	32	256	64	0	32	0	384	80	0	0	0	0		1	0	0	320
51727	scripts\Map\驯养系统宠物系统\ai\孔明灯_戏参北斗.lua	0	768	768	32	256	64	0	32	0	384	80	0	0	0	0		1	0	0	320
51973	scripts\Map\驯养系统宠物系统\ai\宠物系统之逻辑跟随宠物通用AI.lua	0	768	768	32	256	64	0	32	0	384	80	0	0	0	0		1	0	0	320
52304	scripts\Map\驯养系统宠物系统\ai\宠物系统之逻辑跟随宠物通用AI.lua	0	768	768	32	256	64	0	32	0	384	80	0	0	0	0		1	0	0	320
52305	scripts\Map\驯养系统宠物系统\ai\宠物系统之逻辑跟随宠物通用AI.lua	0	768	768	32	256	64	0	32	0	384	80	0	0	0	0		1	0	0	320
52707	scripts\Map\充值促销相关\ai\中秋背挂.lua	0	768	768	32	256	64	0	32	0	384	80	0	0	0	0		1	0	0	320
52769	scripts/ai/StandardAI.lua	0	768	768	32	256	64	0	32	0	384	80	0	0	0	0		1	0	0	320
53393	scripts\Map\驯养系统宠物系统\ai\宠物系统之逻辑跟随宠物通用AI.lua	0	768	768	32	256	64	0	32	0	384	80	0	0	0	0		1	0	0	320
53401	scripts\Map\驯养系统宠物系统\ai\宠物系统之逻辑跟随宠物通用AI.lua	0	768	768	32	256	64	0	32	0	384	80	0	0	0	0		1	0	0	320
53402	scripts\Map\驯养系统宠物系统\ai\宠物系统之逻辑跟随宠物通用AI.lua	0	768	768	32	256	64	0	32	0	384	80	0	0	0	0		1	0	0	320
53403	scripts\Map\驯养系统宠物系统\ai\新机制宠物的逻辑点跟随处理AI之一.lua	0	768	768	32	256	64	0	32	0	384	80	0	0	0	0		1	0	0	320
53404	scripts\Map\驯养系统宠物系统\ai\新机制宠物的逻辑点跟随处理AI之一.lua	0	768	768	32	256	64	0	32	0	384	80	0	0	0	0		1	0	0	320
53405	scripts\Map\驯养系统宠物系统\ai\新机制宠物的逻辑点跟随处理AI之一.lua	0	768	768	32	256	64	0	32	0	384	80	0	0	0	0		1	0	0	320
53406	scripts\Map\驯养系统宠物系统\ai\新机制宠物的逻辑点跟随处理AI之一.lua	0	768	768	32	256	64	0	32	0	384	80	0	0	0	0		1	0	0	320
53407	scripts\Map\驯养系统宠物系统\ai\新机制宠物的逻辑点跟随处理AI之一.lua	0	768	768	32	256	64	0	32	0	384	80	0	0	0	0		1	0	0	320
53408	scripts\Map\驯养系统宠物系统\ai\新机制宠物的逻辑点跟随处理AI之一.lua	0	768	768	32	256	64	0	32	0	384	80	0	0	0	0		1	0	0	320
53409	scripts\Map\驯养系统宠物系统\ai\新机制宠物的逻辑点跟随处理AI之一.lua	0	768	768	32	256	64	0	32	0	384	80	0	0	0	0		1	0	0	320
53559	scripts\Map\驯养系统宠物系统\ai\宠物系统之逻辑跟随宠物通用AI.lua	0	768	768	32	256	64	0	32	0	384	80	0	0	0	0		0	0	0	320
55575	scripts\Map\驯养系统宠物系统\ai\宠物系统之逻辑跟随宠物通用AI.lua	0	768	768	32	256	64	0	32	0	384	80	0	0	0	0		1	0	0	320
55576	scripts\Map\驯养系统宠物系统\ai\宠物系统之逻辑跟随宠物通用AI.lua	0	768	768	32	256	64	0	32	0	384	80	0	0	0	0		1	0	0	320
55578	scripts/Map/驯养系统宠物系统/ai/宠物系统之新年公鸡_充销版.lua	0	768	768	32	256	64	0	32	0	384	80	0	0	0	0		1	0	0	320
55579	scripts/Map/驯养系统宠物系统/ai/宠物系统之新年公鸡_充销版.lua	0	768	768	32	256	64	0	32	0	384	80	0	0	0	0		1	0	0	320
55580	scripts/Map/驯养系统宠物系统/ai/宠物系统之新年公鸡_充销版.lua	0	768	768	32	256	64	0	32	0	384	80	0	0	0	0		1	0	0	320
55581	scripts/Map/驯养系统宠物系统/ai/宠物系统之新年公鸡_活动版.lua	0	768	768	32	256	64	0	32	0	384	80	0	0	0	0		1	0	0	320
55582	scripts/Map/驯养系统宠物系统/ai/宠物系统之新年公鸡_活动版.lua	0	768	768	32	256	64	0	32	0	384	80	0	0	0	0		1	0	0	320
55583	scripts/Map/驯养系统宠物系统/ai/宠物系统之新年公鸡_活动版.lua	0	768	768	32	256	64	0	32	0	384	80	0	0	0	0		1	0	0	320
55629	scripts\Map\驯养系统宠物系统\ai\宠物系统之逻辑跟随宠物通用AI.lua	0	768	768	32	256	64	0	32	0	384	80	0	0	0	0		1	0	0	320
55646	scripts\Map\驯养系统宠物系统\ai\宠物系统之逻辑跟随宠物通用AI.lua	0	768	768	32	256	64	0	32	0	384	80	0	0	0	0		1	0	0	320
55866	scripts\Map\驯养系统宠物系统\ai\宠物系统之逻辑跟随宠物通用AI.lua	0	768	768	32	256	64	0	32	0	384	80	0	0	0	0		1	0	0	320
56172	scripts\Map\驯养系统宠物系统\ai\宠物系统之逻辑跟随宠物通用AI.lua	0	768	768	32	256	64	0	32	0	384	80	0	0	0	0		0	0	0	320
56660	scripts\Map\驯养系统宠物系统\ai\宠物系统之逻辑跟随宠物通用AI.lua	0	768	768	32	256	64	0	32	0	384	80	0	0	0	0		1	0	0	320
56664	scripts\Map\驯养系统宠物系统\ai\宠物系统之逻辑跟随宠物通用AI.lua	0	768	768	32	256	64	0	32	0	384	80	0	0	0	0		1	0	0	320
56666	scripts\Map\驯养系统宠物系统\ai\宠物系统之逻辑跟随宠物通用AI.lua	0	768	768	32	256	64	0	32	0	384	80	0	0	0	0		1	0	0	320
57444	scripts\Map\驯养系统宠物系统\ai\宠物系统之逻辑跟随宠物通用AI.lua	0	768	768	32	256	64	0	32	0	384	80	0	0	0	0		1	0	0	320
57634	scripts\Map\驯养系统宠物系统\ai\宠物系统之逻辑跟随宠物通用AI.lua	0	768	768	32	256	64	0	32	0	384	80	0	0	0	0		1	0	0	320
57653	scripts\Map\驯养系统宠物系统\ai\宠物系统之逻辑跟随宠物通用AI.lua	0	768	768	32	256	64	0	32	0	384	80	0	0	0	0		1	0	0	320
58946	scripts\Map\驯养系统宠物系统\ai\宠物系统之逻辑跟随宠物通用AI.lua	0	768	768	32	256	64	0	32	0	384	80	0	0	0	0		1	0	0	320
59137	scripts\Map\驯养系统宠物系统\ai\宠物系统之逻辑跟随宠物通用AI.lua	0	768	768	32	256	64	0	32	0	384	80	0	0	0	0		1	0	0	320
59138	scripts\Map\驯养系统宠物系统\ai\宠物系统之逻辑跟随宠物通用AI.lua	0	768	768	32	256	64	0	32	0	384	80	0	0	0	0		1	0	0	320
59139	scripts\Map\驯养系统宠物系统\ai\宠物系统之逻辑跟随宠物通用AI.lua	0	768	768	32	256	64	0	32	0	384	80	0	0	0	0		1	0	0	320
59140	scripts\Map\驯养系统宠物系统\ai\宠物系统之逻辑跟随宠物通用AI.lua	0	768	768	32	256	64	0	32	0	384	80	0	0	0	0		1	0	0	320
59141	scripts\Map\驯养系统宠物系统\ai\宠物系统之逻辑跟随宠物通用AI.lua	0	768	768	32	256	64	0	32	0	384	80	0	0	0	0		1	0	0	320
59142	scripts\Map\驯养系统宠物系统\ai\宠物系统之逻辑跟随宠物通用AI.lua	0	768	768	32	256	64	0	32	0	384	80	0	0	0	0		1	0	0	320
59143	scripts\Map\驯养系统宠物系统\ai\宠物系统之逻辑跟随宠物通用AI.lua	0	768	768	32	256	64	0	32	0	384	80	0	0	0	0		1	0	0	320
59144	scripts\Map\驯养系统宠物系统\ai\宠物系统之逻辑跟随宠物通用AI.lua	0	768	768	32	256	64	0	32	0	384	80	0	0	0	0		1	0	0	320
59203	scripts\Map\驯养系统宠物系统\ai\宠物系统之逻辑跟随宠物通用AI.lua	0	768	768	32	256	64	0	32	0	384	80	0	0	0	0		1	0	0	320
59362	scripts\Map\驯养系统宠物系统\ai\宠物系统之逻辑跟随宠物通用AI.lua	0	768	768	32	256	64	0	32	0	384	80	0	0	0	0		1	0	0	320
59363	scripts\Map\驯养系统宠物系统\ai\宠物系统之逻辑跟随宠物通用AI.lua	0	768	768	32	256	64	0	32	0	384	80	0	0	0	0		1	0	0	320
59364	scripts\Map\驯养系统宠物系统\ai\宠物系统之逻辑跟随宠物通用AI.lua	0	768	768	32	256	64	0	32	0	384	80	0	0	0	0		1	0	0	320
59365	scripts\Map\驯养系统宠物系统\ai\宠物系统之逻辑跟随宠物通用AI.lua	0	768	768	32	256	64	0	32	0	384	80	0	0	0	0		1	0	0	320
59366	scripts\Map\驯养系统宠物系统\ai\宠物系统之逻辑跟随宠物通用AI.lua	0	768	768	32	256	64	0	32	0	384	80	0	0	0	0		1	0	0	320
59367	scripts\Map\驯养系统宠物系统\ai\宠物系统之逻辑跟随宠物通用AI.lua	0	768	768	32	256	64	0	32	0	384	80	0	0	0	0		1	0	0	320
59368	scripts\Map\驯养系统宠物系统\ai\宠物系统之逻辑跟随宠物通用AI.lua	0	768	768	32	256	64	0	32	0	384	80	0	0	0	0		1	0	0	320
59369	scripts\Map\驯养系统宠物系统\ai\宠物系统之逻辑跟随宠物通用AI.lua	0	768	768	32	256	64	0	32	0	384	80	0	0	0	0		1	0	0	320
59370	scripts\Map\驯养系统宠物系统\ai\宠物系统之逻辑跟随宠物通用AI.lua	0	768	768	32	256	64	0	32	0	384	80	0	0	0	0		1	0	0	320
59691	scripts\Map\驯养系统宠物系统\ai\宠物系统之逻辑跟随宠物通用AI.lua	0	768	768	32	256	64	0	32	0	384	80	0	0	0	0		1	0	0	320
59969	scripts\Map\驯养系统宠物系统\ai\宠物系统之逻辑跟随宠物通用AI.lua	0	768	768	32	256	64	0	32	0	384	80	0	0	0	0		1	0	0	320
60231	scripts\Map\驯养系统宠物系统\ai\宠物系统之逻辑跟随宠物通用AI.lua	0	768	768	32	256	64	0	32	0	384	80	0	0	0	0		1	0	0	320
60232	scripts\Map\驯养系统宠物系统\ai\宠物系统之逻辑跟随宠物通用AI.lua	0	768	768	32	256	64	0	32	0	384	80	0	0	0	0		1	0	0	320
61364	scripts\Map\驯养系统宠物系统\ai\宠物系统之逻辑跟随宠物通用AI.lua	0	768	768	32	256	64	0	32	0	384	80	0	0	0	0		1	0	0	320
61365	scripts\Map\驯养系统宠物系统\ai\宠物系统之逻辑跟随宠物通用AI.lua	0	768	768	32	256	64	0	32	0	384	80	0	0	0	0		1	0	0	320
62902	scripts/ai/StandardAI.lua	0	768	768	32	256	64	0	32	0	384	80	0	0	0	0		1	0	0	320
63038	scripts\Map\驯养系统宠物系统\ai\宠物系统之逻辑跟随宠物通用AI.lua	0	768	768	32	256	64	0	32	0	384	80	0	0	0	0		1	0	0	320
63142	scripts\Map\驯养系统宠物系统\ai\宠物系统之逻辑跟随宠物通用AI.lua	0	768	768	32	256	64	0	32	0	384	80	0	0	0	0		1	0	0	320
63146	scripts\Map\驯养系统宠物系统\ai\宠物系统之逻辑跟随宠物通用AI.lua	0	768	768	32	256	64	0	32	0	384	80	0	0	0	0		1	0	0	320
63147	scripts\Map\驯养系统宠物系统\ai\宠物系统之逻辑跟随宠物通用AI.lua	0	768	768	32	256	64	0	32	0	384	80	0	0	0	0		1	0	0	320
63148	scripts\Map\驯养系统宠物系统\ai\宠物系统之逻辑跟随宠物通用AI.lua	0	768	768	32	256	64	0	32	0	384	80	0	0	0	0		1	0	0	320
63149	scripts\Map\驯养系统宠物系统\ai\宠物系统之逻辑跟随宠物通用AI.lua	0	768	768	32	256	64	0	32	0	384	80	0	0	0	0		1	0	0	320
63150	scripts\Map\驯养系统宠物系统\ai\宠物系统之逻辑跟随宠物通用AI.lua	0	768	768	32	256	64	0	32	0	384	80	0	0	0	0		1	0	0	320
63151	scripts\Map\驯养系统宠物系统\ai\宠物系统之逻辑跟随宠物通用AI.lua	0	768	768	32	256	64	0	32	0	384	80	0	0	0	0		1	0	0	320
63152	scripts\Map\驯养系统宠物系统\ai\宠物系统之逻辑跟随宠物通用AI.lua	0	768	768	32	256	64	0	32	0	384	80	0	0	0	0		1	0	0	320
63153	scripts\Map\驯养系统宠物系统\ai\宠物系统之逻辑跟随宠物通用AI.lua	0	768	768	32	256	64	0	32	0	384	80	0	0	0	0		1	0	0	320
64301	scripts\Map\驯养系统宠物系统\ai\宠物系统之逻辑跟随宠物通用AI.lua	0	768	768	32	256	64	0	32	0	384	80	0	0	0	0		1	0	0	320
64358	scripts\Map\驯养系统宠物系统\ai\宠物系统之逻辑跟随宠物通用AI.lua	0	768	768	32	256	64	0	32	0	384	80	0	0	0	0		1	0	0	320
64359	scripts\Map\驯养系统宠物系统\ai\宠物系统之逻辑跟随宠物通用AI.lua	0	768	768	32	256	64	0	32	0	384	80	0	0	0	0		1	0	0	320
64360	scripts\Map\驯养系统宠物系统\ai\宠物系统之逻辑跟随宠物通用AI.lua	0	768	768	32	256	64	0	32	0	384	80	0	0	0	0		1	0	0	320
64365	scripts\Map\驯养系统宠物系统\ai\宠物系统之逻辑跟随宠物通用AI.lua	0	768	768	32	256	64	0	32	0	384	80	0	0	0	0		1	0	0	320
64366	scripts\Map\驯养系统宠物系统\ai\宠物系统之逻辑跟随宠物通用AI.lua	0	768	768	32	256	64	0	32	0	384	80	0	0	0	0		1	0	0	320
64439	scripts\Map\驯养系统宠物系统\ai\宠物系统之逻辑跟随宠物通用AI.lua	0	768	768	32	256	64	0	32	0	384	80	0	0	0	0		1	0	0	320
64497	scripts\Map\驯养系统宠物系统\ai\宠物系统之逻辑跟随宠物通用AI.lua	0	768	768	32	256	64	0	32	0	384	80	0	0	0	0		1	0	0	320
64750	scripts\Map\驯养系统宠物系统\ai\宠物系统之逻辑跟随宠物通用AI.lua	0	768	768	32	256	64	0	32	0	384	80	0	0	0	0		1	0	0	320
64751	scripts\Map\驯养系统宠物系统\ai\宠物系统之逻辑跟随宠物通用AI.lua	0	768	768	32	256	64	0	32	0	384	80	0	0	0	0		1	0	0	320
64928	scripts\Map\驯养系统宠物系统\ai\宠物系统之逻辑跟随宠物通用AI.lua	0	768	768	32	256	64	0	32	0	384	80	0	0	0	0		1	0	0	320
65095	scripts\Map\驯养系统宠物系统\ai\宠物系统之逻辑跟随宠物通用AI.lua	0	768	768	32	256	64	0	32	0	384	80	0	0	0	0		1	0	0	320
65949	scripts\Map\驯养系统宠物系统\ai\宠物系统之逻辑跟随宠物通用AI.lua	0	768	768	32	256	64	0	32	0	384	80	0	0	0	0		1	0	0	320
66541	scripts\Map\驯养系统宠物系统\ai\宠物系统之逻辑跟随宠物通用AI.lua	0	768	768	32	256	64	0	32	0	384	80	0	0	0	0		1	0	0	320
66674	scripts\Map\驯养系统宠物系统\ai\宠物系统之逻辑跟随宠物通用AI.lua	0	768	768	32	256	64	0	32	0	384	80	0	0	0	0		1	0	0	320
66681	scripts\Map\驯养系统宠物系统\ai\宠物系统之逻辑跟随宠物通用AI.lua	0	768	768	32	256	64	0	32	0	384	80	0	0	0	0		1	0	0	320
66682	scripts\Map\驯养系统宠物系统\ai\宠物系统之逻辑跟随宠物通用AI.lua	0	768	768	32	256	64	0	32	0	384	80	0	0	0	0		1	0	0	320
66683	scripts\Map\驯养系统宠物系统\ai\宠物系统之逻辑跟随宠物通用AI.lua	0	768	768	32	256	64	0	32	0	384	80	0	0	0	0		1	0	0	320
66684	scripts\Map\驯养系统宠物系统\ai\宠物系统之逻辑跟随宠物通用AI.lua	0	768	768	32	256	64	0	32	0	384	80	0	0	0	0		1	0	0	320
66685	scripts\Map\驯养系统宠物系统\ai\宠物系统之逻辑跟随宠物通用AI.lua	0	768	768	32	256	64	0	32	0	384	80	0	0	0	0		1	0	0	320
66810	scripts\Map\驯养系统宠物系统\ai\宠物系统之逻辑跟随宠物通用AI.lua	0	768	768	32	256	64	0	32	0	384	80	0	0	0	0		1	0	0	320
66811	scripts\Map\驯养系统宠物系统\ai\宠物系统之逻辑跟随宠物通用AI.lua	0	768	768	32	256	64	0	32	0	384	80	0	0	0	0		1	0	0	320
66852	scripts\Map\驯养系统宠物系统\ai\宠物系统之逻辑跟随宠物通用AI.lua	0	768	768	32	256	64	0	32	0	384	80	0	0	0	0		1	0	0	320
66853	scripts\Map\驯养系统宠物系统\ai\宠物系统之逻辑跟随宠物通用AI.lua	0	768	768	32	256	64	0	32	0	384	80	0	0	0	0		1	0	0	320
66854	scripts\Map\驯养系统宠物系统\ai\宠物系统之逻辑跟随宠物通用AI.lua	0	768	768	32	256	64	0	32	0	384	80	0	0	0	0		1	0	0	320
66855	scripts\Map\驯养系统宠物系统\ai\宠物系统之逻辑跟随宠物通用AI.lua	0	768	768	32	256	64	0	32	0	384	80	0	0	0	0		1	0	0	320
66856	scripts\Map\驯养系统宠物系统\ai\宠物系统之逻辑跟随宠物通用AI.lua	0	768	768	32	256	64	0	32	0	384	80	0	0	0	0		1	0	0	320
66857	scripts\Map\驯养系统宠物系统\ai\宠物系统之逻辑跟随宠物通用AI.lua	0	768	768	32	256	64	0	32	0	384	80	0	0	0	0		1	0	0	320
66858	scripts\Map\驯养系统宠物系统\ai\宠物系统之逻辑跟随宠物通用AI.lua	0	768	768	32	256	64	0	32	0	384	80	0	0	0	0		1	0	0	320
66859	scripts\Map\驯养系统宠物系统\ai\宠物系统之逻辑跟随宠物通用AI.lua	0	768	768	32	256	64	0	32	0	384	80	0	0	0	0		1	0	0	320
66860	scripts\Map\驯养系统宠物系统\ai\宠物系统之逻辑跟随宠物通用AI.lua	0	768	768	32	256	64	0	32	0	384	80	0	0	0	0		1	0	0	320
66861	scripts\Map\驯养系统宠物系统\ai\宠物系统之逻辑跟随宠物通用AI.lua	0	768	768	32	256	64	0	32	0	384	80	0	0	0	0		1	0	0	320
66862	scripts\Map\唐门\ai\机关小猪.lua	0	768	768	32	256	64	0	32	512	384	80	0	0	0	0		1	0	0	320
66863	scripts\Map\驯养系统宠物系统\ai\宠物系统之逻辑跟随宠物通用AI.lua	0	768	768	32	256	64	0	32	0	384	80	0	0	0	0		1	0	0	320
66864	scripts/ai/StandardAI.lua	0	768	768	32	256	64	0	32	0	384	80	0	0	0	0		1	0	0	320
66865	scripts/ai/StandardAI.lua	0	768	768	32	256	64	0	32	0	384	80	0	0	0	0		1	0	0	320
66877	scripts\Map\驯养系统宠物系统\ai\宠物系统之逻辑跟随宠物通用AI.lua	0	768	768	32	256	64	0	32	0	384	80	0	0	0	0		1	0	0	320
66950	scripts\Map\驯养系统宠物系统\ai\宠物系统之逻辑跟随宠物通用AI.lua	0	768	768	32	256	64	0	32	0	384	80	0	0	0	0		1	0	0	320
66951	scripts\Map\驯养系统宠物系统\ai\宠物系统之逻辑跟随宠物通用AI.lua	0	768	768	32	256	64	0	32	0	384	80	0	0	0	0		1	0	0	320
66975	scripts\Map\驯养系统宠物系统\ai\宠物系统之逻辑跟随宠物通用AI.lua	0	768	768	32	256	64	0	32	0	384	80	0	0	0	0		1	0	0	320
66985	scripts\Map\驯养系统宠物系统\ai\宠物系统之逻辑跟随宠物通用AI.lua	0	768	768	32	256	64	0	32	0	384	80	0	0	0	0		1	0	0	320
66986	scripts\Map\驯养系统宠物系统\ai\宠物系统之逻辑跟随宠物通用AI.lua	0	768	768	32	256	64	0	32	0	384	80	0	0	0	0		1	0	0	320
67509	scripts\Map\驯养系统宠物系统\ai\宠物系统之逻辑跟随宠物通用AI.lua	0	768	768	32	256	64	0	32	0	384	80	0	0	0	0		1	0	0	320
68951	scripts\Map\驯养系统宠物系统\ai\宠物系统之逻辑跟随宠物通用AI.lua	0	768	768	32	256	64	0	32	0	384	80	0	0	0	0		1	0	0	320
68960	scripts\Map\驯养系统宠物系统\ai\宠物系统之逻辑跟随宠物通用AI.lua	0	768	768	32	256	64	0	32	0	384	80	0	0	0	0		1	0	0	320
68961	scripts\Map\驯养系统宠物系统\ai\宠物系统之逻辑跟随宠物通用AI.lua	0	768	768	32	256	64	0	32	0	384	80	0	0	0	0		1	0	0	320
68962	scripts\Map\驯养系统宠物系统\ai\宠物系统之逻辑跟随宠物通用AI.lua	0	768	768	32	256	64	0	32	0	384	80	0	0	0	0		1	0	0	320
68963	scripts\Map\驯养系统宠物系统\ai\宠物系统之逻辑跟随宠物通用AI.lua	0	768	768	32	256	64	0	32	0	384	80	0	0	0	0		1	0	0	320
68964	scripts\Map\驯养系统宠物系统\ai\宠物系统之逻辑跟随宠物通用AI.lua	0	768	768	32	256	64	0	32	0	384	80	0	0	0	0		1	0	0	320
68965	scripts\Map\驯养系统宠物系统\ai\宠物系统之逻辑跟随宠物通用AI.lua	0	768	768	32	256	64	0	32	0	384	80	0	0	0	0		1	0	0	320
68966	scripts\Map\驯养系统宠物系统\ai\宠物系统之逻辑跟随宠物通用AI.lua	0	768	768	32	256	64	0	32	0	384	80	0	0	0	0		1	0	0	320
68967	scripts\Map\驯养系统宠物系统\ai\宠物系统之逻辑跟随宠物通用AI.lua	0	768	768	32	256	64	0	32	0	384	80	0	0	0	0		1	0	0	320
68968	scripts\Map\驯养系统宠物系统\ai\宠物系统之逻辑跟随宠物通用AI.lua	0	768	768	32	256	64	0	32	0	384	80	0	0	0	0		1	0	0	320
68969	scripts\Map\驯养系统宠物系统\ai\宠物系统之逻辑跟随宠物通用AI.lua	0	768	768	32	256	64	0	32	0	384	80	0	0	0	0		1	0	0	320
68970	scripts\Map\驯养系统宠物系统\ai\宠物系统之逻辑跟随宠物通用AI.lua	0	768	768	32	256	64	0	32	0	384	80	0	0	0	0		1	0	0	320
68971	scripts\Map\驯养系统宠物系统\ai\宠物系统之逻辑跟随宠物通用AI.lua	0	768	768	32	256	64	0	32	0	384	80	0	0	0	0		1	0	0	320
68972	scripts\Map\驯养系统宠物系统\ai\宠物系统之逻辑跟随宠物通用AI.lua	0	768	768	32	256	64	0	32	0	384	80	0	0	0	0		1	0	0	320
68973	scripts\Map\驯养系统宠物系统\ai\宠物系统之逻辑跟随宠物通用AI.lua	0	768	768	32	256	64	0	32	0	384	80	0	0	0	0		1	0	0	320
68974	scripts\Map\驯养系统宠物系统\ai\宠物系统之逻辑跟随宠物通用AI.lua	0	768	768	32	256	64	0	32	0	384	80	0	0	0	0		1	0	0	320
68975	scripts\Map\驯养系统宠物系统\ai\宠物系统之逻辑跟随宠物通用AI.lua	0	768	768	32	256	64	0	32	0	384	80	0	0	0	0		1	0	0	320
69207	scripts\Map\驯养系统宠物系统\ai\宠物系统之逻辑跟随宠物通用AI.lua	0	768	768	32	256	64	0	32	0	384	80	0	0	0	0		1	0	0	320
69208	scripts\Map\驯养系统宠物系统\ai\宠物系统之逻辑跟随宠物通用AI.lua	0	768	768	32	256	64	0	32	0	384	80	0	0	0	0		1	0	0	320
69412	scripts\Map\驯养系统宠物系统\ai\宠物系统之逻辑跟随宠物通用AI.lua	0	768	768	32	256	64	0	32	0	384	80	0	0	0	0		1	0	0	320
69413	scripts\Map\驯养系统宠物系统\ai\宠物系统之逻辑跟随宠物通用AI.lua	0	768	768	32	256	64	0	32	0	384	80	0	0	0	0		1	0	0	320
69414	scripts\Map\驯养系统宠物系统\ai\宠物系统之逻辑跟随宠物通用AI.lua	0	768	768	32	256	64	0	32	0	384	80	0	0	0	0		1	0	0	320
69415	scripts\Map\驯养系统宠物系统\ai\宠物系统之逻辑跟随宠物通用AI.lua	0	768	768	32	256	64	0	32	0	384	80	0	0	0	0		1	0	0	320
69416	scripts\Map\驯养系统宠物系统\ai\宠物系统之逻辑跟随宠物通用AI.lua	0	768	768	32	256	64	0	32	0	384	80	0	0	0	0		1	0	0	320
69417	scripts\Map\驯养系统宠物系统\ai\宠物系统之逻辑跟随宠物通用AI.lua	0	768	768	32	256	64	0	32	0	384	80	0	0	0	0		1	0	0	320
69428	scripts\Map\驯养系统宠物系统\ai\宠物系统之逻辑跟随宠物通用AI.lua	0	768	768	32	256	64	0	32	0	384	80	0	0	0	0		1	0	0	320
69429	scripts\Map\驯养系统宠物系统\ai\宠物系统之逻辑跟随宠物通用AI.lua	0	768	768	32	256	64	0	32	0	384	80	0	0	0	0		1	0	0	320
69430	scripts\Map\驯养系统宠物系统\ai\宠物系统之逻辑跟随宠物通用AI.lua	0	768	768	32	256	64	0	32	0	384	80	0	0	0	0		1	0	0	320
69431	scripts\Map\驯养系统宠物系统\ai\宠物系统之逻辑跟随宠物通用AI.lua	0	768	768	32	256	64	0	32	0	384	80	0	0	0	0		1	0	0	320
69504	scripts\Map\驯养系统宠物系统\ai\宠物系统之逻辑跟随宠物通用AI.lua	0	768	768	32	256	64	0	32	0	384	80	0	0	0	0		1	0	0	320
69539	scripts\Map\驯养系统宠物系统\ai\宠物系统之逻辑跟随宠物通用AI.lua	0	768	768	32	256	64	0	32	0	384	80	0	0	0	0		1	0	0	320
69933	scripts\Map\驯养系统宠物系统\ai\宠物系统之逻辑跟随宠物通用AI.lua	0	768	768	32	256	64	0	32	0	384	80	0	0	0	0		1	0	0	320
99206	scripts\Map\驯养系统宠物系统\ai\宠物系统之逻辑跟随宠物通用AI.lua	0	768	768	32	256	64	0	32	0	384	80	0	0	0	0		1	0	0	320
99207	scripts\Map\驯养系统宠物系统\ai\宠物系统之逻辑跟随宠物通用AI.lua	0	768	768	32	256	64	0	32	0	384	80	0	0	0	0		1	0	0	320
99208	scripts\Map\驯养系统宠物系统\ai\宠物系统之逻辑跟随宠物通用AI.lua	0	768	768	32	256	64	0	32	0	384	80	0	0	0	0		1	0	0	320
99209	scripts\Map\驯养系统宠物系统\ai\宠物系统之逻辑跟随宠物通用AI.lua	0	768	768	32	256	64	0	32	0	384	80	0	0	0	0		1	0	0	320
99210	scripts\Map\驯养系统宠物系统\ai\宠物系统之逻辑跟随宠物通用AI.lua	0	768	768	32	256	64	0	32	0	384	80	0	0	0	0		1	0	0	320
99211	scripts\Map\驯养系统宠物系统\ai\宠物系统之逻辑跟随宠物通用AI.lua	0	768	768	32	256	64	0	32	0	384	80	0	0	0	0		1	0	0	320
99212	scripts\Map\驯养系统宠物系统\ai\宠物系统之逻辑跟随宠物通用AI.lua	0	768	768	32	256	64	0	32	0	384	80	0	0	0	0		1	0	0	320
99213	scripts\Map\驯养系统宠物系统\ai\宠物系统之逻辑跟随宠物通用AI.lua	0	768	768	32	256	64	0	32	0	384	80	0	0	0	0		1	0	0	320
99214	scripts\Map\驯养系统宠物系统\ai\宠物系统之逻辑跟随宠物通用AI.lua	0	768	768	32	256	64	0	32	0	384	80	0	0	0	0		1	0	0	320
99298	scripts\Map\驯养系统宠物系统\ai\宠物系统之逻辑跟随宠物通用AI.lua	0	768	768	32	256	64	0	32	0	384	80	0	0	0	0		1	0	0	320
99335	scripts\Map\驯养系统宠物系统\ai\宠物系统之逻辑跟随宠物通用AI.lua	0	768	768	32	256	64	0	32	0	384	80	0	0	0	0		1	0	0	320
99439	scripts\Map\驯养系统宠物系统\ai\宠物系统之逻辑跟随宠物通用AI.lua	0	768	768	32	256	64	0	32	0	384	80	0	0	0	0		1	0	0	320
99817	scripts\Map\驯养系统宠物系统\ai\宠物系统之逻辑跟随宠物通用AI.lua	0	768	768	32	256	64	0	32	0	384	80	0	0	0	0		1	0	0	320
99922	scripts\Map\驯养系统宠物系统\ai\宠物系统之逻辑跟随宠物通用AI.lua	0	768	768	32	256	64	0	32	0	384	80	0	0	0	0		1	0	0	320
102072	scripts\Map\驯养系统宠物系统\ai\宠物系统之逻辑跟随宠物通用AI.lua	0	768	768	32	256	64	0	32	0	384	80	0	0	0	0		1	0	0	320
102885	scripts\Map\驯养系统宠物系统\ai\宠物系统之逻辑跟随宠物通用AI.lua	0	768	768	32	256	64	0	32	0	384	80	0	0	0	0		1	0	0	320
102886	scripts\Map\驯养系统宠物系统\ai\宠物系统之逻辑跟随宠物通用AI.lua	0	768	768	32	256	64	0	32	0	384	80	0	0	0	0		1	0	0	320
102887	scripts\Map\驯养系统宠物系统\ai\宠物系统之逻辑跟随宠物通用AI.lua	0	768	768	32	256	64	0	32	0	384	80	0	0	0	0		1	0	0	320
102888	scripts\Map\驯养系统宠物系统\ai\宠物系统之逻辑跟随宠物通用AI.lua	0	768	768	32	256	64	0	32	0	384	80	0	0	0	0		1	0	0	320
102889	scripts\Map\驯养系统宠物系统\ai\宠物系统之逻辑跟随宠物通用AI.lua	0	768	768	32	256	64	0	32	0	384	80	0	0	0	0		1	0	0	320
102890	scripts\Map\驯养系统宠物系统\ai\宠物系统之逻辑跟随宠物通用AI.lua	0	768	768	32	256	64	0	32	0	384	80	0	0	0	0		1	0	0	320
102891	scripts\Map\驯养系统宠物系统\ai\宠物系统之逻辑跟随宠物通用AI.lua	0	768	768	32	256	64	0	32	0	384	80	0	0	0	0		1	0	0	320
102892	scripts\Map\驯养系统宠物系统\ai\宠物系统之逻辑跟随宠物通用AI.lua	0	768	768	32	256	64	0	32	0	384	80	0	0	0	0		1	0	0	320
102893	scripts\Map\驯养系统宠物系统\ai\宠物系统之逻辑跟随宠物通用AI.lua	0	768	768	32	256	64	0	32	0	384	80	0	0	0	0		1	0	0	320
102894	scripts\Map\驯养系统宠物系统\ai\宠物系统之逻辑跟随宠物通用AI.lua	0	768	768	32	256	64	0	32	0	384	80	0	0	0	0		1	0	0	320
102895	scripts\Map\驯养系统宠物系统\ai\宠物系统之逻辑跟随宠物通用AI.lua	0	768	768	32	256	64	0	32	0	384	80	0	0	0	0		1	0	0	320
103030	scripts\Map\驯养系统宠物系统\ai\宠物系统之逻辑跟随宠物通用AI.lua	0	768	768	32	256	64	0	32	0	384	80	0	0	0	0		1	0	0	320
103035	scripts\Map\驯养系统宠物系统\ai\宠物系统之逻辑跟随宠物通用AI.lua	0	768	768	32	256	64	0	32	0	384	80	0	0	0	0		1	0	0	320
103209	scripts/ai/StandardAI.lua	0	768	768	32	256	64	0	32	0	384	80	0	0	0	0		0	0	0	320
103509	scripts\Map\驯养系统宠物系统\ai\宠物系统之逻辑跟随宠物通用AI.lua	0	768	768	32	256	64	0	32	0	384	80	0	0	0	0		1	0	0	320
103510	scripts\Map\驯养系统宠物系统\ai\宠物系统之逻辑跟随宠物通用AI.lua	0	768	768	32	256	64	0	32	0	384	80	0	0	0	0		1	0	0	320
103511	scripts\Map\驯养系统宠物系统\ai\宠物系统之逻辑跟随宠物通用AI.lua	0	768	768	32	256	64	0	32	0	384	80	0	0	0	0		1	0	0	320
103512	scripts\Map\驯养系统宠物系统\ai\宠物系统之逻辑跟随宠物通用AI.lua	0	768	768	32	256	64	0	32	0	384	80	0	0	0	0		1	0	0	320
103742	scripts\Map\驯养系统宠物系统\ai\宠物系统之逻辑跟随宠物通用AI.lua	0	768	768	32	256	64	0	32	0	384	80	0	0	0	0		1	0	0	320
103797	scripts\Map\驯养系统宠物系统\ai\宠物系统之逻辑跟随宠物通用AI.lua	0	768	768	32	256	64	0	32	0	384	80	0	0	0	0		1	0	0	320
103798	scripts\Map\驯养系统宠物系统\ai\宠物系统之逻辑跟随宠物通用AI.lua	0	768	768	32	256	64	0	32	0	384	80	0	0	0	0		1	0	0	320
104056	scripts\Map\驯养系统宠物系统\ai\宠物系统之逻辑跟随宠物通用AI.lua	0	768	768	32	256	64	0	32	0	384	80	0	0	0	0		1	0	0	320
104953	scripts\Map\驯养系统宠物系统\ai\宠物系统之逻辑跟随宠物通用AI.lua	0	768	768	32	256	64	0	32	0	384	80	0	0	0	0		1	0	0	320
105006	scripts\Map\驯养系统宠物系统\ai\宠物系统之逻辑跟随宠物通用AI.lua	0	768	768	32	256	64	0	32	0	384	80	0	0	0	0		1	0	0	320
105007	scripts\Map\驯养系统宠物系统\ai\宠物系统之逻辑跟随宠物通用AI.lua	0	768	768	32	256	64	0	32	0	384	80	0	0	0	0		1	0	0	320
105008	scripts\Map\驯养系统宠物系统\ai\宠物系统之逻辑跟随宠物通用AI.lua	0	768	768	32	256	64	0	32	0	384	80	0	0	0	0		1	0	0	320
105214	scripts\Map\驯养系统宠物系统\ai\宠物系统之逻辑跟随宠物通用AI.lua	0	768	768	32	256	64	0	32	0	384	80	0	0	0	0		1	0	0	320
105307	scripts\Map\驯养系统宠物系统\ai\宠物系统之逻辑跟随宠物通用AI.lua	0	768	768	32	256	64	0	32	0	384	80	0	0	0	0		1	0	0	320
105441	scripts\Map\驯养系统宠物系统\ai\宠物系统之逻辑跟随宠物通用AI.lua	0	768	768	32	256	64	0	32	0	384	80	0	0	0	0		1	0	0	320
105583	scripts\Map\驯养系统宠物系统\ai\宠物系统之逻辑跟随宠物通用AI.lua	0	768	768	32	256	64	0	32	0	384	80	0	0	0	0		1	0	0	320
105956	scripts\Map\驯养系统宠物系统\ai\宠物系统之逻辑跟随宠物通用AI.lua	0	768	768	32	256	64	0	32	0	384	80	0	0	0	0		1	0	0	320
106178	scripts\Map\驯养系统宠物系统\ai\宠物系统之逻辑跟随宠物通用AI.lua	0	768	768	32	256	64	0	32	0	384	80	0	0	0	0		1	0	0	320
106179	scripts\Map\驯养系统宠物系统\ai\宠物系统之逻辑跟随宠物通用AI.lua	0	768	768	32	256	64	0	32	0	384	80	0	0	0	0		1	0	0	320
106406	scripts\Map\驯养系统宠物系统\ai\宠物系统之逻辑跟随宠物通用AI.lua	0	768	768	32	256	64	0	32	0	384	80	0	0	0	0		1	0	0	320
107476	scripts\Map\驯养系统宠物系统\ai\宠物系统之逻辑跟随宠物通用AI.lua	0	768	768	32	256	64	0	32	0	384	80	0	0	0	0		1	0	0	320
107477	scripts\Map\驯养系统宠物系统\ai\宠物系统之逻辑跟随宠物通用AI.lua	0	768	768	32	256	64	0	32	0	384	80	0	0	0	0		1	0	0	320
107478	scripts\Map\驯养系统宠物系统\ai\宠物系统之逻辑跟随宠物通用AI.lua	0	768	768	32	256	64	0	32	0	384	80	0	0	0	0		1	0	0	320
107731	scripts\Map\驯养系统宠物系统\ai\宠物系统之逻辑跟随宠物通用AI.lua	0	768	768	32	256	64	0	32	0	384	80	0	0	0	0		1	0	0	320
107732	scripts\Map\驯养系统宠物系统\ai\宠物系统之逻辑跟随宠物通用AI.lua	0	768	768	32	256	64	0	32	0	384	80	0	0	0	0		1	0	0	320
107733	scripts\Map\驯养系统宠物系统\ai\宠物系统之逻辑跟随宠物通用AI.lua	0	768	768	32	256	64	0	32	0	384	80	0	0	0	0		1	0	0	320
107734	scripts\Map\驯养系统宠物系统\ai\宠物系统之逻辑跟随宠物通用AI.lua	0	768	768	32	256	64	0	32	0	384	80	0	0	0	0		1	0	0	320
107735	scripts\Map\驯养系统宠物系统\ai\宠物系统之逻辑跟随宠物通用AI.lua	0	768	768	32	256	64	0	32	0	384	80	0	0	0	0		1	0	0	320
107736	scripts\Map\驯养系统宠物系统\ai\宠物系统之逻辑跟随宠物通用AI.lua	0	768	768	32	256	64	0	32	0	384	80	0	0	0	0		1	0	0	320
107737	scripts\Map\驯养系统宠物系统\ai\宠物系统之逻辑跟随宠物通用AI.lua	0	768	768	32	256	64	0	32	0	384	80	0	0	0	0		1	0	0	320
107738	scripts\Map\驯养系统宠物系统\ai\宠物系统之逻辑跟随宠物通用AI.lua	0	768	768	32	256	64	0	32	0	384	80	0	0	0	0		1	0	0	320
107739	scripts\Map\驯养系统宠物系统\ai\宠物系统之逻辑跟随宠物通用AI.lua	0	768	768	32	256	64	0	32	0	384	80	0	0	0	0		1	0	0	320
107740	scripts\Map\驯养系统宠物系统\ai\宠物系统之逻辑跟随宠物通用AI.lua	0	768	768	32	256	64	0	32	0	384	80	0	0	0	0		1	0	0	320
108250	scripts\Map\驯养系统宠物系统\ai\宠物系统之逻辑跟随宠物通用AI.lua	0	768	768	32	256	64	0	32	0	384	80	0	0	0	0		1	0	0	320
108251	scripts\Map\驯养系统宠物系统\ai\宠物系统之逻辑跟随宠物通用AI.lua	0	768	768	32	256	64	0	32	0	384	80	0	0	0	0		1	0	0	320
108273	scripts\Map\驯养系统宠物系统\ai\宠物系统之逻辑跟随宠物通用AI.lua	0	768	768	32	256	64	0	32	0	384	80	0	0	0	0		1	0	0	320
108274	scripts\Map\驯养系统宠物系统\ai\宠物系统之逻辑跟随宠物通用AI.lua	0	768	768	32	256	64	0	32	0	384	80	0	0	0	0		1	0	0	320
108323	scripts\Map\驯养系统宠物系统\ai\宠物系统之逻辑跟随宠物通用AI.lua	0	768	768	32	256	64	0	32	0	384	80	0	0	0	0		1	0	0	320
108560	scripts\Map\驯养系统宠物系统\ai\宠物系统之逻辑跟随宠物通用AI.lua	0	768	768	32	256	64	0	32	0	384	80	0	0	0	0		1	0	0	320
108561	scripts\Map\驯养系统宠物系统\ai\宠物系统之逻辑跟随宠物通用AI.lua	0	768	768	32	256	64	0	32	0	384	80	0	0	0	0		1	0	0	320
108562	scripts\Map\驯养系统宠物系统\ai\宠物系统之逻辑跟随宠物通用AI.lua	0	768	768	32	256	64	0	32	0	384	80	0	0	0	0		1	0	0	320
108563	scripts\Map\驯养系统宠物系统\ai\宠物系统之逻辑跟随宠物通用AI.lua	0	768	768	32	256	64	0	32	0	384	80	0	0	0	0		1	0	0	320
108564	scripts\Map\驯养系统宠物系统\ai\宠物系统之逻辑跟随宠物通用AI.lua	0	768	768	32	256	64	0	32	0	384	80	0	0	0	0		1	0	0	320
108565	scripts\Map\驯养系统宠物系统\ai\宠物系统之逻辑跟随宠物通用AI.lua	0	768	768	32	256	64	0	32	0	384	80	0	0	0	0		1	0	0	320
108934	scripts\Map\驯养系统宠物系统\ai\宠物系统之逻辑跟随宠物通用AI.lua	0	768	768	32	256	64	0	32	0	384	80	0	0	0	0		1	0	0	320
109211	scripts\Map\驯养系统宠物系统\ai\宠物系统之逻辑跟随宠物通用AI.lua	0	768	768	32	256	64	0	32	0	384	80	0	0	0	0		1	0	0	320
109393	scripts\Map\驯养系统宠物系统\ai\宠物系统之逻辑跟随宠物通用AI.lua	0	768	768	32	256	64	0	32	0	384	80	0	0	0	0		1	0	0	320
109394	scripts\Map\驯养系统宠物系统\ai\宠物系统之逻辑跟随宠物通用AI.lua	0	768	768	32	256	64	0	32	0	384	80	0	0	0	0		1	0	0	320
109395	scripts\Map\驯养系统宠物系统\ai\宠物系统之逻辑跟随宠物通用AI.lua	0	768	768	32	256	64	0	32	0	384	80	0	0	0	0		1	0	0	320
109396	scripts\Map\驯养系统宠物系统\ai\宠物系统之逻辑跟随宠物通用AI.lua	0	768	768	32	256	64	0	32	0	384	80	0	0	0	0		1	0	0	320
109397	scripts\Map\驯养系统宠物系统\ai\宠物系统之逻辑跟随宠物通用AI.lua	0	768	768	32	256	64	0	32	0	384	80	0	0	0	0		1	0	0	320
109398	scripts\Map\驯养系统宠物系统\ai\宠物系统之逻辑跟随宠物通用AI.lua	0	768	768	32	256	64	0	32	0	384	80	0	0	0	0		1	0	0	320
109399	scripts\Map\驯养系统宠物系统\ai\宠物系统之逻辑跟随宠物通用AI.lua	0	768	768	32	256	64	0	32	0	384	80	0	0	0	0		1	0	0	320
109479	scripts\Map\世界奇遇\ai\万灵当歌\死亡后的宠物表现.lua	0	768	768	32	256	64	0	32	0	384	80	0	0	0	0		1	0	0	320
110407	scripts\Map\驯养系统宠物系统\ai\宠物系统之逻辑跟随宠物通用AI.lua	0	768	768	32	256	64	0	32	0	384	80	0	0	0	0		1	0	0	320
110535	scripts\Map\驯养系统宠物系统\ai\宠物系统之逻辑跟随宠物通用AI.lua	0	768	768	32	256	64	0	32	0	384	80	0	0	0	0		1	0	0	320
110859	scripts\Map\驯养系统宠物系统\ai\宠物系统之逻辑跟随宠物通用AI.lua	0	768	768	32	256	64	0	32	0	384	80	0	0	0	0		1	0	0	320
110967	scripts\Map\驯养系统宠物系统\ai\宠物系统之逻辑跟随宠物通用AI.lua	0	768	768	32	256	64	0	32	0	384	80	0	0	0	0		1	0	0	320
111431	scripts\Map\驯养系统宠物系统\ai\宠物系统之逻辑跟随宠物通用AI.lua	0	768	768	32	256	64	0	32	0	384	80	0	0	0	0		1	0	0	320
113008	scripts\Map\驯养系统宠物系统\ai\宠物系统之逻辑跟随宠物通用AI.lua	0	768	768	32	256	64	0	32	0	384	80	0	0	0	0		1	0	0	320
113009	scripts\Map\驯养系统宠物系统\ai\宠物系统之逻辑跟随宠物通用AI.lua	0	768	768	32	256	64	0	32	0	384	80	0	0	0	0		1	0	0	320
113010	scripts\Map\驯养系统宠物系统\ai\宠物系统之逻辑跟随宠物通用AI.lua	0	768	768	32	256	64	0	32	0	384	80	0	0	0	0		1	0	0	320
113011	scripts\Map\驯养系统宠物系统\ai\宠物系统之逻辑跟随宠物通用AI.lua	0	768	768	32	256	64	0	32	0	384	80	0	0	0	0		1	0	0	320
113012	scripts\Map\驯养系统宠物系统\ai\宠物系统之逻辑跟随宠物通用AI.lua	0	768	768	32	256	64	0	32	0	384	80	0	0	0	0		1	0	0	320
113013	scripts\Map\驯养系统宠物系统\ai\宠物系统之逻辑跟随宠物通用AI.lua	0	768	768	32	256	64	0	32	0	384	80	0	0	0	0		1	0	0	320
113014	scripts\Map\驯养系统宠物系统\ai\宠物系统之逻辑跟随宠物通用AI.lua	0	768	768	32	256	64	0	32	0	384	80	0	0	0	0		1	0	0	320
113015	scripts\Map\驯养系统宠物系统\ai\宠物系统之逻辑跟随宠物通用AI.lua	0	768	768	32	256	64	0	32	0	384	80	0	0	0	0		1	0	0	320
113016	scripts\Map\驯养系统宠物系统\ai\宠物系统之逻辑跟随宠物通用AI.lua	0	768	768	32	256	64	0	32	0	384	80	0	0	0	0		1	0	0	320
113017	scripts\Map\驯养系统宠物系统\ai\宠物系统之逻辑跟随宠物通用AI.lua	0	768	768	32	256	64	0	32	0	384	80	0	0	0	0		1	0	0	320
113018	scripts\Map\驯养系统宠物系统\ai\宠物系统之逻辑跟随宠物通用AI.lua	0	768	768	32	256	64	0	32	0	384	80	0	0	0	0		1	0	0	320
113019	scripts\Map\驯养系统宠物系统\ai\宠物系统之逻辑跟随宠物通用AI.lua	0	768	768	32	256	64	0	32	0	384	80	0	0	0	0		1	0	0	320
113020	scripts\Map\驯养系统宠物系统\ai\宠物系统之逻辑跟随宠物通用AI.lua	0	768	768	32	256	64	0	32	0	384	80	0	0	0	0		1	0	0	320
113022	scripts\Map\驯养系统宠物系统\ai\宠物系统之逻辑跟随宠物通用AI.lua	0	768	768	32	256	64	0	32	0	384	80	0	0	0	0		1	0	0	320
113211	scripts/Map/驯养系统宠物系统/ai/刀宗说话鹦鹉.lua	0	768	768	32	256	64	0	32	0	384	80	0	0	0	0		1	0	0	320
113213	scripts/Map/驯养系统宠物系统/ai/刀宗说话鹦鹉.lua	0	768	768	32	256	64	0	32	0	384	80	0	0	0	0		1	0	0	320
113214	scripts/Map/驯养系统宠物系统/ai/刀宗说话鹦鹉.lua	0	768	768	32	256	64	0	32	0	384	80	0	0	0	0		1	0	0	320
113215	scripts/Map/驯养系统宠物系统/ai/刀宗说话鹦鹉.lua	0	768	768	32	256	64	0	32	0	384	80	0	0	0	0		1	0	0	320
113216	scripts/Map/驯养系统宠物系统/ai/刀宗说话鹦鹉.lua	0	768	768	32	256	64	0	32	0	384	80	0	0	0	0		1	0	0	320
113217	scripts/Map/驯养系统宠物系统/ai/刀宗说话鹦鹉.lua	0	768	768	32	256	64	0	32	0	384	80	0	0	0	0		1	0	0	320
120574	scripts\Map\驯养系统宠物系统\ai\宠物系统之逻辑跟随宠物通用AI.lua	0	768	768	32	256	64	0	32	0	384	80	0	0	0	0		1	0	0	320
120629	scripts\Map\驯养系统宠物系统\ai\宠物系统之逻辑跟随宠物通用AI.lua	0	768	768	32	256	64	0	32	0	384	80	0	0	0	0		1	0	0	320
120630	scripts\Map\驯养系统宠物系统\ai\宠物系统之逻辑跟随宠物通用AI.lua	0	768	768	32	256	64	0	32	0	384	80	0	0	0	0		1	0	0	320
120755	scripts\Map\驯养系统宠物系统\ai\宠物系统之逻辑跟随宠物通用AI.lua	0	768	768	32	256	64	0	32	0	384	80	0	0	0	0		1	0	0	320
120844	scripts\Map\驯养系统宠物系统\ai\宠物系统之逻辑跟随宠物通用AI.lua	0	768	768	32	256	64	0	32	0	384	80	0	0	0	0		1	0	0	320
122086	scripts\Map\驯养系统宠物系统\ai\宠物系统之逻辑跟随宠物通用AI.lua	0	768	768	32	256	64	0	32	0	384	80	0	0	0	0		1	0	0	320
122115	scripts\Map\驯养系统宠物系统\ai\宠物系统之逻辑跟随宠物通用AI.lua	0	768	768	32	256	64	0	32	0	384	80	0	0	0	0		1	0	0	320
122466	scripts\Map\驯养系统宠物系统\ai\宠物系统之逻辑跟随宠物通用AI.lua	0	768	768	32	256	64	0	32	0	384	80	0	0	0	0		1	0	0	320
122467	scripts\Map\驯养系统宠物系统\ai\宠物系统之逻辑跟随宠物通用AI.lua	0	768	768	32	256	64	0	32	0	384	80	0	0	0	0		1	0	0	320
123058	scripts\Map\驯养系统宠物系统\ai\宠物系统之逻辑跟随宠物通用AI.lua	0	768	768	32	256	64	0	32	0	384	80	0	0	0	0		1	0	0	320
123059	scripts\Map\驯养系统宠物系统\ai\宠物系统之逻辑跟随宠物通用AI.lua	0	768	768	32	256	64	0	32	0	384	80	0	0	0	0		1	0	0	320
123060	scripts\Map\驯养系统宠物系统\ai\宠物系统之逻辑跟随宠物通用AI.lua	0	768	768	32	256	64	0	32	0	384	80	0	0	0	0		1	0	0	320
123061	scripts\Map\驯养系统宠物系统\ai\宠物系统之逻辑跟随宠物通用AI.lua	0	768	768	32	256	64	0	32	0	384	80	0	0	0	0		1	0	0	320
123299	scripts\Map\驯养系统宠物系统\ai\宠物系统之逻辑跟随宠物通用AI.lua	0	768	768	32	256	64	0	32	0	384	80	0	0	0	0		1	0	0	320
123315	scripts\Map\驯养系统宠物系统\ai\宠物系统之逻辑跟随宠物通用AI.lua	0	768	768	32	256	64	0	32	0	384	80	0	0	0	0		1	0	0	320
123316	scripts\Map\驯养系统宠物系统\ai\宠物系统之逻辑跟随宠物通用AI.lua	0	768	768	32	256	64	0	32	0	384	80	0	0	0	0		1	0	0	320
123776	scripts\Map\驯养系统宠物系统\ai\宠物系统之逻辑跟随宠物通用AI.lua	0	768	768	32	256	64	0	32	0	384	80	0	0	0	0		1	0	0	320
123964	scripts\Map\驯养系统宠物系统\ai\宠物系统之逻辑跟随宠物通用AI.lua	0	768	768	32	256	64	0	32	0	384	80	0	0	0	0		1	0	0	320
123999	scripts\Map\驯养系统宠物系统\ai\宠物系统之逻辑跟随宠物通用AI.lua	0	768	768	32	256	64	0	32	0	384	80	0	0	0	0		1	0	0	320
124000	scripts\Map\驯养系统宠物系统\ai\宠物系统之逻辑跟随宠物通用AI.lua	0	768	768	32	256	64	0	32	0	384	80	0	0	0	0		1	0	0	320
124085	scripts\Map\驯养系统宠物系统\ai\宠物系统之逻辑跟随宠物通用AI.lua	0	768	768	32	256	64	0	32	0	384	80	0	0	0	0		1	0	0	320
124086	scripts\Map\驯养系统宠物系统\ai\宠物系统之逻辑跟随宠物通用AI.lua	0	768	768	32	256	64	0	32	0	384	80	0	0	0	0		1	0	0	320
125555	scripts\Map\驯养系统宠物系统\ai\宠物系统之逻辑跟随宠物通用AI.lua	0	768	768	32	256	64	0	32	0	384	80	0	0	0	0		1	0	0	320
125928	scripts\Map\驯养系统宠物系统\ai\宠物系统之逻辑跟随宠物通用AI.lua	0	768	768	32	256	64	0	32	0	384	80	0	0	0	0		1	0	0	320
125929	scripts\Map\驯养系统宠物系统\ai\宠物系统之逻辑跟随宠物通用AI.lua	0	768	768	32	256	64	0	32	0	384	80	0	0	0	0		1	0	0	320
125930	scripts\Map\驯养系统宠物系统\ai\宠物系统之逻辑跟随宠物通用AI.lua	0	768	768	32	256	64	0	32	0	384	80	0	0	0	0		1	0	0	320
125931	scripts\Map\驯养系统宠物系统\ai\宠物系统之逻辑跟随宠物通用AI.lua	0	768	768	32	256	64	0	32	0	384	80	0	0	0	0		1	0	0	320
125932	scripts\Map\驯养系统宠物系统\ai\宠物系统之逻辑跟随宠物通用AI.lua	0	768	768	32	256	64	0	32	0	384	80	0	0	0	0		1	0	0	320
125933	scripts\Map\驯养系统宠物系统\ai\宠物系统之逻辑跟随宠物通用AI.lua	0	768	768	32	256	64	0	32	0	384	80	0	0	0	0		1	0	0	320
125934	scripts\Map\驯养系统宠物系统\ai\宠物系统之逻辑跟随宠物通用AI.lua	0	768	768	32	256	64	0	32	0	384	80	0	0	0	0		1	0	0	320
125935	scripts\Map\驯养系统宠物系统\ai\宠物系统之逻辑跟随宠物通用AI.lua	0	768	768	32	256	64	0	32	0	384	80	0	0	0	0		1	0	0	320
125936	scripts\Map\驯养系统宠物系统\ai\宠物系统之逻辑跟随宠物通用AI.lua	0	768	768	32	256	64	0	32	0	384	80	0	0	0	0		1	0	0	320
125937	scripts\Map\驯养系统宠物系统\ai\宠物系统之逻辑跟随宠物通用AI.lua	0	768	768	32	256	64	0	32	0	384	80	0	0	0	0		1	0	0	320
125938	scripts\Map\驯养系统宠物系统\ai\宠物系统之逻辑跟随宠物通用AI.lua	0	768	768	32	256	64	0	32	0	384	80	0	0	0	0		1	0	0	320
125939	scripts\Map\驯养系统宠物系统\ai\宠物系统之逻辑跟随宠物通用AI.lua	0	768	768	32	256	64	0	32	0	384	80	0	0	0	0		1	0	0	320
125940	scripts\Map\驯养系统宠物系统\ai\宠物系统之逻辑跟随宠物通用AI.lua	0	768	768	32	256	64	0	32	0	384	80	0	0	0	0		1	0	0	320
126226	scripts\Map\驯养系统宠物系统\ai\宠物系统之逻辑跟随宠物通用AI.lua	0	768	768	32	256	64	0	32	0	384	80	0	0	0	0		1	0	0	320
126227	scripts\Map\驯养系统宠物系统\ai\宠物系统之逻辑跟随宠物通用AI.lua	0	768	768	32	256	64	0	32	0	384	80	0	0	0	0		1	0	0	320
