FromNodeID	ToNodeID	CostMoney	TrackID	ForceEndRoadTrack	Velocity	EnableBezier	Weight
1	2	100	1	1	48	0	0
3	4	1	2	0	48	0	0
7	8	415	3	1	48	0	0
5	6	2728	4	1	48	0	0
6	4	1	5	1	56	0	1
9	10	115	6	1	48	1	0
11	12	280	7	1	48	0	0
13	14	85	8	1	48	0	0
15	16	4894	9	1	48	0	0
15	17	2334	10	1	48	0	0
18	19	803	11	0	30	0	0
22	23	359	12	1	48	0	0
22	34	100	13	1	48	0	0
24	25	3924	14	1	48	0	0
25	23	100	15	0	60	0	1
26	27	2341	16	0	34	1	0
28	29	2694	17	0	30	0	0
30	595	2425	18	0	48	0	0
32	33	1512	19	0	34	1	0
16	25	100	20	0	60	0	1
37	35	2810	21	1	48	0	0
35	36	699	22	1	48	0	0
35	20	3064	23	1	48	0	0
39	36	1154	24	1	48	0	0
39	14	100	25	0	60	0	1
8	39	100	26	0	60	0	1
41	40	2094	27	1	48	0	0
43	41	368	28	1	48	0	0
24	18	1259	29	0	48	0	0
43	10	100	30	0	60	0	1
41	44	1639	31	1	48	0	0
76	75	179	32	0	35	0	0
44	45	771	33	1	48	0	0
34	45	1	34	0	60	0	1
44	46	3726	35	1	48	0	0
17	46	1	36	0	60	0	1
47	48	2872	37	0	30	0	0
19	48	1	38	0	60	0	1
49	50	461	39	1	45	0	0
20	50	5	40	0	60	0	1
52	51	1030	41	1	48	0	0
40	52	1	42	0	60	0	1
1321	895	269	43	0	48	0	0
54	53	4658	44	1	48	0	0
4	54	1	45	1	56	0	1
55	56	1576	46	1	48	0	0
56	4	1	47	1	56	0	1
38	42	549	48	0	30	1	0
57	58	528	49	0	30	0	0
151	152	1	50	0	48	0	0
59	60	203	51	0	35	0	0
62	61	329	52	0	35	0	0
64	63	601	53	0	35	0	0
66	65	483	54	0	35	0	0
67	68	1	55	0	30	0	0
68	33	1	56	0	30	0	1
70	69	477	57	0	35	0	0
71	72	329	58	0	35	0	0
73	74	605	59	0	35	0	0
21	22	4226	60	1	48	0	0
24	2720	2895	61	0	48	0	0
111	652	1	62	0	48	0	1
78	77	2628	63	0	48	0	0
80	79	2967	64	0	48	0	0
81	82	2545	65	0	48	0	0
83	84	6922	66	1	48	0	0
86	85	1098	67	0	30	0	0
86	86	1	68	0	48	0	0
88	87	486	69	1	48	0	0
89	90	2349	70	0	48	0	0
92	91	1202	71	1	48	0	0
93	21	1393	72	1	48	0	0
94	93	190	73	1	48	0	0
95	93	100	74	1	48	0	0
94	92	1	75	0	60	0	1
97	96	6197	76	1	48	0	0
98	97	7387	77	1	48	0	0
95	98	1	78	0	60	0	1
100	99	2224	79	1	48	0	0
100	96	1	80	0	60	0	1
102	101	6591	81	1	48	0	0
104	101	9787	82	1	48	0	0
104	37	1	83	0	60	0	1
102	88	1	84	0	60	0	1
103	105	56	85	1	48	0	0
107	106	9785	86	0	30	0	0
641	428	4226	87	1	48	0	0
109	108	1405	88	1	48	0	0
103	109	1	89	0	60	0	1
111	110	770	90	1	48	0	0
111	94	1	91	0	48	0	1
47	85	2797	92	0	30	0	0
112	47	4782	93	0	30	0	0
114	113	1	94	0	48	0	0
116	115	9	95	1	48	0	0
118	117	7790	96	1	48	0	0
119	120	4009	97	1	48	0	0
87	119	7064	98	1	48	0	0
115	120	1	99	0	60	0	1
118	102	1	100	0	48	0	1
122	121	1	101	0	30	0	0
122	33	1	102	0	30	0	1
124	123	1	103	0	96	0	0
126	125	1	104	0	96	0	0
128	127	1	105	0	96	0	0
130	129	1	106	0	72	0	0
132	131	1	107	0	48	0	0
133	134	1	108	0	48	0	0
138	137	2084	111	1	48	0	0
140	139	3861	112	1	48	0	0
142	1349	2049	113	0	48	0	0
143	144	869	114	0	48	0	0
145	146	3718	115	0	30	0	0
147	148	1114	116	0	30	0	0
48	58	1	117	0	48	0	1
19	42	1	118	0	60	0	1
153	154	621	119	0	14	0	0
155	156	322	120	0	14	0	0
157	158	203	121	0	14	0	0
159	160	284	122	0	14	0	0
161	162	358	123	0	14	0	0
163	164	270	124	0	14	0	0
165	166	476	125	0	14	0	0
167	168	305	126	0	14	0	0
171	172	252	127	0	14	0	0
173	174	218	128	0	14	0	0
175	176	227	129	0	14	0	0
177	178	168	130	0	14	0	0
179	180	866	131	0	14	0	0
181	182	832	132	0	14	0	0
183	184	488	133	0	14	0	0
185	186	558	134	0	14	0	0
187	188	301	135	0	14	0	0
189	190	281	136	0	14	0	0
191	192	11528	137	1	48	0	0
193	194	8061	138	1	48	0	0
195	196	9738	139	1	48	0	0
197	198	9679	140	1	48	0	0
199	200	11421	141	1	48	0	0
202	201	3183	142	0	72	0	0
204	202	5051	143	0	72	0	0
205	202	2898	144	0	72	0	0
206	202	7379	145	0	72	0	0
207	202	11425	146	0	72	0	0
208	209	6503	147	0	72	0	0
211	210	17980	148	0	72	0	0
212	202	5226	149	0	72	0	0
214	213	2568	150	0	48	0	0
398	401	10005	151	0	48	0	0
219	217	5476	152	1	56	0	0
218	217	8332	153	1	56	0	0
400	228	6015	154	0	48	0	0
216	400	3560	155	0	48	0	0
215	220	2865	156	0	48	0	0
226	227	590	157	0	14	0	0
229	224	5610	158	0	48	0	0
220	400	5104	159	0	48	0	0
169	170	640	160	0	14	0	0
231	232	51	161	0	14	0	0
233	234	1061	162	0	14	0	0
235	236	1028	163	0	14	0	0
237	238	9117	164	0	48	0	0
239	240	8059	165	1	48	0	0
242	241	3098	166	0	36	0	0
245	246	1	167	0	14	0	0
247	248	1	168	0	14	0	0
249	250	1	169	0	14	0	0
244	243	1	170	0	14	0	0
251	252	1977	171	0	48	0	0
253	254	8648	172	0	48	0	0
255	256	1911	173	0	48	0	0
257	258	2103	174	0	4	0	0
260	259	94	175	0	14	0	0
261	262	52	176	0	54	0	0
263	264	60	177	0	14	0	0
266	265	116	178	0	7	0	0
268	267	138	179	0	14	0	0
270	269	120	180	0	14	0	0
272	271	147	181	0	14	0	0
274	273	137	182	0	14	0	0
276	275	1341	183	0	72	0	0
276	277	2261	184	0	36	0	0
278	277	1214	185	0	48	0	0
279	278	975	186	0	72	0	0
280	279	1048	187	0	48	0	0
281	282	219	188	0	14	0	0
283	284	549	189	0	14	0	0
285	286	382	190	0	14	0	0
287	288	388	191	0	14	0	0
289	290	143	192	0	14	0	0
291	292	212	193	0	14	0	0
293	294	133	194	0	14	0	0
295	296	212	195	0	14	0	0
297	298	98	196	0	14	0	0
299	300	320	197	0	14	0	0
301	302	101	198	0	48	0	0
304	303	1806	199	0	48	0	0
305	306	3784	200	0	48	0	0
307	308	4115	201	0	48	0	0
310	309	4968	202	0	48	0	0
311	312	6973	203	0	48	0	0
313	314	2578	204	0	48	0	0
315	316	6458	205	0	48	0	0
318	317	5406	206	0	48	0	0
319	320	3013	207	0	48	0	0
322	321	171	208	0	14	0	0
323	324	5488	209	0	48	0	0
325	304	1419	210	0	48	0	0
326	327	476	211	0	48	0	0
329	328	1927	212	0	48	0	0
1221	440	91	213	1	48	0	0
332	333	7148	214	0	58	0	0
330	1232	2403	215	1	45	0	0
337	338	5355	216	1	48	0	0
339	1235	777	217	1	48	0	0
340	341	4249	218	0	58	0	0
342	343	2445	219	1	48	0	0
342	344	11961	220	1	48	0	0
345	346	844	221	1	48	0	0
347	348	1106	222	0	48	0	0
348	350	1140	223	0	48	0	0
351	352	6403	224	1	48	0	0
353	354	3481	225	1	48	0	0
355	356	12880	226	1	48	0	0
358	357	2497	227	0	48	0	0
359	360	20627	228	0	48	0	0
361	362	992	229	0	48	0	0
363	364	3192	230	0	48	0	0
365	366	15395	231	0	48	0	0
367	368	10103	232	0	24	0	0
329	369	5117	233	0	48	0	0
370	371	1569	234	0	4	0	0
222	220	3295	235	0	48	0	0
374	375	1606	236	0	14	0	0
376	377	4083	237	0	48	0	0
378	379	2422	238	0	48	0	0
380	381	2970	239	0	48	0	0
382	383	3296	240	0	48	0	0
384	385	10236	241	0	48	0	0
387	386	913	242	0	48	0	0
388	389	650	243	0	48	0	0
390	391	12315	244	0	48	0	0
387	392	18	245	0	48	0	0
393	387	4	246	0	48	0	0
394	387	14	247	0	48	0	0
395	387	18	248	0	48	0	0
396	397	1	249	0	48	0	0
402	403	15	250	0	48	0	0
400	401	3117	251	0	48	0	0
372	373	78	252	0	48	0	0
404	405	2745	253	0	4	0	0
223	221	10868	254	0	48	0	0
399	230	15155	255	0	48	0	0
410	409	5813	256	0	48	0	0
400	406	4802	257	0	48	0	0
407	408	1	258	0	48	0	0
412	411	10969	259	0	48	0	0
414	413	15627	260	0	48	0	0
315	415	2343	261	0	48	0	0
416	415	6823	262	0	48	0	0
417	416	4030	263	0	48	0	0
418	417	4806	264	0	48	0	0
419	316	2840	265	0	48	0	0
420	421	1	266	0	48	242961000	0
334	80	1781	267	0	48	0	0
423	303	1647	268	0	48	0	0
424	425	1	269	0	48	0	0
426	427	1	270	0	48	0	0
108	641	6215	271	1	48	0	0
99	429	16784	272	1	48	0	0
432	431	1573	273	1	48	0	0
432	430	13608	274	1	48	0	0
433	435	1101	275	1	48	0	0
435	434	20965	276	1	48	0	0
345	436	4023	277	1	48	0	0
440	1242	3517	278	1	48	0	0
1225	1227	1	279	0	48	158911032	0
1228	1229	1	280	0	48	0	0
430	218	1	281	0	60	0	1
343	429	1	282	0	60	0	1
965	1416	1	283	0	48	0	1
433	436	1	284	0	60	0	1
434	343	1	285	0	60	0	1
219	346	1	286	0	60	0	1
439	346	1	287	0	60	0	1
437	344	1	288	0	60	0	1
438	431	1	289	0	60	0	1
441	442	4755	290	0	58	0	0
443	444	6968	291	0	48	0	0
445	306	2605	292	0	48	0	0
447	446	3453	293	0	48	0	0
449	450	1	294	0	20	0	0
450	453	1	295	0	22	0	0
453	451	1	296	0	26	0	0
451	452	1	297	0	3	0	0
452	454	1	298	0	32	0	0
454	455	1	299	0	34	0	0
455	456	1	300	0	35	0	0
456	457	1	301	0	34	0	0
457	458	1	302	0	33	0	0
458	459	1	303	0	20	0	0
459	460	1	304	0	28	0	0
460	461	1	305	0	8	0	0
461	462	1	306	0	72	0	0
462	463	1	307	0	26	0	0
463	464	1	308	0	72	0	0
464	465	1	309	0	72	0	0
465	466	1	310	0	24	0	0
466	467	1	311	0	12	0	0
467	468	1	312	0	4	0	0
468	469	1	313	0	40	0	0
469	470	1	314	0	41	0	0
470	471	1	315	0	22	0	0
471	472	1	316	0	60	0	0
472	473	1	317	0	28	0	0
473	474	1	318	0	50	0	0
474	475	1	319	0	35	0	0
475	476	1	320	0	35	0	0
476	477	1	321	0	60	0	0
477	478	1	322	0	36	0	0
478	479	1	323	0	30	0	0
479	480	1	324	0	46	0	0
480	481	1	325	0	60	0	0
481	482	1	326	0	18	0	0
482	483	1	327	0	72	0	0
483	484	1	328	0	32	0	0
484	485	1	329	0	28	0	0
485	486	1	330	0	48	0	0
486	487	1	331	0	43	0	0
487	488	1	332	0	55	0	0
488	489	1	333	0	44	0	0
489	490	1	334	0	30	0	0
490	491	1	335	0	22	0	0
491	492	1	336	0	72	0	0
492	493	1	337	0	26	0	0
493	494	1	338	0	72	0	0
494	495	1	339	0	48	0	0
496	497	196	340	0	50	0	0
497	498	61	341	0	22	0	0
498	499	208	342	0	40	0	0
499	507	15	343	0	4	0	0
500	501	159	344	0	22	0	0
501	502	70	345	0	33	0	0
502	503	181	346	0	22	0	0
503	504	428	347	0	48	0	0
504	509	136	348	0	22	0	0
506	496	4	349	0	1	0	0
507	508	118	350	0	33	0	0
508	500	89	351	0	38	0	0
509	505	144	352	0	40	0	0
510	511	65	353	0	22	0	0
511	514	136	354	0	30	0	0
513	515	25	355	0	16	0	0
514	512	94	356	0	22	0	0
515	512	192	357	0	30	0	0
516	517	1425	358	1	48	0	0
516	518	4691	359	1	48	0	0
517	439	1	360	0	60	0	1
520	2513	2805	361	0	48	0	0
522	521	1533	362	0	48	0	0
523	528	410	363	0	48	0	0
524	525	1201	364	0	48	0	0
522	519	3141	365	0	48	0	0
525	527	1450	366	0	48	0	0
526	525	360	367	0	48	0	0
528	522	921	368	0	48	0	0
528	527	165	369	0	48	0	0
519	529	2052	370	0	48	0	0
530	531	944	371	0	48	0	0
533	534	1327	372	0	48	0	0
534	532	690	373	0	48	0	0
534	535	943	374	0	48	0	0
536	533	1860	375	0	48	0	0
537	538	1372	376	0	48	0	0
539	540	2795	377	0	48	0	0
542	541	2635	378	0	48	0	0
543	544	1	379	0	12	0	0
544	545	1	380	0	22	0	0
545	546	1	381	0	48	0	0
547	548	1	382	0	48	0	0
549	550	1	383	0	14	0	0
551	553	3090	384	0	48	0	0
552	553	2547	385	0	48	1	0
556	553	442	386	0	48	1	0
554	553	1477	387	0	48	0	0
555	553	2490	388	0	48	0	0
558	557	4605	389	0	58	0	0
559	560	3095	390	0	48	1	0
560	561	1302	391	0	48	1	0
561	562	825	392	0	48	1	0
560	563	1144	393	0	48	1	0
563	564	590	394	0	48	1	0
563	565	2426	395	0	48	1	0
566	567	788	396	0	48	0	0
569	568	1726	397	0	48	0	0
566	1348	1312	398	0	48	0	0
570	571	2254	399	0	48	0	0
570	572	1752	400	0	48	0	0
570	573	2262	401	0	48	0	0
574	568	1910	402	0	48	0	0
574	575	1102	403	0	48	0	0
577	575	1601	404	0	48	0	0
578	573	4147	405	0	48	0	0
574	579	1534	406	0	48	0	0
566	580	1912	407	0	48	0	0
580	581	1803	408	0	48	0	0
581	582	1347	409	0	48	0	0
581	583	1161	410	0	48	0	0
584	581	1184	411	0	48	0	0
585	586	882	412	0	48	0	0
576	587	446	413	0	48	1	0
587	588	790	414	0	48	1	0
588	589	1083	415	0	48	1	0
589	590	2696	416	0	48	1	0
590	591	1823	417	0	48	1	0
593	594	1959	418	0	48	1	0
592	591	1641	419	0	48	1	0
26	31	2240	420	0	48	1	0
595	596	525	421	0	48	0	0
596	597	1475	422	0	48	0	0
597	598	735	423	0	48	0	0
30	598	1366	424	0	48	0	0
599	600	1334	425	0	48	0	0
600	601	604	426	0	48	0	0
601	602	1054	427	0	48	0	0
602	141	974	428	0	48	0	0
142	603	678	429	0	48	0	0
603	605	135	430	0	48	0	0
605	606	98	431	0	42	0	0
606	607	100	432	0	48	0	0
607	608	210	433	0	58	0	0
608	621	352	434	0	72	0	0
609	610	216	435	0	82	0	0
610	612	205	436	0	52	0	0
623	21	3589	437	0	48	0	0
612	613	51	438	0	38	0	0
613	614	275	439	0	76	0	0
614	604	68	440	0	58	0	0
615	31	2555	441	0	48	1	0
30	597	1763	442	0	48	0	0
595	597	1312	443	0	48	0	0
616	617	1735	444	0	48	0	0
617	618	1009	445	0	48	0	0
617	619	924	446	0	48	0	0
617	620	1104	447	0	48	0	0
595	598	1867	448	0	48	0	0
621	609	236	449	0	62	0	0
21	1210	3955	450	0	48	0	0
611	1208	3689	451	0	48	0	0
624	642	8839	452	0	48	0	0
629	1281	1477	453	0	48	0	0
628	627	4753	454	0	48	0	0
625	627	8975	455	0	48	0	0
626	627	1812	456	0	48	0	0
633	666	7245	457	0	48	0	0
633	1201	3706	458	0	48	0	0
1197	631	2299	459	0	48	0	0
634	640	4521	460	0	48	0	0
635	640	1681	461	0	48	0	0
640	636	806	462	0	48	0	0
635	1189	1637	463	0	48	0	0
639	637	1583	464	0	48	0	0
639	638	4027	465	0	48	0	0
91	641	10336	466	1	48	0	0
643	644	1	467	0	48	0	0
645	646	1	468	0	48	0	0
647	648	10542	469	0	72	0	0
648	649	2540	470	0	72	0	0
648	650	4879	471	0	72	0	0
651	652	6523	472	1	48	0	0
651	653	9719	473	1	48	0	0
647	654	8589	474	0	72	0	0
655	656	550	475	0	48	0	0
657	658	413	476	0	48	0	0
659	660	489	477	0	48	0	0
654	662	10487	478	0	48	0	0
661	664	1	479	0	48	0	0
663	654	8589	480	0	72	0	0
665	1317	4869	481	0	48	0	0
666	632	6385	482	0	48	0	0
596	667	728	483	0	48	0	0
668	553	1557	484	0	48	0	0
669	47	6413	485	0	48	0	0
428	1416	1	486	0	48	0	1
670	671	1	487	0	48	0	0
672	673	1	488	0	48	0	0
678	102	1	489	0	48	0	1
677	679	1194	490	0	48	0	0
681	678	521	491	1	48	0	0
679	696	2799	492	0	48	0	0
706	768	174	493	0	52	0	0
674	769	45	494	0	32	0	0
676	700	58	495	0	18	0	0
685	764	93	496	0	32	0	0
772	771	19	497	0	60	0	0
687	705	161	498	0	48	0	0
707	706	36	499	0	32	0	0
773	774	1	500	0	14	0	0
690	692	3477	501	0	20	0	0
689	691	468	502	0	48	0	0
693	680	407	503	0	48	0	0
696	693	482	504	0	48	0	0
693	694	2090	505	0	48	0	0
714	715	2510	506	0	36	0	0
696	698	2053	507	0	48	0	0
698	697	1249	508	0	48	0	0
700	701	52	509	0	21	0	0
701	702	162	510	0	24	0	0
702	703	428	511	0	32	0	0
703	688	154	512	0	26	0	0
684	765	19	513	0	28	0	0
688	682	30	514	0	48	0	0
704	767	30	515	0	32	0	0
775	776	207	516	0	90	0	0
777	778	430	517	0	90	0	0
698	709	2499	518	0	48	0	0
710	713	2547	519	0	36	0	0
695	699	3012	520	0	48	0	0
712	711	2485	521	0	40	0	0
717	716	2304	522	0	48	0	0
719	720	699	523	0	48	0	0
721	718	1509	524	0	48	0	0
723	722	639	525	0	48	0	0
724	725	997	526	0	48	0	0
726	694	3209	527	0	48	0	0
727	741	127	528	0	40	0	0
728	753	28	529	0	40	0	0
729	730	44	530	0	28	0	0
730	731	139	531	0	22	0	0
731	743	82	532	0	36	0	0
733	748	46	533	0	40	0	0
734	749	38	534	0	40	0	0
732	750	42	535	0	40	0	0
735	736	33	536	0	24	0	0
736	745	169	537	0	40	0	0
737	754	53	538	0	40	0	0
738	739	103	539	0	48	0	0
739	740	81	540	0	28	0	0
744	747	39	541	0	32	0	0
747	729	91	542	0	48	0	0
748	742	117	543	0	48	0	0
749	746	161	544	0	48	0	0
750	735	122	545	0	48	0	0
751	752	67	546	0	32	0	0
752	738	178	547	0	48	0	0
753	744	131	548	0	48	0	0
754	751	177	549	0	36	0	0
755	756	34	550	0	32	0	0
756	757	341	551	0	48	0	0
758	761	54	552	0	32	0	0
761	760	1018	553	0	100	0	0
760	759	39	554	0	40	0	0
762	763	26	555	0	32	0	0
763	759	84	556	0	32	0	0
764	683	29	557	0	32	0	0
765	766	55	558	0	36	0	0
766	686	22	559	0	30	0	0
767	687	108	560	0	42	0	0
768	708	63	561	0	32	0	0
769	770	296	562	0	48	0	0
770	675	31	563	0	32	0	0
779	780	29	564	0	48	0	0
781	782	159	565	0	100	0	0
783	784	119	566	0	100	0	0
785	786	434	567	0	100	0	0
795	796	67	568	0	100	0	0
797	798	445	569	0	100	0	0
787	788	99	570	0	90	0	0
789	790	446	571	0	90	0	0
792	791	37	572	0	90	0	0
793	794	161	573	0	90	0	0
799	800	110	574	0	110	0	0
801	802	478	575	0	110	0	0
803	804	83	576	0	110	0	0
805	806	455	577	0	110	0	0
807	808	113	578	0	110	0	0
809	810	436	579	0	110	0	0
811	812	85	580	0	48	0	0
813	814	465	581	0	48	0	0
815	816	121	582	0	60	0	0
817	818	2030	583	0	120	0	0
821	820	714	584	0	95	0	0
823	822	3625	585	0	48	0	0
825	824	140	586	0	26	0	0
827	826	196	587	0	48	0	0
828	829	1	588	0	30	1	0
830	831	1	589	0	30	0	0
834	835	4186	590	0	48	0	0
837	838	1	591	0	48	1	0
836	839	211	592	0	48	0	0
840	841	191	593	0	48	0	0
847	846	104	594	0	26	1	0
842	843	218	595	0	48	0	0
844	845	210	596	0	48	0	0
849	848	16	597	0	48	0	0
850	851	2060	598	0	25	0	0
954	956	32	599	0	48	0	0
862	863	4225	600	0	25	0	0
856	857	1224	601	0	48	0	0
854	855	5212	602	0	32	0	0
858	859	5089	603	0	32	0	0
835	867	2702	604	0	48	0	0
866	923	5957	605	0	60	0	0
835	865	2057	606	0	48	0	0
835	864	1806	607	0	48	0	0
835	868	1182	608	0	48	0	0
870	874	163	609	0	42	0	0
872	871	329	610	0	26	0	0
874	875	104	611	0	26	0	0
875	876	170	612	0	42	0	0
876	877	65	613	0	24	0	0
877	878	144	614	0	26	0	0
878	879	142	615	0	24	0	0
879	880	104	616	0	32	0	0
880	881	67	617	0	24	0	0
881	882	149	618	0	38	0	0
882	883	69	619	0	24	0	0
883	884	106	620	0	38	0	0
884	885	43	621	0	24	0	0
885	886	227	622	0	38	0	0
886	887	80	623	0	24	0	0
887	888	130	624	0	32	0	0
888	889	71	625	0	18	0	0
889	890	189	626	0	28	0	0
890	873	47	627	0	26	0	0
869	898	14875	628	1	60	0	0
915	917	3412	629	0	60	1	0
917	918	2561	630	0	60	1	0
918	919	928	631	0	60	1	0
919	920	1054	632	0	60	1	0
896	437	1	633	0	48	0	1
926	920	3713	634	0	60	0	0
923	922	5798	635	0	60	0	0
924	923	2924	636	0	60	0	0
925	924	4480	637	0	60	0	0
926	925	3182	638	0	60	0	0
1209	1321	4006	639	0	48	0	0
894	898	1131	640	1	50	0	0
896	898	2119	641	1	50	0	0
893	891	2778	642	1	55	0	0
895	49	935	643	1	48	0	0
893	869	1	644	0	48	0	1
897	14	1	645	0	48	0	1
96	652	1	646	0	48	0	1
899	1318	3175	647	1	55	0	0
900	901	1874	648	1	60	0	0
1289	1290	1	649	0	48	0	0
893	104	1	650	0	48	0	1
899	8	1	651	0	48	0	1
914	921	58	652	0	48	394141768	0
902	901	310	653	1	60	0	0
905	901	1346	654	1	60	0	0
907	905	641	655	1	60	0	0
907	34	1	656	0	48	0	1
910	905	3829	657	1	60	0	0
910	10	1	658	0	48	0	1
921	916	157	659	0	48	0	0
910	17	1	660	0	48	0	1
927	928	342	661	0	48	0	0
927	899	1	662	0	48	0	1
1271	1270	477	663	0	48	0	0
931	1277	207	664	0	48	0	0
931	900	1	665	0	48	0	1
909	911	1	666	0	24	0	0
928	1271	469	667	0	40	0	0
1317	895	864	668	0	48	0	0
906	908	1	669	0	24	0	0
912	913	853	670	1	48	0	0
932	930	3514	671	0	4000	0	0
912	910	1	672	0	48	0	1
912	10	1	673	0	48	0	1
912	17	1	674	0	48	0	1
933	936	43	675	0	48	0	0
956	955	154	676	0	48	0	0
936	934	85	677	0	48	0	0
937	939	18	678	0	48	0	0
939	938	222	679	0	48	0	0
940	942	45	680	0	48	0	0
942	941	290	681	0	48	0	0
943	945	12	682	0	48	0	0
945	944	124	683	0	48	0	0
946	948	41	684	0	48	0	0
948	949	230	685	0	48	0	0
949	950	64	686	0	26	0	0
950	947	101	687	0	48	0	0
951	953	13	688	0	26	0	0
953	952	14	689	0	26	0	0
935	959	1	690	0	30	0	0
958	962	1	691	0	30	0	0
957	964	1	692	0	48	0	0
961	960	726	693	0	48	0	0
960	3596	3066	694	0	48	0	0
963	967	1	695	0	48	0	0
966	975	1125	696	0	48	0	0
968	966	349	697	0	48	0	0
969	852	21	698	0	48	0	0
970	971	1	699	0	14	0	0
852	966	853	700	0	48	0	0
853	977	362	701	0	48	0	0
972	973	120	702	0	48	0	0
973	960	1035	703	0	48	0	0
974	973	2873	704	0	48	0	0
975	960	411	705	0	48	0	0
976	975	876	706	0	48	0	0
977	852	1586	707	0	48	0	0
978	977	3143	708	0	48	0	0
980	979	2092	709	0	48	1	0
981	987	1	710	0	48	272091144	0
982	983	1	711	0	48	0	0
1001	985	2533	712	0	48	1	0
986	988	1	713	0	48	0	0
989	990	1	714	0	14	0	0
991	992	1	715	0	48	0	0
1417	1418	100	716	0	48	0	0
994	965	181	717	0	48	0	0
993	994	279	718	0	48	0	0
996	995	147	719	0	48	0	0
997	998	3582	720	0	48	0	0
1000	999	1	721	0	48	0	0
1035	1036	1	722	0	48	0	0
984	1002	1	723	0	48	0	0
1044	1045	1	724	0	48	0	0
1046	1047	1	725	0	48	0	0
1003	1004	1	726	0	48	0	0
1005	1006	1	727	0	48	0	0
1007	1008	1	728	0	48	0	0
1009	1011	43	729	0	48	0	0
1011	1012	151	730	0	48	0	0
1012	1013	204	731	0	48	0	0
1013	1014	307	732	0	48	0	0
1014	1015	141	733	0	48	0	0
1015	1016	317	734	0	48	0	0
1016	1017	349	735	0	48	0	0
1017	1018	106	736	0	48	0	0
1018	1019	211	737	0	48	0	0
1019	1020	183	738	0	48	0	0
1020	1021	300	739	0	48	0	0
1021	1022	256	740	0	48	0	0
1022	1023	292	741	0	48	0	0
1023	1024	222	742	0	48	0	0
1024	1010	221	743	0	48	0	0
1025	1026	1	744	0	48	0	0
1027	1028	1	745	0	48	0	0
1029	1030	1	746	0	48	0	0
1031	1032	1	747	0	48	0	0
1033	1034	1	748	0	48	0	0
1037	1038	1	749	0	48	0	0
1039	1040	1	750	0	48	0	0
1041	1042	1	751	0	48	0	0
1043	1048	1	752	0	48	0	0
1049	1050	1	753	0	48	0	0
1051	1052	1	754	0	48	0	0
1053	1054	1	755	0	48	0	0
1091	1092	1	756	0	48	0	0
1093	1094	1	757	0	48	0	0
1055	1056	1	758	0	48	0	0
1067	1068	1	759	0	48	0	0
1057	1058	1	760	0	48	0	0
1059	1060	1	761	0	48	0	0
1061	1062	1	762	0	48	0	0
1063	1064	1	763	0	48	0	0
1065	1066	1	764	0	48	0	0
1069	1070	1	765	0	48	0	0
1071	1072	1	766	0	48	0	0
1073	1074	1	767	0	48	0	0
1085	1086	1	768	0	48	0	0
1075	1076	1	769	0	48	0	0
1077	1078	1	770	0	48	0	0
1079	1080	1	771	0	48	0	0
1081	1082	1	772	0	48	0	0
1083	1084	1	773	0	48	0	0
1087	1088	1	774	0	48	0	0
1089	1090	1	775	0	48	0	0
1095	1096	1	776	0	48	0	0
1097	1098	1	777	0	48	0	0
1099	1100	1	778	0	48	0	0
1101	1102	1	779	0	48	0	0
1105	1106	1	780	0	48	0	0
1107	1108	1	781	0	48	0	0
1109	1110	1	782	0	48	0	0
1103	1104	1490	783	0	48	0	0
1111	1112	1	784	0	48	0	0
1113	1114	1	785	0	48	0	0
1132	1131	1	786	0	48	0	0
1133	1134	783	787	0	48	1	0
1135	1134	1	788	0	48	0	1
1135	1136	1374	789	0	48	0	0
1137	1138	1586	790	0	48	0	0
1115	1116	1	791	0	48	0	0
1117	1118	1	792	0	48	0	0
1119	1120	1	793	0	48	0	0
1121	1122	1	794	0	48	0	0
1123	1124	1	795	0	48	0	0
1125	1126	1	796	0	48	0	0
1127	1128	1	797	0	48	0	0
1129	1130	1	798	0	48	0	0
1139	1140	1	799	0	48	0	0
1155	1156	1	800	0	48	0	0
1157	1158	1	801	0	48	0	0
1159	1160	1	802	0	48	0	0
1141	1142	1	803	0	48	0	0
1143	1144	1	804	0	48	0	0
1145	1146	1	805	0	48	0	0
1147	1148	1	806	0	48	0	0
1149	1150	1	807	0	48	0	0
1151	1152	1	808	0	48	0	0
1153	1154	1	809	0	48	0	0
1161	1162	1	810	0	48	0	0
1163	1164	1	811	0	48	0	0
1165	1166	1	812	0	48	0	0
1167	1168	1	813	0	48	0	0
1169	1170	1	814	0	48	0	0
1171	1172	1	815	0	48	0	0
1173	1174	1	816	0	48	0	0
1175	1176	1	817	0	48	0	0
1133	891	33	818	0	48	0	0
1177	1178	1	819	0	48	0	0
1179	1180	118	820	0	8	0	0
1181	1182	67	821	0	8	0	0
1183	1184	1	822	0	60	0	0
1185	1186	1	823	0	48	0	0
1187	1188	1	824	0	48	0	0
1190	636	1188	825	0	48	1	0
1189	639	2401	826	0	48	0	0
1192	1189	638	827	0	48	0	0
1191	77	3373	828	0	48	0	0
1193	77	2362	829	0	48	0	0
1194	77	2373	830	0	48	0	0
1195	77	3696	831	0	48	0	0
1197	630	1482	832	0	48	399510136	0
88	431	1	833	0	48	0	1
1197	1198	407	834	0	48	245413696	0
1196	77	3478	835	0	48	0	0
1200	553	1854	836	0	48	1	0
1201	631	4466	837	0	48	0	0
1202	1203	1	838	0	48	572240888	0
1204	1205	1	839	0	48	0	0
1320	1316	833	840	0	48	0	0
88	896	1	841	0	48	0	1
118	896	1	842	0	48	0	1
1209	665	1908	843	0	48	0	0
1207	892	1055	844	0	48	0	0
90	81	3726	845	0	48	356333488	0
1208	21	2689	846	0	48	0	0
1210	622	3111	847	0	48	0	0
1211	81	1044	848	0	48	0	0
1212	81	1354	849	0	48	0	0
1214	623	4437	850	0	48	0	0
1215	81	965	851	0	48	356333488	0
665	1320	589	852	0	48	0	0
1216	81	3311	853	0	48	0	0
558	107	1495	854	0	48	309271328	0
1217	30	2472	855	0	48	0	0
1218	558	10878	856	0	48	412328056	0
1206	1317	1346	857	0	48	0	0
1213	1320	2117	858	0	48	0	0
1219	558	2632	859	0	48	428698816	0
1220	558	4579	860	0	48	420512064	0
1199	1321	469	861	0	48	0	0
118	431	1	862	0	48	0	1
1222	1223	370	863	0	48	0	0
1219	1220	5836	864	0	48	418340936	0
1220	106	3247	865	0	48	0	0
1226	1222	194	866	0	48	0	0
106	1218	5417	867	0	48	1000	0
557	1219	5470	868	0	48	0	0
557	106	3728	869	0	48	0	0
557	1218	8234	870	0	48	0	0
1221	1232	3430	871	1	48	0	0
1230	1231	1	872	0	48	0	0
1233	1238	953	873	1	48	0	0
1220	557	1234	874	0	48	0	0
929	1267	180	875	0	48	0	0
1237	1221	2740	876	1	48	0	0
1235	438	2445	877	1	48	0	0
338	437	3324	878	1	48	0	0
336	80	2335	879	0	48	0	0
1232	338	1229	880	1	48	0	0
422	80	4091	881	0	48	0	0
1237	1238	1096	882	1	48	0	0
1236	80	4441	883	0	48	0	0
1239	80	3031	884	0	48	0	0
1237	1235	5200	885	1	48	0	0
1240	1268	2086	886	0	48	0	0
1241	1264	777	887	0	48	0	0
1238	331	4571	888	1	45	0	0
1243	1244	298	889	0	48	0	0
1245	1260	190	890	0	48	0	0
335	1242	915	891	1	48	0	0
1243	1246	1059	892	0	48	0	0
1247	1245	296	893	0	48	0	0
1242	439	1409	894	1	48	0	0
1258	1260	1142	895	0	48	0	0
1251	1252	251	896	0	48	0	0
1253	1258	1156	897	0	48	0	0
1255	1245	1424	898	0	48	0	0
1264	1249	496	899	0	48	0	0
1250	1251	1761	900	0	48	1	0
1251	1254	986	901	0	48	1	0
1260	1248	777	902	0	48	0	0
1261	1273	261	903	0	48	0	0
1261	1250	841	904	0	48	1	0
1256	1261	84	905	0	48	1	0
1256	1259	1024	906	0	48	1	0
1243	1256	171	907	0	48	1	0
1262	1253	1438	908	0	48	0	0
1264	1258	2076	909	0	48	0	0
1263	1240	1761	910	0	48	1	0
1267	932	413	911	0	40	460262296	0
1234	303	1304	912	0	48	368902216	0
1278	1234	2351	913	0	48	0	0
1268	47	2659	914	0	48	0	0
1269	1268	2045	915	0	48	0	0
1271	930	466	916	0	40	6	0
1279	1286	3071	917	0	48	0	0
662	1282	5523	918	0	48	0	0
1277	929	1257	919	0	48	0	0
1243	1274	1799	920	0	48	1	0
1273	1257	605	921	0	48	0	0
1273	1276	35	922	0	48	0	0
1275	1277	28	923	0	48	0	0
1281	1286	1202	924	0	48	0	0
1265	1267	51	925	0	48	0	0
1281	1280	1668	926	0	48	0	0
1282	1283	5696	927	0	48	0	0
1267	1266	1022	928	0	48	0	0
1284	835	2194	929	0	48	0	0
1285	835	2057	930	0	48	0	0
930	1272	721	931	0	48	0	0
1288	1287	3168	932	0	60	0	0
1286	627	1666	933	0	48	0	0
1291	1292	1	934	0	48	0	0
1295	1302	0	935	0	48	0	0
1297	1303	1	936	0	48	0	0
1299	1306	1	937	0	48	0	0
1302	1296	0	938	0	48	0	0
1303	1298	1	939	0	48	0	0
1305	1307	1	940	1	48	0	0
1307	1301	1	941	1	48	0	0
1301	1304	1	942	1	48	0	0
1306	1300	1	943	0	48	0	0
1304	1308	1	944	1	48	0	0
1308	1309	1	945	1	48	0	0
1310	1313	1	946	1	48	0	0
1313	1314	1	947	1	48	0	0
1314	1311	1	948	1	48	0	0
1312	1311	1	949	1	48	0	0
1312	1315	1	950	1	48	0	0
1224	653	4063	951	1	48	0	0
892	51	1702	952	0	48	0	0
1316	892	1288	953	0	48	1	0
904	1316	508	954	0	48	1	0
1224	434	1	955	0	48	0	1
903	1322	1	956	0	48	0	0
1323	1324	1	957	0	48	0	0
1318	891	1	958	1	48	0	0
1319	897	1872	959	1	55	0	0
891	1319	1	960	1	48	0	0
349	1325	1	961	0	48	0	0
1326	1327	1	962	0	60	1	0
1328	1327	1	963	0	60	1	0
1330	1326	1	964	0	60	1	0
1293	1294	1	965	0	48	0	0
1327	1330	1	966	0	60	1	0
1329	1331	1	967	0	48	0	0
1336	1337	408	968	0	48	1	0
1335	1334	945	969	0	48	1	0
1338	1339	1	970	0	48	0	0
1340	1341	1	971	0	24	0	0
1343	1342	1	972	0	24	0	0
1345	1344	1	973	0	24	0	0
1346	303	1217	974	0	48	0	0
1348	568	1312	975	0	48	0	0
1349	599	2049	976	0	48	0	0
1351	1350	1	977	0	48	0	0
1354	1355	1	978	0	48	0	0
1353	1352	1	979	0	48	0	0
1356	1357	1	980	0	48	0	0
1358	1359	1	981	0	16	0	0
1360	1361	1	982	0	48	0	0
1363	1362	22	983	0	48	0	0
1362	1364	62	984	0	48	0	0
1365	1374	1	985	0	48	0	0
1366	1367	1	986	0	48	0	0
1364	1368	39	987	0	48	0	0
1369	1368	51	988	0	48	0	0
1369	1370	31	989	0	48	0	0
1371	1363	58	990	0	48	0	0
1371	1372	102	991	0	48	0	0
1363	1373	13	992	0	48	0	0
1372	1370	86	993	0	48	0	0
1372	1373	50	994	0	48	0	0
1373	1370	53	995	0	48	0	0
1385	1375	1	996	0	48	0	0
1377	1378	1	997	0	48	0	0
1379	1380	1	998	0	48	0	0
1381	1383	1	999	0	58	0	0
1383	1384	1	1000	0	26	0	0
1384	1382	1	1001	0	48	0	0
1387	1386	1	1002	0	48	0	0
1388	1389	0	1003	0	16	0	0
1391	910	1	1004	0	48	0	1
1397	1396	1	1005	0	48	0	0
1376	1393	1	1006	0	48	0	0
1394	1395	1	1007	0	48	0	0
1400	1401	1	1008	0	48	0	0
1398	1399	37	1009	0	48	0	0
1403	1398	28	1010	0	48	0	0
1404	1398	62	1011	0	48	0	0
1404	1403	41	1012	0	48	0	0
1363	1402	32	1013	0	48	0	0
1405	1406	1	1014	0	48	0	0
1414	1415	146	1015	0	48	0	0
1390	1392	83	1016	1	48	1	0
1390	1391	39	1017	1	48	1	0
1413	1407	1	1018	1	48	0	0
1408	1404	18	1019	0	48	0	0
1409	1408	55	1020	0	48	0	0
1409	1399	56	1021	0	48	0	0
1410	1399	25	1022	0	48	0	0
1411	1410	64	1023	0	48	0	0
1412	1411	33	1024	0	48	0	0
1412	1409	63	1025	0	48	0	0
1416	97	6013	1026	1	48	0	0
1419	1420	1	1027	0	48	0	0
1413	1392	1	1028	0	48	0	1
1421	1422	1	1029	0	48	0	0
1423	1424	1	1030	0	48	0	0
1425	1426	1	1031	0	30	0	0
1431	1432	1	1032	0	48	0	0
1427	1429	1	1033	0	48	0	0
1434	1433	1	1034	0	30	0	0
1435	1436	1	1035	0	48	0	0
1450	1510	1	1036	0	48	0	0
1440	1453	153	1037	0	48	0	0
1441	1442	1	1038	0	48	0	0
1443	1444	10	1039	0	36	0	0
1445	1446	1	1040	0	36	0	0
1451	1452	1	1041	0	48	0	0
1454	1455	1	1042	0	48	0	0
1456	1457	1	1043	0	48	0	0
1458	1459	1	1044	0	48	0	0
1460	1461	1	1045	0	60	0	0
1462	1463	1	1046	0	48	0	0
1464	1465	1	1047	0	48	0	0
1428	1430	1	1048	0	60	0	0
1466	1467	1	1049	0	48	0	0
1469	1468	1	1050	0	4	0	0
1470	1471	1	1051	0	24	0	0
1472	1473	9	1052	0	24	1	0
1474	1443	32	1053	0	36	0	0
1475	1444	17	1054	0	36	0	0
1475	1474	26	1055	0	36	0	0
1476	1477	36	1056	0	36	0	0
1477	1478	60	1057	0	36	0	0
1444	1474	40	1058	0	36	0	0
1443	1475	10	1059	0	36	0	0
1479	1474	9	1060	0	36	0	0
1438	1480	1	1061	0	48	0	0
1481	1482	11	1062	0	5	0	0
1483	1485	1	1063	1	48	0	0
101	1484	5468	1064	1	48	1	0
1486	1488	6	1065	1573969090	48	1	0
24	1487	1651	1066	1	48	0	0
1484	1483	1	1067	0	48	0	1
1489	1490	66	1068	1	48	0	0
1487	1487	1	1069	0	48	0	0
1488	1487	1	1070	0	48	0	1
1490	1483	1	1071	0	48	0	1
1491	1492	36	1072	0	48	0	0
1489	1493	101	1073	1	48	1	0
1494	1441	96	1074	0	48	1	0
1525	1526	87	1075	0	48	0	0
1496	1441	83	1076	0	48	0	0
1497	1496	24	1077	0	48	1	0
1495	1498	58	1078	0	48	0	0
1505	1506	10	1079	1	48	0	0
1508	1509	1	1080	0	48	0	0
1497	1441	96	1081	0	48	0	0
1506	1507	133	1082	1	48	0	0
1495	1499	115	1083	0	48	0	0
1499	1500	40	1084	0	48	0	0
1437	1447	72	1085	0	48	1	0
1518	1493	1	1086	0	48	0	1
1501	1502	31	1087	0	48	0	0
1498	1499	89	1088	0	48	0	0
1503	1504	2	1089	1	48	0	0
1503	1487	1	1090	0	48	0	1
1518	1407	113	1091	1	48	0	0
1449	1520	47	1092	0	48	1	0
1512	1513	4	1093	0	48	1	0
1513	1511	4	1094	0	48	1	0
1505	1392	1	1095	0	48	0	1
1514	1515	36	1096	0	48	1	0
1516	1511	6	1097	0	48	1	0
1507	1493	1	1098	0	48	0	1
1520	1511	20	1099	0	48	1	0
1516	1515	33	1100	0	48	1	0
1516	1513	2	1101	0	48	1	0
1515	1517	12	1102	0	48	1	0
1520	1521	21	1103	0	48	1	0
1521	1519	15	1104	0	48	1	0
1443	1476	60	1105	0	36	0	0
1517	1522	31	1106	0	48	1	0
1522	1519	47	1107	0	48	1	0
1522	1521	41	1108	0	48	1	0
1527	1528	1	1109	0	48	0	0
1529	1530	1	1110	0	48	0	0
1531	1532	1	1111	0	48	0	0
1533	1534	1	1112	0	48	0	0
1535	1536	1	1113	0	48	0	0
1538	1537	1	1114	0	48	0	0
1539	1540	1	1115	0	48	0	0
1543	1544	1	1116	0	4	0	0
1545	1546	1	1117	0	48	0	0
1547	1548	1	1118	0	48	0	0
1541	1542	1	1119	0	24	0	0
1549	1550	1	1120	0	48	0	0
1551	1552	1	1121	0	48	0	0
1553	1554	1	1122	0	48	0	0
1555	1556	1	1123	0	48	0	0
1557	1558	1	1124	0	48	0	0
1559	1560	1	1125	0	48	0	0
1561	1562	1	1126	0	48	0	0
1563	1564	1	1127	0	48	0	0
1565	1566	10	1128	0	36	0	0
1568	1569	20	1129	0	48	0	0
1567	1570	43	1130	0	48	0	0
1570	1571	66	1131	0	48	0	0
1570	1572	67	1132	0	48	1	0
1573	1571	43	1133	0	48	1	0
1572	1573	44	1134	0	48	0	0
1443	1477	69	1135	0	36	0	0
1443	1574	77	1136	0	36	0	0
1443	1575	67	1137	0	36	0	0
1443	1479	43	1138	0	36	0	0
1479	1476	20	1139	0	36	0	0
1479	1575	27	1140	0	36	0	0
1479	1477	27	1141	0	36	0	0
1479	1574	37	1142	0	36	0	0
1476	1574	52	1143	0	36	0	0
1476	1575	43	1144	0	36	0	0
1444	1479	50	1145	0	36	0	0
1576	1577	1	1146	0	48	0	0
1578	1579	1	1147	0	48	0	0
1580	1581	1	1148	0	48	0	0
1582	1583	1	1149	0	48	0	0
1584	1585	1	1150	0	48	0	0
1586	1587	1	1151	0	48	0	0
1588	1589	1	1152	0	48	0	0
1590	1591	1	1153	0	48	0	0
1592	1441	50	1154	0	48	0	0
1596	1593	1048	1155	0	48	0	0
1594	1595	725	1156	0	48	0	0
1598	1599	3943	1157	0	48	0	0
1601	1602	4233	1158	0	48	0	0
1603	1604	1371	1159	0	48	0	0
363	336	2963	1160	0	48	0	0
1605	1239	1150	1161	0	48	0	0
1606	1239	331	1162	0	48	0	0
1607	1608	1	1163	0	48	1	0
1609	1610	1	1164	0	48	0	0
1611	1612	2191	1165	0	48	0	0
1613	1614	6098	1166	0	48	0	0
1618	1617	1	1168	0	48	0	0
1619	1620	1	1169	0	24	0	0
1621	1622	1	1170	0	24	0	0
1627	1628	34	1172	0	48	1	0
1629	1630	1	1173	1609424066	48	2752512	0
1635	1636	1	1174	0	48	1	0
1645	1646	5	1177	0	24	0	0
1647	1648	19	1179	0	48	0	0
1649	1650	14	1180	0	48	0	0
1651	1652	26	1181	0	48	0	0
1653	1654	3	1182	0	48	0	0
1655	1681	75	1183	0	48	0	0
1657	1658	15	1184	0	48	0	0
1661	1662	1	1186	0	44	0	0
1663	1664	21	1187	0	48	0	0
1667	1668	5	1189	0	48	0	0
1670	1656	9	1190	0	48	0	0
1670	1672	12	1191	0	48	0	0
1671	1670	5	1192	0	48	0	0
1672	1669	17	1193	0	48	0	0
1672	1671	9	1194	0	48	0	0
1673	1674	9	1195	0	48	0	0
1669	1675	59	1196	0	48	0	0
1676	1675	25	1197	0	48	0	0
1677	1684	2	1198	0	48	0	0
1679	1678	35	1199	0	48	0	0
1676	1685	7	1200	0	48	0	0
1678	1651	55	1201	0	48	0	0
1651	1680	36	1202	0	48	0	0
1680	1655	21	1203	0	48	0	0
1681	1671	32	1204	0	48	0	0
1681	1680	10	1205	0	48	0	0
1683	1392	1	1207	0	48	0	1
1682	1683	10	1208	1879301314	48	1	0
1684	1679	20	1209	0	48	0	0
1685	1679	13	1210	0	48	0	0
1685	1684	10	1211	0	48	0	0
1686	1688	24	1213	0	48	0	0
1686	1687	10	1214	0	48	0	0
1687	1689	48	1215	0	48	0	0
1689	1690	46	1216	0	48	0	0
1687	1690	66	1217	0	48	0	0
1688	1687	30	1218	0	48	0	0
1692	1691	1	1222	0	48	0	1
1693	1691	3	1223	0	48	1	0
1695	1696	45	1226	1551621314	60	1	0
1692	902	1131	1228	0	48	1	0
1697	1698	1	1229	0	60	0	0
1699	1700	1009	1230	0	48	0	0
1701	1702	1948	1231	0	48	0	0
1707	1708	1	1234	0	48	0	0
1710	1709	1129	1235	0	48	0	0
1711	1712	565	1236	0	48	0	0
583	1713	535	1237	0	48	0	0
1714	1715	1910	1238	0	48	0	0
1716	574	2251	1239	0	48	0	0
1717	1718	1	1241	0	48	0	0
1720	1719	1	1242	0	48	0	0
1721	1722	1	1243	0	48	0	0
1726	1738	3336	1246	0	48	0	0
1346	423	1467	1248	0	48	0	0
1728	1729	1	1249	0	48	0	0
1730	1731	1	1250	0	24	0	0
1732	1733	1349	1251	0	48	0	0
1734	1735	2475	1252	0	48	0	0
1737	1727	248	1253	0	48	0	0
1736	1737	244	1254	0	48	0	0
1738	1737	1529	1255	0	48	0	0
1739	1738	1091	1256	0	48	0	0
1740	1741	1	1257	0	48	0	0
1742	1743	1582	1258	0	48	0	0
1747	1748	1	1260	0	20	0	0
1749	598	1	1261	0	48	0	0
1751	1750	1	1262	0	48	0	0
1753	1752	1	1263	0	48	0	0
1755	1754	1	1264	0	48	0	0
1756	1757	2668	1265	0	48	1	0
1758	1757	749	1266	0	48	1	0
1759	1760	2233	1267	0	48	1	0
1761	1762	3015	1268	0	48	1	0
1763	1764	2978	1269	0	48	1	0
552	1200	1510	1270	0	48	1	0
552	1765	1593	1271	0	48	1	0
554	668	1416	1272	0	48	1	0
1765	553	1311	1273	0	48	1	0
551	552	1308	1274	0	48	1	0
551	1765	2173	1275	0	48	1	0
555	668	1157	1276	0	48	1	0
554	1200	2300	1277	0	48	1	0
1756	1766	2234	1278	0	48	1	0
1771	1772	1	1280	0	12	0	0
1773	1774	1	1281	0	12	0	0
1775	1776	1	1282	0	12	0	0
1777	1778	1	1283	0	12	0	0
1779	1780	1	1284	0	12	0	0
1781	1782	1	1285	0	12	0	0
1783	553	876	1286	0	48	1	0
1784	1785	1	1287	0	20	0	0
1786	1787	1	1288	0	48	0	0
1788	1789	713	1289	0	40	0	0
1788	1790	1	1291	0	20	0	0
1791	1792	1	1292	0	40	0	0
1795	1796	1	1293	0	48	0	0
1791	1794	1	1295	0	20	0	0
1797	1798	1	1296	0	40	0	0
1797	1801	1	1300	0	20	0	0
1766	553	495	1301	0	48	1	0
1802	1803	1596	1302	0	48	0	0
1804	1805	882	1303	0	48	0	0
1807	1806	2081	1304	0	48	0	0
1809	30	1	1305	0	48	0	0
1811	1810	1013	1306	0	48	0	0
1813	1812	1734	1307	0	48	0	0
1815	1814	442	1308	0	48	0	0
1816	1817	1689	1309	0	48	0	0
1819	1820	2264	1310	0	48	0	0
1821	1822	5528	1311	0	48	0	0
1825	1824	3022	1312	0	48	0	0
667	1826	1	1313	0	48	0	0
1828	596	1	1315	0	48	0	0
1835	1836	1	1318	0	48	0	0
1835	1755	1	1319	0	48	0	0
1837	1838	1004	1320	0	48	0	0
1839	1840	2853	1321	0	48	0	0
561	1337	1875	1322	0	48	1	0
561	1336	1517	1326	0	48	1	0
1849	1850	1	1328	0	48	0	0
1851	1609	1	1330	0	48	0	0
1854	1855	3918	1332	0	48	0	0
564	560	1295	1333	0	48	1	0
564	565	2244	1334	0	48	1	0
559	1336	1810	1335	0	48	1	0
559	564	4336	1336	0	48	1	0
565	1856	1212	1337	0	48	1	0
1856	1857	3229	1338	0	48	1	0
560	1336	2356	1339	0	48	1	0
563	1857	630	1340	0	48	1	0
1858	1856	1397	1341	0	48	1	0
1857	561	2141	1342	0	48	1	0
1337	562	2074	1343	0	48	1	0
1857	562	1128	1344	0	48	1	0
562	1859	1544	1345	0	48	1	0
562	1860	1162	1346	0	48	1	0
1860	1859	542	1347	0	48	1	0
1239	79	1175	1348	0	48	0	0
1861	1862	2893	1349	0	48	1	0
1863	565	3186	1350	0	48	1	0
565	1857	2608	1351	0	48	1	0
1865	1864	60	1352	0	48	0	0
1866	1867	1	1353	0	48	0	0
1868	1869	1	1354	0	48	0	0
1871	1870	1	1355	0	48	1	0
1874	1873	1	1356	0	48	1	0
1871	1874	1	1357	0	48	1	0
1334	576	518	1364	0	48	1	0
1893	917	1	1365	0	48	0	0
1894	918	1	1366	0	48	0	0
1895	919	1	1367	0	48	0	0
1895	1896	1	1368	0	48	0	0
1897	1896	1	1369	0	48	0	0
1898	1897	1	1370	0	48	0	0
1898	1899	1	1371	0	48	0	0
1899	1900	1	1372	0	48	1	0
1901	1902	1	1373	0	48	0	0
1901	1900	1	1374	0	48	0	0
1903	1904	1	1375	0	48	0	0
1911	1912	1	1379	0	48	0	0
1913	1914	1	1380	0	48	0	0
1915	1916	1270	1381	0	48	1	0
1917	1918	1	1382	0	48	0	0
1919	1920	1	1383	0	48	0	0
1921	1922	1	1384	0	48	1	0
1922	1923	1	1385	0	48	1	0
1923	1924	1	1386	0	48	1	0
1925	1926	1	1387	0	48	1	0
1927	1928	1	1388	0	48	1	0
1929	1930	1	1389	0	48	1	0
1937	1938	1	1392	0	48	0	0
1930	1938	1	1393	0	48	1	0
1941	1942	1	1396	0	48	0	0
1957	1958	1	1399	0	48	0	0
1963	1964	1537	1401	0	20	0	0
1967	1968	1	1403	0	48	0	0
1969	1970	2523	1404	0	48	1	0
1973	1974	1	1406	0	48	1	0
1975	1976	1	1407	0	48	1	0
1977	1978	1814	1408	0	48	0	0
2006	2007	591	1429	0	48	1	0
2008	2009	1	1430	0	48	0	0
2010	2011	1	1431	0	48	0	0
2027	2028	103	1436	0	48	0	0
2029	2030	47	1437	0	48	1	0
867	834	1	1440	0	48	0	0
2035	2036	1	1441	0	48	0	0
2037	867	1	1442	0	48	0	0
2038	2039	1	1443	0	48	0	0
2040	2041	1	1444	0	48	0	0
2042	835	1	1445	0	48	0	0
2049	2050	1	1449	0	12	0	0
2053	2054	1	1451	0	12	0	0
2055	2056	1	1452	0	12	0	0
2057	2058	1	1453	0	12	0	0
2061	2062	1	1455	0	12	0	0
2063	2064	1	1456	0	12	0	0
2065	2066	1	1457	0	12	0	0
2067	2068	1	1458	0	12	0	0
2069	2070	1	1459	0	12	0	0
2071	2072	1	1460	0	12	0	0
2073	2074	1	1461	0	12	0	0
2075	2076	1	1462	0	12	0	0
2077	2078	1	1463	0	12	0	0
2079	2080	1	1464	0	12	0	0
2081	2082	1	1465	0	48	0	0
2083	2084	1	1466	0	48	0	0
2085	2086	1	1467	0	48	0	0
2087	2088	1	1468	0	48	1	0
2089	2090	1	1469	0	48	0	0
2091	561	1320	1470	0	48	1	0
1337	1860	1172	1471	0	48	1	0
2093	2092	863	1472	0	48	1	0
1863	2094	2405	1474	0	48	1	0
1856	1863	3814	1475	0	48	1	0
2096	2097	113	1476	0	48	1	0
2098	2099	1	1477	0	48	0	0
2101	2100	409	1478	0	48	0	0
2102	2103	1	1479	0	48	1	0
2104	2105	1	1480	0	48	0	0
2106	2107	583	1481	0	48	1	0
2108	2109	1	1482	0	48	1	0
2110	2111	1	1483	0	48	1	0
2112	2113	1134	1484	0	48	0	0
2114	2115	1	1485	0	48	1	0
2116	2117	1	1486	0	48	1	0
2118	2119	1	1487	0	48	0	0
2120	2121	1	1488	0	48	0	0
2097	2122	65	1489	0	48	1	0
2123	2124	1	1490	0	48	1	0
2126	2125	1725	1491	0	48	0	0
2127	2128	4287	1492	0	48	0	0
2129	2130	4503	1493	0	48	1	0
2131	2132	713	1494	0	48	0	0
2133	2134	4080	1495	0	48	1	0
2135	2136	1	1496	0	48	0	0
2137	2138	1280	1497	0	48	0	0
2139	2140	1	1498	0	48	0	0
2142	2143	1487	1499	1	48	0	0
2144	1757	2651	1500	0	48	1	0
2145	2146	1022	1502	0	48	0	0
2147	2148	1679	1505	0	48	0	0
2150	2149	2870	1506	0	48	0	0
2151	2152	2271	1507	0	48	0	0
2154	2153	1895	1508	0	48	0	0
2155	2156	579	1509	0	48	0	0
2157	2158	2600	1510	0	48	0	0
2161	2162	1	1512	0	48	0	0
2163	2164	1	1513	0	48	0	0
2165	2166	1	1518	0	48	0	0
2167	2168	1	1519	0	48	0	0
2169	2170	1	1520	0	48	0	0
2171	2172	1	1521	0	48	0	0
2173	2174	618	1522	0	48	1	0
635	1362	1	1523	0	48	0	1
2162	2164	1	1525	0	48	0	1
2175	2176	1934	1526	0	48	0	0
2177	2178	1	1527	0	30	0	0
2179	2180	555	1528	0	48	0	0
2181	2182	1866	1529	0	48	0	0
2184	2183	321	1530	0	35	0	0
2186	2185	323	1531	0	35	0	0
2189	2190	1	1532	0	30	0	0
2191	2192	1	1533	0	30	0	0
2193	2194	1	1534	0	30	0	0
2196	2195	1	1535	0	30	0	0
2197	2198	746	1536	0	48	1	0
2199	589	1379	1537	0	48	1	0
2199	590	1623	1538	0	48	1	0
2166	2168	1	1539	0	48	0	1
2170	2166	1	1540	0	48	0	1
2200	2201	1	1541	0	48	0	0
2172	2200	1	1542	0	48	0	1
2202	2203	3027	1543	0	48	1	0
2204	2205	1002	1544	0	48	0	0
2206	2207	854	1545	0	48	1	0
2209	2208	66	1546	0	30	0	0
2208	2210	127	1547	0	55	0	0
2210	2211	60	1548	0	30	0	0
2211	2212	21	1549	0	30	0	0
2212	2213	11	1550	0	30	0	0
2213	2214	1	1551	0	20	0	0
2214	2215	92	1552	0	25	0	0
2215	2216	26	1553	0	20	0	0
2147	519	1639	1554	0	48	0	0
2217	2218	1494	1555	0	48	0	0
2219	2220	1	1556	0	48	0	0
2221	2222	1	1557	0	48	0	0
2223	2224	3782	1558	0	48	0	0
2225	2226	1	1559	0	48	0	0
2227	2228	1	1560	0	30	0	0
2229	2230	2317	1561	0	48	0	0
2231	2232	1501	1562	0	35	0	0
2007	2233	1596	1563	0	48	1	0
2234	2235	1	1564	0	48	0	0
2236	2237	1	1565	0	48	0	0
2237	2235	1	1566	0	48	0	1
2238	2239	1	1567	0	48	0	0
2240	2241	1	1568	0	48	0	0
2242	2243	1	1569	0	48	0	0
2242	2241	1	1571	0	48	0	1
2244	2245	1	1572	0	48	0	0
2246	2247	1	1573	0	48	0	0
2247	2239	1	1574	0	48	0	1
2248	2249	1678	1575	0	48	1	0
2250	2251	4079	1576	0	48	1	0
2252	2253	1	1577	1248002048	48	0	0
2253	2245	1	1578	0	48	0	1
2254	2255	1	1579	0	48	0	0
2256	2257	1	1580	0	48	0	0
2258	2259	1	1581	0	48	0	0
2260	2261	1	1582	0	48	0	0
2262	2263	1	1583	0	48	0	0
2263	2259	1	1584	0	48	0	1
2264	2265	1	1585	4096	48	0	0
2265	2261	1	1586	0	48	0	1
2266	2267	1	1587	0	48	0	0
2267	2255	1	1588	0	48	0	1
2268	2269	1	1589	0	48	0	0
2269	2257	1	1590	0	48	0	1
2270	2271	1	1591	0	48	0	0
2271	2255	1	1592	0	48	0	1
2267	2257	1	1593	0	48	0	1
2272	2273	1	1594	0	48	0	0
2274	2275	1	1595	0	48	0	0
2276	2277	1	1596	0	48	0	0
2278	2279	1	1597	0	48	0	0
2280	2281	1	1598	0	48	0	0
2282	2283	1	1599	0	48	0	0
2284	2285	1	1600	0	48	1	0
2286	2287	1	1601	0	48	0	0
2288	2289	1	1602	0	48	0	0
2290	2291	1	1603	0	48	0	0
2292	2293	1	1604	0	48	0	0
2294	2295	1	1605	0	48	0	0
2296	2287	1	1606	0	48	0	0
2298	2297	1683	1607	0	48	0	0
2299	2300	807	1608	0	48	0	0
2302	2303	57	1609	0	60	0	0
2303	2307	382	1610	0	84	0	0
2304	2301	36	1611	0	48	0	0
2305	2304	826	1612	0	84	0	0
2306	2305	26	1613	0	48	0	0
2307	2306	382	1614	0	48	0	0
2308	2309	1	1615	0	48	1	0
2311	2310	1	1617	0	48	0	0
2312	2313	1	1618	0	48	0	0
2313	2275	1	1619	0	48	0	1
2314	2315	1299	1620	0	48	1	0
2311	2312	1	1621	0	48	0	0
2318	2319	1276	1622	0	48	1	0
2320	973	2553	1623	0	48	1	0
2321	2322	1724	1624	0	48	1	0
2323	2324	1698	1625	0	48	1	0
2326	2325	3218	1626	0	48	0	0
2327	2328	2870	1627	0	48	1	0
2329	2330	1	1628	0	48	0	0
2331	2332	1	1629	0	48	0	0
2335	2336	1	1631	0	48	0	0
2335	2337	1	1633	0	48	0	0
994	2338	224	1636	0	48	1	0
12	2275	1	1638	0	48	0	1
2340	2339	1	1639	0	48	0	0
2342	2341	1	1641	0	48	0	0
2343	2344	3563	1645	0	20	0	0
2345	2346	2659	1646	0	48	0	0
2347	2348	29	1647	0	48	0	0
2349	2350	7	1648	0	48	0	0
2352	2351	32	1649	0	72	0	0
2353	2354	520	1652	0	48	0	0
2357	2358	933	1654	0	48	0	0
2359	2360	1	1655	0	48	0	0
2361	2362	1	1656	0	48	0	0
2363	2364	1396	1658	0	48	0	0
2365	2366	3171	1660	0	48	0	0
2367	2368	1	1661	0	48	0	0
2369	2370	1	1662	0	30	0	0
2371	2372	1	1663	0	30	0	0
2373	2374	1	1664	0	30	0	0
2375	2376	1	1665	0	30	0	0
2377	2378	1	1666	0	48	0	0
2378	2168	1	1667	0	48	0	1
2378	2170	1	1668	0	48	0	1
2379	2380	1	1669	0	48	0	0
2381	2382	1	1670	0	48	0	0
1488	2380	1	1671	0	48	0	1
2383	2384	1	1672	0	30	0	0
2354	2380	1	1673	0	48	0	1
2336	2380	1	1674	0	48	0	1
19	136	1	1675	0	48	0	1
2385	136	462	1677	0	48	0	0
2386	2387	3030	1678	0	48	1	0
2388	2389	5390	1679	0	48	0	0
2391	2390	6984	1680	0	48	0	0
2394	2395	1	1681	0	48	0	0
2396	2397	1	1682	0	30	0	0
2398	2399	1	1683	0	30	0	0
2400	2401	1	1684	0	30	0	0
2402	2403	1	1685	0	30	0	0
2404	2405	1	1686	0	30	0	0
2392	2393	810	1687	0	48	0	0
2273	2393	1	1688	0	48	0	1
2407	2406	73	1689	0	45	0	0
2407	2273	1	1690	0	48	0	1
2408	2409	1628	1691	0	48	0	0
2411	2410	1012	1692	0	48	0	0
2412	2413	2090	1693	0	48	0	0
2415	2414	1794	1694	0	48	0	0
2416	2417	1	1695	0	48	0	0
2418	2419	1	1696	0	48	0	0
2420	2421	49	1697	0	48	0	0
2422	2423	1	1698	0	48	0	0
2424	2425	1	1699	0	48	0	0
2425	2168	1	1700	0	48	0	1
2425	2170	1	1701	0	48	0	1
2426	2427	1	1702	0	48	0	0
2428	2429	1	1703	0	48	0	0
8	2423	1	1704	0	48	0	1
2430	2431	100	1706	1	60	0	0
2432	2433	182	1707	1	60	0	0
2434	2435	69	1708	1	60	0	0
2436	2437	65	1709	1	80	0	0
2438	2439	181	1710	1	80	0	0
2440	2441	66	1711	1	80	0	0
2442	2443	191	1712	1	80	0	0
2444	2445	173	1713	1	80	0	0
2446	2447	77	1714	1	80	0	0
2448	2449	182	1715	1	80	0	0
2450	2451	141	1716	1	80	0	0
2452	2453	191	1717	1	80	0	0
2454	2455	81	1718	1	80	0	0
2456	2457	399	1719	0	48	0	0
2458	2459	64	1720	1	80	0	0
2460	2461	181	1721	1	80	0	0
2462	2463	64	1722	1	80	0	0
2464	2465	198	1723	1	80	0	0
2466	2467	181	1724	1	80	0	0
2468	2469	83	1725	1	80	0	0
2470	2471	182	1726	1	80	0	0
2472	2473	70	1727	1	80	0	0
2474	2475	141	1728	1	80	0	0
2476	2477	188	1729	1	80	0	0
2478	2479	154	1730	0	50	0	0
2479	2480	217	1731	0	48	0	0
2480	2481	1190	1732	0	52	0	0
2482	2483	36	1733	0	48	0	0
2483	2484	150	1734	0	50	0	0
2484	2485	2252	1735	0	48	0	0
2486	2487	163	1736	0	48	0	0
2487	2488	211	1737	0	48	0	0
2488	2489	329	1738	0	80	0	0
2489	2490	243	1739	0	60	0	0
2490	2491	214	1740	0	48	0	0
2491	2492	46	1741	0	30	0	0
2492	2493	316	1742	0	80	0	0
2493	2494	63	1743	0	80	0	0
2494	2495	20	1744	0	30	0	0
2496	2497	2121	1746	0	38	0	0
2499	2498	4287	1748	0	100	0	0
2500	519	812	1749	0	48	0	0
2501	1863	845	1750	0	48	0	0
2502	2503	1	1751	0	48	0	0
2504	2505	1	1752	0	48	0	0
2510	2511	1	1755	0	48	0	0
2512	2230	3067	1756	0	48	0	0
2513	519	2805	1757	0	48	0	0
2364	8	1	1759	0	48	0	1
2358	2423	1	1763	0	48	0	1
2364	2423	1	1764	0	48	0	1
2514	2515	1	1765	0	48	0	0
2516	2517	1	1766	0	48	0	0
2518	2519	1	1767	0	48	0	0
2520	2521	1	1768	0	48	0	0
2522	2523	1	1769	0	48	0	0
2524	2525	1	1770	0	48	0	0
2309	2423	1	1771	0	48	0	1
2526	2527	1	1772	0	48	0	0
2528	2529	1	1773	0	48	0	0
2530	2531	1	1774	0	48	0	0
2532	2533	1	1775	0	48	0	0
2534	2535	1	1776	0	48	0	0
2536	2537	1	1777	0	48	0	0
2539	2538	1	1778	0	48	0	0
2541	2538	1	1779	0	48	1	0
2542	2543	1	1782	0	48	1	0
2544	2542	1	1783	0	48	1	0
2546	2547	1	1785	0	48	1	0
2546	2548	1	1786	0	48	1	0
2550	2541	1	1788	0	48	1	0
2555	2552	1	1789	0	48	1	0
2552	2554	1	1790	0	48	1	0
2556	2553	1	1791	0	48	1	0
2554	2556	1	1792	0	48	1	0
2557	2543	1	1793	0	48	1	0
2557	2545	1	1794	0	48	1	0
2550	2551	1	1795	0	48	1	0
2558	2549	1	1796	0	48	1	0
2547	2558	1	1797	0	48	1	0
2563	2560	1	1798	0	48	1	0
2560	2562	1	1799	0	48	1	0
2559	2561	1	1800	0	48	1	0
2559	2562	1	1801	0	48	1	0
2564	2565	1	1802	0	48	0	0
2566	2567	1	1803	0	48	0	0
2568	2569	1	1804	0	48	0	0
2570	2571	1	1805	0	48	0	0
2572	2573	1	1806	0	48	0	0
2574	2575	1	1807	0	48	0	0
2576	2577	8	1808	0	48	1	0
2578	2579	17	1809	0	48	1	0
1627	2580	17	1810	0	48	1	0
2581	2582	25	1812	0	48	0	0
2583	2584	46	1813	0	48	0	0
2583	2586	23	1814	0	48	0	0
2587	2586	9	1815	0	48	0	0
2587	2593	15	1817	0	48	0	0
2593	2588	20	1818	0	48	0	0
2593	2589	63	1819	0	48	0	0
2590	2589	34	1820	0	48	0	0
2584	2594	45	1821	0	48	0	0
2594	2590	8	1822	0	48	0	0
2584	2595	9	1823	0	48	0	0
2595	2585	32	1824	0	48	0	0
2594	2591	6	1825	0	48	0	0
2595	2591	37	1826	0	48	0	0
2594	2592	52	1827	0	48	0	0
2592	2591	54	1828	0	48	0	0
2628	2629	18	1844	0	48	0	0
2632	2633	57	1846	947574664	48	0	0
2633	2644	15	1847	0	48	0	0
2635	2634	33	1848	0	48	0	0
2634	2671	39	1849	0	48	0	0
2638	2639	45	1850	0	48	0	0
2642	2643	1	1851	0	48	0	0
2634	2670	9	1852	0	48	0	0
2634	2637	72	1853	0	48	0	0
2644	2635	13	1854	0	48	0	0
2644	2640	8	1855	0	48	0	0
2640	2641	32	1856	0	48	0	0
2650	2651	1	1864	0	48	1	0
2654	2655	1	1866	0	48	0	0
2656	2657	53	1868	0	48	0	0
2658	2659	60	1869	0	48	0	0
2660	2661	35	1870	0	48	0	0
2664	2665	1	1872	0	48	0	0
2666	2667	28	1873	0	48	0	0
2596	2667	50	1874	0	48	0	0
2668	2637	10	1875	0	48	0	0
2637	2669	21	1876	0	48	0	0
2669	2636	11	1877	0	48	0	0
2670	2636	33	1878	0	48	0	0
2669	2670	46	1879	0	48	0	0
2671	2638	10	1880	0	48	0	0
2597	2671	25	1881	0	48	0	0
2685	2686	41	1889	0	48	0	0
2686	2687	8	1890	0	48	0	0
2688	2686	43	1891	0	48	0	0
2686	2689	45	1892	0	48	0	0
2690	2691	34	1893	0	48	0	0
2689	2690	55	1894	0	48	0	0
2691	2692	22	1895	0	48	0	0
2692	2693	51	1896	0	48	0	0
2691	2694	43	1897	0	48	0	0
2632	2695	5	1903	0	48	0	0
2646	2647	2	1907	0	48	0	0
2647	2648	9	1908	0	48	0	0
2699	2690	62	1914	0	48	0	0
2700	2701	12	1915	0	48	0	0
2703	2702	1	1916	0	48	0	0
2701	2704	33	1917	0	48	0	0
2704	2705	25	1918	0	48	0	0
2705	2706	41	1919	0	48	0	0
2706	2707	32	1921	0	48	0	0
2707	2708	27	1922	0	48	0	0
2708	2709	39	1923	0	48	0	0
2709	2700	32	1924	0	48	0	0
2708	2705	22	1926	0	48	0	0
2708	2700	41	1927	0	48	0	0
2707	2709	57	1931	0	48	0	0
2663	2656	20	1933	0	48	0	0
2656	2710	52	1934	0	48	0	0
2710	2657	5	1936	0	48	0	0
2710	2711	43	1937	0	48	0	0
2662	2663	28	1938	0	48	0	0
2697	2698	18	1939	0	48	0	0
2714	2703	1	1940	0	48	0	1
2713	2714	8	1942	0	48	0	0
2703	2695	1	1943	0	48	0	1
2657	2712	43	1945	0	48	0	0
2663	2712	83	1946	0	48	0	0
2717	2695	1	1947	0	48	0	1
2717	2714	1	1950	0	48	0	1
2716	2717	18	1952	0	48	0	0
2718	2715	17	1957	1	48	0	0
1489	2719	133	1959	1	48	0	0
2718	2719	1	1960	0	48	0	1
2721	2703	1	1962	0	48	0	1
2721	2720	932	1964	0	48	0	0
2719	2718	1	1966	0	48	0	1
2722	2723	58	1967	0	48	0	0
2725	2724	1	1969	0	48	0	0
2726	2727	227	1970	1	30	0	0
2696	2648	1	1971	0	48	0	0
2696	2649	14	1972	0	48	0	0
2647	2649	13	1973	0	48	0	0
2728	2729	1	1975	0	48	0	0
2730	2731	1	1976	0	20	0	0
2732	2733	1	1977	0	48	0	0
2712	2711	51	1978	0	48	0	0
2689	2691	55	1979	0	48	0	0
2689	2692	47	1980	0	48	0	0
2693	2694	31	1981	0	48	0	0
2690	2694	66	1982	0	48	0	0
2734	2735	1	1983	0	48	0	0
2735	2736	1	1984	0	48	0	0
2737	2738	89	1985	32762	48	0	0
2743	2744	218	1988	523	48	0	56
2755	2756	1	1991	0	48	0	0
2759	2760	1	1992	0	48	0	0
2762	2761	1	1994	0	6	0	0
2763	2764	1	1995	0	6	0	0
2765	2766	1	1996	0	48	0	0
2768	2767	18	1997	0	48	0	0
2768	2717	1	1998	0	48	0	1
2866	2867	1	2002	1	48	0	0
2868	2869	1	2003	1	48	0	0
2870	2871	1	2004	1	48	0	0
2872	2873	1	2005	1	48	0	0
2874	2875	1	2006	1	48	0	0
2876	2877	1	2007	1	48	0	0
2878	2879	1	2008	1	48	0	0
2880	2881	1	2009	1	48	0	0
2882	2883	1	2010	1	48	0	0
2884	2885	1	2011	1	48	0	0
2768	2695	1	2017	0	48	0	1
2768	2703	1	2018	0	48	0	1
2768	2714	1	2019	0	48	0	1
2774	2771	25	2021	0	48	0	0
2774	2775	67	2022	0	48	0	0
2772	2775	39	2023	0	48	0	0
2886	2887	1	2024	0	48	0	0
2888	2889	1	2025	0	48	0	0
2771	2767	19	2026	0	48	0	0
2774	2772	40	2027	0	48	0	0
2893	2894	1	2029	0	48	0	0
2774	2773	41	2030	0	48	0	0
2774	2769	37	2031	0	48	0	0
2895	2896	1	2032	0	48	0	0
2901	2902	1	2034	452	48	0	0
2903	2904	1	2035	0	48	0	0
2905	2906	1	2036	0	6	0	0
2908	2907	1	2037	0	6	0	0
2909	2910	1	2038	0	6	0	0
2911	2912	1	2039	0	6	0	0
2917	2918	1	2041	0	48	0	0
2919	2920	1	2042	0	48	0	0
2921	2922	1	2043	0	48	0	0
2923	2924	1	2044	0	48	0	0
2925	2926	1	2045	0	48	0	0
2927	2928	1	2046	0	48	0	0
2929	2930	1	2047	0	48	0	0
2931	2932	1	2048	0	48	0	0
2933	2934	1	2049	0	48	0	0
2935	2936	5	2050	0	48	0	0
2937	2938	16	2051	0	48	0	0
2943	2944	26	2052	0	48	0	0
2945	2939	55	2054	0	48	0	0
2939	2940	22	2055	0	48	0	0
2940	2941	19	2056	0	48	0	0
2941	2942	34	2057	0	48	0	0
2939	2942	31	2058	0	48	0	0
2937	2942	48	2059	0	48	0	0
2946	2947	22	2060	0	48	0	0
2939	2948	12	2061	0	48	0	0
2948	2949	19	2062	0	48	0	0
2938	2945	35	2063	0	48	0	0
2942	2950	3	2064	0	48	0	0
2950	2717	1	2069	0	48	0	1
2940	2942	52	2071	0	48	0	0
2951	2952	12	2072	0	48	0	0
2953	2954	2	2073	0	24	0	0
2955	2956	1	2074	0	24	0	0
2958	39	1	2075	0	48	0	1
2957	2958	15	2077	0	48	0	0
2959	2960	15	2078	0	48	0	0
2962	2959	25	2079	0	48	0	0
2963	2962	51	2080	0	48	0	0
2961	2963	21	2081	0	48	0	0
2963	2964	35	2082	0	48	0	0
2961	2962	62	2083	0	48	0	0
2961	2959	77	2084	0	48	0	0
2962	2965	18	2085	0	48	0	0
2959	2965	26	2086	0	48	0	0
2966	2967	21	2087	0	20	0	0
2939	2968	54	2088	0	48	0	0
2945	2968	109	2089	0	48	0	0
2937	2939	79	2090	0	48	0	0
2958	893	1	2091	0	48	0	1
2969	2940	38	2092	0	48	0	0
2969	2941	23	2093	0	48	0	0
2970	2971	1	2094	0	3	0	0
2971	2975	1	2095	0	48	0	0
2973	2974	1	2096	0	48	0	0
2974	2970	1	2097	0	48	0	0
2975	2976	1	2098	0	3	0	0
2976	2977	1	2099	0	48	0	0
2977	2979	1	2100	0	3	0	0
2972	2978	1	2101	0	48	0	0
2979	2972	1	2102	0	48	0	0
2954	2955	1	2103	0	48	0	0
2980	2981	2	2104	0	24	0	0
2982	2983	7	2105	0	24	0	0
2981	2982	1	2106	0	24	0	0
201	212	6697	2107	0	48	0	0
201	207	7970	2108	0	48	0	0
207	206	4142	2109	0	48	0	0
201	206	4454	2110	0	48	0	0
2769	2773	58	2111	0	48	0	0
2984	2985	1	2112	0	48	0	0
2986	2984	1	2113	0	48	0	0
2988	2989	40	2114	0	48	0	0
2994	2995	1	2117	0	192	0	0
3003	3004	1	2126	0	48	0	0
3007	3008	1	2128	1	80	0	0
3009	3010	1	2129	1	80	0	0
3011	3012	1	2130	1	80	0	0
3013	3014	1	2131	1	80	0	0
3015	3016	1	2132	1	80	0	0
3017	3018	1	2133	1	80	0	0
3019	3020	1	2134	0	48	0	0
3028	3029	1	2139	0	12	0	0
3030	3031	1	2140	0	48	0	0
3032	3033	1	2141	0	48	0	0
3034	3035	56	2142	0	48	0	0
3036	3037	1	2143	0	12	0	0
3038	3039	1	2144	0	48	0	0
3040	3041	1	2145	0	12	0	0
3042	3043	1	2146	0	48	0	0
3057	910	1	2147	0	48	0	1
3044	3057	9	2148	0	48	0	0
3044	3046	85	2149	0	48	0	0
3044	3045	61	2150	0	48	0	0
3044	3055	32	2151	0	48	0	0
3045	3059	23	2152	0	48	0	0
3050	3049	25	2153	0	48	0	0
3049	3048	20	2154	0	48	0	0
3045	3060	20	2155	0	48	0	0
3058	3047	8	2156	0	48	0	0
3058	3048	43	2157	0	48	0	0
3059	3050	4	2158	0	48	0	0
3059	3055	24	2159	0	48	0	0
3050	3056	27	2160	0	48	0	0
3060	3058	7	2161	0	48	0	0
3060	3046	2	2162	0	48	0	0
3046	3052	42	2163	0	48	0	0
3052	3051	25	2164	0	48	0	0
3052	3048	52	2165	0	48	0	0
3052	3047	47	2166	0	48	0	0
3052	3045	64	2167	0	48	0	0
3051	3047	61	2168	0	48	0	0
3051	3048	66	2169	0	48	0	0
3051	3053	87	2170	0	48	0	0
3053	3054	52	2171	0	48	0	0
3053	3048	24	2172	0	48	0	0
3056	3061	30	2173	0	48	0	0
3056	3055	5	2174	0	48	0	0
3061	3053	23	2175	0	48	0	0
3049	3061	21	2176	0	48	0	0
3061	3054	30	2177	0	48	0	0
3062	3063	41	2178	0	48	0	0
3062	3064	69	2179	0	48	0	0
3063	3035	24	2180	0	48	0	0
3064	3063	47	2181	0	48	0	0
3063	3067	45	2182	0	48	0	0
3067	3035	50	2183	0	48	0	0
3067	3034	74	2184	0	48	0	0
3064	3066	59	2185	0	48	0	0
3066	3065	30	2186	0	48	0	0
3065	3035	63	2187	0	48	0	0
3065	3034	63	2188	0	48	0	0
3068	3069	3	2190	0	48	0	0
3069	897	1	2191	0	48	0	1
3071	3070	4	2192	0	48	0	0
3080	3081	16	2193	0	48	0	0
3074	3072	7	2194	0	48	0	0
3072	3073	29	2195	0	48	0	0
3073	3079	10	2196	0	48	0	0
3079	3080	7	2197	0	48	0	0
3075	3076	23	2198	0	48	0	0
3076	3082	30	2199	0	48	0	0
3082	3083	26	2200	0	48	0	0
3083	3085	31	2201	0	48	0	0
3085	3084	17	2202	0	48	0	0
3078	3084	31	2203	0	48	0	0
3081	3078	18	2204	0	48	0	0
3071	3084	20	2205	0	48	0	0
3071	3075	13	2206	0	48	0	0
3071	3074	30	2207	0	48	0	0
3071	3078	32	2208	0	48	0	0
3071	3085	26	2209	0	48	0	0
3070	58	1	2210	0	48	0	1
3077	3078	42	2211	0	48	0	0
3057	910	1	2212	0	48	0	1
3086	3087	1	2213	0	12	0	0
3088	3089	1	2214	0	12	0	0
3090	3091	1	2215	0	12	0	0
3092	3093	50	2216	0	48	0	0
3093	3094	29	2217	0	48	0	0
3092	3097	26	2219	0	48	0	0
3097	3098	8	2220	0	48	0	0
3097	3099	21	2221	0	48	0	0
3100	1484	1	2222	0	48	0	1
3099	3100	6	2223	0	48	0	0
3094	3101	45	2224	0	48	0	0
3101	3102	53	2225	0	48	0	0
3102	3103	14	2226	0	48	0	0
3102	3104	9	2227	0	48	0	0
3104	3107	31	2229	0	48	0	0
3094	3102	29	2230	0	48	0	0
3114	3115	1	2233	0	48	0	0
3116	3117	11	2234	0	48	0	0
3117	3118	27	2235	0	48	0	0
3118	3119	10	2236	0	48	0	0
3118	3120	32	2237	0	48	0	0
3119	3121	56	2238	0	48	0	0
3121	3122	10	2239	0	48	0	0
3122	3123	15	2240	0	48	0	0
3116	3124	24	2241	0	48	0	0
3124	3125	6	2242	0	48	0	0
3124	3123	22	2243	0	48	0	0
3122	3129	11	2244	0	48	0	0
3098	3103	78	2245	0	48	0	0
3130	3131	8	2246	0	48	0	0
3131	3070	1	2248	0	48	0	1
3092	3094	47	2249	0	48	0	0
3132	3133	35	2250	0	48	0	0
3133	3134	16	2251	0	48	0	0
3132	3135	92	2252	0	48	0	0
3123	3125	19	2253	0	48	0	0
3137	3136	1	2254	0	48	0	0
3138	3139	1	2255	0	48	0	0
3085	3078	47	2256	0	48	0	0
3143	3142	1	2258	0	48	0	0
3140	3141	1	2259	0	48	0	0
3146	3147	11	2261	0	36	0	0
3144	3145	11	2262	0	36	0	0
3148	3149	1	2263	0	48	0	0
3150	3151	1	2264	0	48	0	0
3152	3153	1	2265	0	48	0	0
3154	3155	1	2266	0	48	0	0
3156	3157	1	2267	0	48	0	0
3131	19	1	2268	0	48	0	1
3159	3160	49	2269	0	10	0	0
3161	3162	4	2270	0	48	0	0
3163	3164	4	2271	0	48	0	0
3165	3166	19	2272	0	48	0	0
3167	3168	1	2273	0	28	0	0
3169	3170	11	2274	0	48	0	0
3171	3172	50	2275	0	60	0	0
3179	3180	1	2281	0	48	0	0
3181	3182	1	2282	0	28	0	0
3183	3184	18	2283	0	48	0	0
3185	3186	62	2284	0	60	0	0
3187	3188	3	2285	0	48	0	0
3189	3190	6	2286	0	6	0	0
3191	3192	23	2287	0	48	0	0
3193	3194	2	2288	0	48	0	0
3195	3196	1	2289	0	18	0	0
3197	3198	1	2290	0	15	0	0
3199	3200	1	2291	0	15	0	0
3170	3201	1	2292	0	6	0	0
3201	3202	1	2293	0	48	0	0
3202	3203	1	2294	0	3	0	0
3204	3205	2	2295	0	48	0	0
3207	3206	1	2296	0	48	0	0
3208	3209	5	2297	0	48	0	0
3210	3211	1	2299	0	48	0	0
3212	3213	1	2300	0	48	0	0
3214	3215	3	2301	0	48	0	0
3216	3217	4	2302	0	48	0	0
3218	3219	4	2303	0	48	0	0
3224	3225	35	2305	0	48	0	0
3225	3171	20	2306	0	48	0	0
3172	3226	21	2307	0	48	0	0
3226	3171	67	2308	0	48	0	0
3171	3232	26	2309	0	48	0	0
3171	3229	49	2311	0	48	0	0
3229	3230	28	2312	0	48	0	0
3227	3229	67	2313	0	48	0	0
3229	3226	22	2314	0	48	0	0
3232	3227	5	2315	0	48	0	0
3232	3228	25	2316	0	48	0	0
3229	3231	2	2317	0	48	0	0
3228	3229	90	2318	0	48	0	0
3237	3238	53	2320	0	120	0	0
3239	3240	1	2321	0	40	0	0
3241	3244	1	2322	0	60	0	0
3242	3248	12	2323	0	60	0	0
3244	3245	9	2324	0	120	0	0
3245	3242	1	2325	0	120	0	0
3247	3243	12	2326	0	120	0	0
3248	3247	10	2327	0	120	0	0
3249	3250	1	2328	0	60	0	0
3250	3251	9	2329	0	120	0	0
3251	3252	1	2330	0	120	0	0
3252	3253	1	2331	0	60	0	0
3253	3254	10	2332	0	120	0	0
3254	3255	1	2333	0	120	0	0
3256	3257	1	2334	0	60	0	0
3258	3259	1	2335	0	60	0	0
3260	3261	1	2336	0	48	0	0
3260	3270	29	2337	0	48	0	0
3191	3269	74	2338	0	48	0	0
3263	3264	24	2339	0	48	0	0
3264	3265	44	2340	0	48	0	0
3265	3267	68	2344	0	48	0	0
3266	3267	62	2345	0	48	0	0
3191	3268	78	2346	0	48	0	0
3268	3267	37	2347	0	48	0	0
3268	3266	35	2349	0	48	0	0
3269	3263	71	2350	0	48	0	0
3269	3264	73	2351	0	48	0	0
3270	3262	29	2352	0	48	0	0
3270	3191	20	2353	0	48	0	0
3271	3272	1	2354	0	60	0	0
3273	3274	1	2355	0	60	0	0
3275	3276	1	2356	0	48	0	0
3277	3278	1	2357	0	40	0	0
3279	3280	1	2358	0	40	0	0
3281	2718	1	2359	0	48	0	1
3281	2719	1	2360	0	48	0	1
3224	3281	1	2361	0	48	0	0
3282	3283	1	2362	0	48	0	0
3284	3285	1	2363	1	80	0	0
3286	3287	1	2364	1	80	0	0
3288	3289	1	2365	1	80	0	0
3290	3291	1	2366	0	48	0	0
3292	3293	1	2367	0	48	0	0
3294	3295	1	2368	0	48	0	0
3261	1224	1	2369	0	48	0	1
3296	3297	10	2370	0	48	0	0
3298	3299	2	2371	0	8	0	0
3300	3301	3	2372	0	8	0	0
3302	3303	62	2373	0	60	0	0
3230	3302	45	2374	0	60	0	0
3302	3304	53	2375	0	48	0	0
3303	3304	83	2376	0	48	0	0
3305	3306	20	2377	0	60	0	0
3307	3308	33	2378	0	60	0	0
3310	3311	54	2380	0	60	0	0
3307	3317	16	2381	0	60	0	0
3317	3319	23	2382	0	60	0	0
3307	3312	48	2383	0	60	0	0
3308	3317	17	2384	0	60	0	0
3317	3311	26	2385	0	60	0	0
3319	3309	1	2386	0	60	0	0
3309	3310	17	2387	0	60	0	0
3311	3312	36	2390	0	60	0	0
3311	3313	48	2391	0	60	0	0
3312	3313	14	2392	0	60	0	0
3319	3311	48	2393	0	60	0	0
3330	3331	1	2395	0	48	0	0
3332	3333	1	2396	0	48	0	0
3334	3335	7	2397	0	32	0	0
3335	3336	2	2398	0	20	0	0
3337	3338	60	2399	0	32	0	0
3339	3340	1	2400	0	10	0	0
3341	3342	1	2401	0	14	0	0
3343	3344	1	2402	0	60	0	0
3338	3345	16	2403	0	32	0	0
3345	3346	2	2404	0	20	0	0
3379	3380	3	2421	0	20	0	0
3381	3382	1	2422	0	20	0	0
3383	3384	1	2423	0	20	0	0
3385	3386	1	2424	0	20	0	0
3387	3388	1	2425	0	20	0	0
3389	3390	1	2426	0	20	0	0
3391	3392	1	2427	0	20	0	0
3393	3394	1	2428	0	20	0	0
3395	3396	1	2429	0	20	0	0
3397	3398	1	2430	0	20	0	0
3399	3400	1	2431	0	15	0	0
3401	3402	1	2432	0	15	0	0
3403	3404	1	2433	0	15	0	0
3405	3406	1	2434	0	15	0	0
3407	3408	1	2435	0	15	0	0
3409	3410	1	2436	0	15	0	0
3411	3412	1	2437	0	15	0	0
3413	3414	1	2438	0	15	0	0
3415	3416	1	2439	0	15	0	0
3417	3418	1	2440	0	15	0	0
3419	3420	1	2441	0	15	0	0
3421	3422	1	2442	0	15	0	0
3423	3424	1	2443	0	15	0	0
3425	3426	1	2444	0	15	0	0
3427	3428	1	2445	0	15	0	0
3429	3430	3	2446	0	32	0	0
3430	3431	2	2447	0	48	0	0
3432	3433	1	2448	0	48	0	0
3434	3435	1	2449	0	20	0	0
3436	3437	9	2450	0	48	0	0
3437	3438	27	2451	0	48	0	0
3438	3439	68	2452	0	48	0	0
3439	3441	74	2453	0	48	0	0
3436	3441	50	2454	0	48	0	0
3441	3442	28	2455	0	48	0	0
3442	3443	51	2456	0	48	0	0
3442	3444	22	2457	0	48	0	0
3444	3445	33	2458	0	48	0	0
3446	3447	1	2459	0	48	0	0
3447	92	1	2461	0	48	0	1
3448	3453	42	2462	0	48	0	0
3453	3455	14	2463	0	48	0	0
3453	3456	13	2464	0	48	0	0
3453	3454	29	2465	0	48	0	0
3454	3457	2	2466	0	48	0	0
3454	3458	4	2467	0	48	0	0
3455	3451	1	2468	0	48	0	0
3456	3452	59	2469	0	48	0	0
3456	3455	3	2470	0	48	0	0
3457	3449	5	2471	0	48	0	0
3458	3450	29	2472	0	48	0	0
3457	3458	6	2473	0	48	0	0
3459	3460	1	2474	0	48	0	0
3461	3462	1	2475	0	60	0	0
3463	3464	1	2476	0	48	0	0
3466	3465	1	2477	0	48	0	0
3467	3468	1	2478	0	48	0	0
3469	3470	5	2479	0	30	0	0
3470	19	1	2480	0	48	0	1
3469	3471	14	2481	0	30	0	0
3471	3472	47	2483	0	30	0	0
3472	3473	27	2484	0	30	0	0
3473	3474	35	2485	0	30	0	0
3474	3475	5	2486	0	30	0	0
3476	3477	16	2488	0	48	0	0
3478	3483	16	2493	0	17	0	0
3483	3480	1	2494	0	20	0	0
3484	3485	32	2495	0	48	0	0
3486	3487	11	2496	0	48	0	0
3490	3492	73	2500	0	48	0	0
3493	3489	68	2503	0	48	0	0
3492	3330	25	2504	0	48	0	0
3490	3493	1	2505	0	48	0	0
3330	3489	39	2506	0	48	1	0
3489	3495	15	2507	0	48	1	0
3495	3494	34	2508	0	48	1	0
3495	3496	63	2509	0	48	1	0
3494	3496	90	2510	0	48	1	0
3309	3497	9	2511	0	48	0	0
3497	2721	1	2512	0	48	0	1
3487	17	1	2516	0	48	0	1
3477	19	1	2517	0	48	0	1
3499	3474	24	2518	0	48	0	0
3500	3501	1	2519	0	48	0	0
3503	3502	1	2520	0	48	0	0
3504	3505	1	2521	0	48	0	0
3512	3513	1	2525	0	48	0	0
3514	3515	1	2526	0	48	0	0
3516	3517	1	2527	0	48	0	0
3518	3519	1	2528	0	48	0	0
3520	3521	1	2529	0	48	0	0
3522	3523	1	2530	0	48	0	0
3524	3525	2	2531	1	80	0	0
3526	3527	1	2532	1	80	0	0
3528	3529	1	2533	1	80	0	0
3530	3531	1	2534	1	80	0	0
3532	3533	1	2535	1	80	0	0
3534	3535	1	2536	1	80	0	0
3565	3566	1	2549	0	48	0	0
3569	3570	1	2550	0	72	0	0
3571	3572	1	2551	0	40	0	0
3573	3599	25	2552	0	48	0	0
3575	3614	32	2553	0	48	0	0
3578	3577	36	2554	0	47	1	0
3577	3579	9	2555	0	48	1	0
3580	3595	4	2556	0	48	0	0
3580	3583	13	2557	0	48	0	0
3583	3581	6	2558	0	48	0	0
3583	3582	7	2559	0	48	0	0
3585	3584	63	2561	0	48	0	0
3588	3589	1	2562	0	48	0	0
3590	3591	8	2563	0	48	0	0
3593	3594	82	2564	0	48	0	0
3595	3576	7	2566	0	48	0	0
3594	3595	72	2567	0	48	0	0
3592	3598	28	2568	0	60	0	0
3596	994	792	2569	0	48	0	0
3598	3593	127	2570	0	60	0	0
3598	3597	117	2571	0	60	0	0
3599	3600	25	2572	0	48	0	0
3600	3601	25	2573	0	48	0	0
3601	3602	25	2574	0	48	0	0
3602	3603	25	2575	0	48	0	0
3603	3604	25	2576	0	48	0	0
3604	3605	25	2577	0	48	0	0
3605	3606	25	2578	0	48	0	0
3606	3607	25	2579	0	48	0	0
3607	3608	25	2580	0	48	0	0
3608	3609	25	2581	0	48	0	0
3609	3574	25	2582	0	48	0	0
3610	3611	40	2583	0	72	0	0
3613	3612	11	2584	0	48	0	0
3612	3447	1	2585	0	48	0	1
3614	3615	3	2586	0	48	0	0
3615	3616	1	2587	0	48	0	0
3617	3580	14	2589	0	48	0	0
3616	3617	5	2590	0	48	0	0
3618	3627	5000	2591	0	48	0	0
3618	3619	47	2592	0	60	0	0
3619	3620	20	2593	0	60	0	0
3620	3621	31	2594	0	60	0	0
3621	3622	23	2595	0	60	0	0
3622	3630	28	2596	0	60	0	0
3623	3628	5000	2597	0	48	0	0
3623	3624	42	2598	0	60	0	0
3624	3625	24	2599	0	60	0	0
3625	3626	48	2600	0	60	0	0
3626	3629	23	2601	0	60	0	0
3629	3618	27	2602	0	60	0	0
3630	3623	32	2603	0	60	0	0
3629	3633	4	2604	0	60	0	0
3631	3630	14	2605	0	60	0	0
3631	3624	84	2606	0	60	0	0
3631	3620	73	2607	0	60	0	0
3632	3631	10	2608	0	60	0	0
3632	3619	55	2609	0	60	0	0
3633	3632	16	2610	0	60	0	0
3633	3625	63	2611	0	60	1	0
3627	45	1	2612	0	48	0	1
3627	907	1	2613	0	48	0	1
3628	8	1	2614	0	48	0	1
3635	3636	8	2615	0	48	0	0
3637	3638	1	2616	0	48	0	0
3639	3640	1	2617	0	48	0	0
3641	3642	3	2618	0	48	0	0
3643	3644	1	2619	0	48	0	0
3645	3646	2	2620	0	48	0	0
3647	3648	3	2621	0	48	0	0
3649	3650	2	2622	0	48	0	0
3651	3652	10	2623	0	48	0	0
3653	3654	2	2624	0	48	0	0
3655	3656	2	2625	0	48	0	0
3657	3658	2	2626	0	48	0	0
3659	3660	3	2627	0	48	0	0
3661	3662	3	2628	0	48	0	0
3663	3664	5	2629	0	48	0	0
3665	3666	5	2630	0	48	0	0
3667	3668	2	2631	0	48	0	0
3669	3670	3	2632	0	48	0	0
3671	3672	6	2633	0	48	0	0
3673	3674	9	2634	0	48	0	0
