CraftID	Craft	RecipeID	Name	Belong	_Quality	ProfessionLevel	BranchID	ReputationID	nReputationLevel	nPrice
4	烹饪	1	稻香饼	30		10				940
4	烹饪	2	鲜肉包子	30		10				750
4	烹饪	3	肉馅	50		10				380
4	烹饪	5	冬瓜碎肉汤	30		12				670
4	烹饪	7	结缘宴	60		14				1170
4	烹饪	12	杂碎汤	20		14				2340
4	烹饪	13	肉丸	50		16				1780
4	烹饪	14	冬瓜丸子汤	30		18				4630
4	烹饪	15	甘草蘑菇茶	10		18				2320
4	烹饪	16	生肉藕夹	10		18				2320
4	烹饪	17	大刀面	10		18				2320
4	烹饪	18	麻食泡	10		18				2320
4	烹饪	19	馄饨	10		18				2320
4	烹饪	26	清食小点	60		20				3890
4	烹饪	27	卤肠	30		22				7780
4	烹饪	28	油炸肉条	30		24				4970
4	烹饪	29	烧罗汉面筋	30		26				11570
4	烹饪	30	粉蒸肠	30		28				7140
4	烹饪	38	泡儿油糕	20		30				17800
4	烹饪	39	贵人早点	60		30				8900
4	烹饪	45	瘦肉粟米羹	30		32				10120
4	烹饪	46	萝卜瘦肉汤	30		34				22810
4	烹饪	47	蒜泥	50		36				12820
4	烹饪	53	兄弟宴	60		42				17870
4	烹饪	55	大肠筋	20		46				44020
4	烹饪	56	姜丝板筋	20		46				22010
4	烹饪	57	红烧五花肉	20		46				22010
4	烹饪	58	四喜扣肉	20		46				22010
4	烹饪	59	黄瓜腱子肉	30		48				24350
4	烹饪	69	红血肠	30		50				53870
4	烹饪	70	酱爆腰花	30		52				61250
4	烹饪	73	脆瓜里脊丝	30		56				79280
4	烹饪	74	莲藕排骨汤	30		58				44520
4	烹饪	75	酒醉排骨	30		60				98590
4	烹饪	88	贵妃宴	60		70				77200
4	烹饪	91	天补丸	50		70	0		0	0
4	烹饪	94	蒜香炸骨排	20		70	0		0	154410
4	烹饪	95	里脊肉卷饼	20		70	0		0	77200
4	烹饪	96	碎肉骨头汤	30		70				77200
4	烹饪	97	酱	50		52	0		0	30620
4	烹饪	98	开水煮白菜	20		62	0		0	54760
4	烹饪	99	糖醋排骨	30		64	0		0	60560
4	烹饪	100	蒜香蒸排骨	30		64	0		0	60560
4	烹饪	101	鱼香肉丝	30		66	0		0	66710
4	烹饪	102	炸酱面	30		66	0		0	66710
4	烹饪	103	酱白菜	20	0	68	0		0	73700
4	烹饪	104	排骨白菜汤	20		68	0		0	73700
4	烹饪	105	香酥排骨	20		68	0		0	73700
4	烹饪	106	酱烧排骨	20		68	0		0	73700
4	烹饪	107	红烧排骨	20		68	0		0	73700
4	烹饪	126	麻婆豆腐	30	0	70	0	0	0	77200
4	烹饪	127	泡椒凤爪	30		70				77200
4	烹饪	128	麻辣脆骨	30		70				77200
4	烹饪	129	碎肉米线	30		72				114870
4	烹饪	130	豉汁鸡爪	30		72				114870
4	烹饪	131	凉拌猪耳	30		74				125260
4	烹饪	132	盐煎肉	30		74				125260
4	烹饪	133	水浒肉	20		76				137580
4	烹饪	134	凤庆粑粑卷	20		76				137580
4	烹饪	135	酱闷软骨	30		76				137580
4	烹饪	136	秘制炒肉排	30		76				137580
4	烹饪	137	香辣蹄o	30		78				149960
4	烹饪	138	蒜香口条	30		78				149960
4	烹饪	139	水煮肉片	30		78				149960
4	烹饪	140	干锅肉爪	20		80				163440
4	烹饪	141	果仁脆骨	20		80				163440
4	烹饪	142	冬菜扣肉	20		80				163440
4	烹饪	185	辣酱肉片	40	0	80	0	0	0	163440
4	烹饪	186	蘑菇炖香腰	20	0	38	0	0	0	28790
4	烹饪	187	蜜汁粟腰	30	0	42	0	0	0	35740
4	烹饪	188	黄瓜小炒肉	20	0	74	0	0	0	250520
4	烹饪	189	粉芡炒肉	30	0	78	0	0	0	299920
4	烹饪	190	千年冰芯	50	0	80	0	0	0	490330
4	烹饪	191	古井泉	50	0	80	0	0	0	490330
4	烹饪	192	天山雪水	50	0	80	0	0	0	490330
4	烹饪	193	巨兽血	50	0	80	0	0	0	490330
4	烹饪	194	川蜀酱肉	50	0	80	0	0	0	326880
4	烹饪	199	化瘀汤	30	0	80	0	0	0	490330
4	烹饪	200	清心汤	30	0	80	0	0	0	490330
4	烹饪	201	滋补汤	30	0	80	0	0	0	490330
4	烹饪	202	强身汤	30	0	80	0	0	0	490330
4	烹饪	207	行军炒大肉	30		80				408610
4	烹饪	208	行军炒小肉	30		80				408610
4	烹饪	209	行军闷蹄	30		82				435140
4	烹饪	210	行军煮蹄	30		84				464950
4	烹饪	211	行军烧骨	30		86				494760
4	烹饪	212	行军炖骨	30		88				524570
4	烹饪	213	八珍强体汤	20		90				665260
4	烹饪	214	白芷增骨汤	20		90				665260
4	烹饪	215	安荣力劲汤	20		90				665260
4	烹饪	216	逍遥固元汤	20		90				665260
4	烹饪	217	君子知身汤	20		90				665260
4	烹饪	231	碧笼盈蒸肉	50		90				776140
4	烹饪	232	佳・八珍强体汤	20		90				776140
4	烹饪	233	佳・白芷增骨汤	20		90				776140
4	烹饪	234	佳・安荣力劲汤	20		90				776140
4	烹饪	235	佳・逍遥固元汤	20		90				776140
4	烹饪	236	佳・君子知身汤	20		90				776140
4	烹饪	262	玉露团	20		91				776140
4	烹饪	263	汉宫棋	20		92				776140
4	烹饪	264	凤凰胎	20		92				776140
4	烹饪	265	长生粥	20		93				776140
4	烹饪	266	小天酥	20		93				776140
4	烹饪	267	西江料	20		94				776140
4	烹饪	268	红罗丁	20		94				776140
4	烹饪	281	佳・玉露团	20		95				776140
4	烹饪	282	佳・汉宫棋	20		95				776140
4	烹饪	283	佳・凤凰胎	20		95				776140
4	烹饪	284	佳・长生粥	20		95				776140
4	烹饪	285	佳・小天酥	20		95				776140
4	烹饪	286	佳・西江料	20		95				776140
4	烹饪	287	佳・红罗丁	20		95				776140
4	烹饪	314	水晶芙蓉肉	50		95				776140
5	缝纫	1	粗布靴	40		10				380
5	缝纫	2	粗布衫	20		10				380
5	缝纫	3	粗布装	30		10				380
5	缝纫	7	粗布厚装	30		12				670
5	缝纫	8	猪皮衫	20		12				670
5	缝纫	9	小香包	90		14				1170
5	缝纫	10	细布厚头巾	10		14				2920
5	缝纫	13	灯笼	100		16				1780
5	缝纫	18	猪皮护手	60		16				1780
5	缝纫	19	棉布包	70		18				2320
5	缝纫	20	无色头带	10		18				2320
5	缝纫	23	流云腰带	50		20				3020
5	缝纫	25	铜头狼毫皮靴	40		22				3890
5	缝纫	28	方绫丝腰带	50		24				4970
5	缝纫	29	方纹绫头巾	10		26				5790
5	缝纫	33	锡扣布环	60		28				7140
5	缝纫	34	丝绸皮包	70		28				7140
5	缝纫	37	辟邪头冠	10		32				10120
5	缝纫	38	鱼口绫丝带	50		32				10120
5	缝纫	39	皮底草鞋	40		32				10120
5	缝纫	41	虎皮护手	60		34				11400
5	缝纫	42	无色束带	50		34				11400
5	缝纫	45	彘皮丝绸衫	20		36				12820
5	缝纫	46	熊皮护腿	30		36				12820
5	缝纫	47	粗制丝裤	30		38				14400
5	缝纫	58	七宝白绫衫	20		40				16140
5	缝纫	59	彩绸鞋	40		40				16140
5	缝纫	60	白编c衫	20		42				17870
5	缝纫	61	彩锦衫	20		42				17870
5	缝纫	62	彩锦皮带	50		44				19890
5	缝纫	65	千斤护臂	60		46				22010
5	缝纫	66	辟邪细皮靴	40		46				22010
5	缝纫	68	紫绫麻布裤	30		48				24350
5	缝纫	69	虎皮战甲	20		48				24350
5	缝纫	70	白绫乾坤袍	20		48				24350
5	缝纫	88	绫罗厚皮靴	40		50				26930
5	缝纫	89	水波绫香袋	90		50				26930
5	缝纫	94	绫罗狼皮腰带	50		52				30620
5	缝纫	95	绫罗虎皮头巾	10		52				30620
5	缝纫	98	绫罗明王衫	20		54				34930
5	缝纫	99	玄武龟背甲	20		54				34930
5	缝纫	105	金丝狼皮护手	60		56				39640
5	缝纫	106	金丝水波护手	60		56				39640
5	缝纫	107	酒仙装	30		56				39640
5	缝纫	108	任侠装	30		56				39640
5	缝纫	117	绫罗紧身厚装	30		58				44520
5	缝纫	118	水波紧身皮装	30		58				44520
5	缝纫	119	绫罗金丝头带	10		58				44520
5	缝纫	136	流苏绫罗头带	10		60				49290
5	缝纫	137	绫罗天蚕系带	10		60				49290
5	缝纫	138	明王绫罗冠	10		60				49290
5	缝纫	148	天绛金丝带	50		62				54760
5	缝纫	149	天绛轻容袍	20		62				54760
5	缝纫	150	天绛紧皮装	30		62				54760
5	缝纫	151	天绛玄武护手	60		62				54760
5	缝纫	152	天绛金甲靴	40		62				54760
5	缝纫	163	方棋绫缠手	60		64				60560
5	缝纫	167	虎扑靴	40		66				66710
5	缝纫	168	啸狼靴	40		66				66710
5	缝纫	169	轻纱彘皮衫	20		66				66710
5	缝纫	170	金丝方绫装	30		66				66710
5	缝纫	178	青霜寒冰袍	20		68				73710
5	缝纫	179	青霜扑虎护腿	30		68				73710
5	缝纫	182	飞凤如意装	30		68				257990
5	缝纫	185	乌蚕装	30		70				270210
5	缝纫	186	天蚕护腿	30		70				270210
5	缝纫	187	貂皮杀劫装	30		70				270210
5	缝纫	192	逸侠袍	20		70				77200
5	缝纫	193	逸侠护手	60		70				77200
5	缝纫	195	逸侠天蚕装	30		70				77200
5	缝纫	196	百花布	80		70				270210
5	缝纫	234	百编皮革	80	0	70				77200
5	缝纫	237	百编皮装	30	0	70				270210
5	缝纫	238	飞凤如意缠腰	50	0	70				270210
5	缝纫	239	乌蚕皮带	50	0	70				270210
5	缝纫	240	百编皮带	50	0	70				270210
5	缝纫	241	天蚕腰带	50	0	70				270210
5	缝纫	242	貂皮杀劫裹腰	50	0	70				270210
5	缝纫	281	鹅黄绣（护手）	120		52	0			30620
5	缝纫	282	净白绣（护手）	120		52	0			30620
5	缝纫	283	蓝叶绣（护手）	120		52	0			30620
5	缝纫	284	鹅黄染（腰带）	110		52	0			39640
5	缝纫	285	净白染（腰带）	110		52	0			30620
5	缝纫	286	蓝叶染（腰带）	110		52	0			30620
5	缝纫	309	煤黑绣（头部）	120		56	0			39640
5	缝纫	312	墨灰绣（鞋子）	120		56	0			39640
5	缝纫	313	妃红染（下装）	110		56	0			39640
5	缝纫	316	墨灰染（鞋子）	110		58	0			39640
5	缝纫	342	杏黄绣（鞋子）	120		62	0			54760
5	缝纫	345	杏黄染（鞋子）	110		62	0			54760
5	缝纫	353	杏黄绣（护手）	120		64	0			60560
5	缝纫	354	莹白绣（护手）	120		64	0			60560
5	缝纫	358	杏黄染（腰带）	110		64	0			60560
5	缝纫	359	莹白染（腰带）	110		64	0			60560
5	缝纫	442	山水绣染（护手）	100	0	30				8900
5	缝纫	443	湛蓝绣染（护手）	100	0	30				8900
5	缝纫	444	翠青绣染（下装）	100	0	30				8900
5	缝纫	445	山水绣染（头部）	100	0	30				8900
5	缝纫	446	铁血绣染（护手）	100	0	50				26930
5	缝纫	447	紫碧绣染（下装）	100	0	50				26930
5	缝纫	448	铁血绣染（头部）	100	0	50				26930
5	缝纫	470	晏清衣	20		70				77200
5	缝纫	471	剑笏衣	20		70				77200
5	缝纫	472	赤锦裳	20		70				77200
5	缝纫	473	静虑衣	20		70				77200
5	缝纫	474	靖微衣	20		70				77200
5	缝纫	475	凝元衣	20		70				77200
5	缝纫	476	凝元装	30		70				77200
5	缝纫	477	靖微装	30		70				77200
5	缝纫	478	静虑装	30		70				77200
5	缝纫	479	栈雪装	30		70				77200
5	缝纫	480	赤锦袖	60		70				77200
5	缝纫	481	栈雪缠腰	50		70				77200
5	缝纫	482	见性腰带	50		70				77200
5	缝纫	483	靖微腰带	50		70				77200
5	缝纫	485	见性帽	10		70				77200
5	缝纫	486	静虑履	40		70				77200
5	缝纫	487	栈雪帽	10		70				77200
5	缝纫	488	赤锦钗	10		70				77200
5	缝纫	489	剑笏护手	60		70				77200
5	缝纫	490	晏清护手	60		70				77200
5	缝纫	491	剑笏帽	10		70				77200
5	缝纫	492	见性装	20		70				77200
5	缝纫	493	晏清装	30		70				77200
5	缝纫	494	天工锦缎皮包	70		70			0	234610
5	缝纫	507	平湖衣	20		70				77200
5	缝纫	508	平湖护手	60		70				77200
5	缝纫	509	平湖腰带	50		70				77200
5	缝纫	519	挂件包・背部	70	0	70	0	0	0	77200
5	缝纫	520	挂件包・腰部	70	0	70	0	0	0	77200
5	缝纫	521	杏黄绣（头部）	120		70	0		0	77200
5	缝纫	522	莹白绣（头部）	120		70	0	0		77200
5	缝纫	523	莹白染（下装）	110		70	0	0		77200
5	缝纫	526	岩蓝染（下装）	110		70	0	0		77200
5	缝纫	527	岩蓝绣（头部）	120		70	0	0		77200
5	缝纫	528	杏黄染（下装）	110		70	0			77200
5	缝纫	529	粗制布卷	80	0	10	0	0	0	380
5	缝纫	530	丝制布卷	80	0	20	0	0	0	3020
5	缝纫	531	绸缎布卷	80	0	30	0	0	0	8900
5	缝纫	532	彩色布卷	80	0	40	0	0	0	16140
5	缝纫	533	绫罗布卷	80	0	50	0	0	0	26930
5	缝纫	534	纱制布卷	80	0	60	0	0	0	49290
5	缝纫	544	天工染布	80		76				137580
5	缝纫	545	幻彩珠	80		70				77200
5	缝纫	546	断玉	80		70				77200
5	缝纫	546	断玉	80		80				572050
5	缝纫	551	浮坤下装	30		72				114870
5	缝纫	552	浮坤上衣	20		74				572050
5	缝纫	553	浮坤腰带	50		76				137580
5	缝纫	554	浮坤头饰	10		78				149960
5	缝纫	555	浮坤护腕	60		80				163440
5	缝纫	556	逆云下装	30		72				114870
5	缝纫	557	逆云上衣	20		74				125260
5	缝纫	558				80				572050
5	缝纫	559	逆云头饰	10		78				149960
5	缝纫	560	逆云护腕	60		80				163440
5	缝纫	561	和霜下装	30		72				114870
5	缝纫	562	和霜上衣	20		74				125260
5	缝纫	563	和霜腰带	50		76				137580
5	缝纫	564	和霜头饰	10		78				149960
5	缝纫	565	和霜护腕	60		80				163440
5	缝纫	566	玉池下装	30		72				114870
5	缝纫	567	玉池上衣	20		74				125260
5	缝纫	568	玉池腰带	50		76				137580
5	缝纫	569	玉池头饰	10		78				149960
5	缝纫	569	玉池头饰	10		80				572050
5	缝纫	570	玉池护腕	60		80				163440
5	缝纫	570	玉池护腕	60		80				572050
5	缝纫	571	聚海下装	30		72				114870
5	缝纫	572	聚海上衣	20		74				125260
5	缝纫	573	聚海腰带	50		76				137580
5	缝纫	574	聚海头饰	10		78				149960
5	缝纫	575	聚海护腕	60		80				163440
5	缝纫	576	绘泉下装	30		72				114870
5	缝纫	577	绘泉上衣	20		74				125260
5	缝纫	578	绘泉腰带	50		76				137580
5	缝纫	579	绘泉头饰	10		78				149960
5	缝纫	580	绘泉护腕	60		80				163440
5	缝纫	581	愈枯下装	30		72				114870
5	缝纫	582	愈枯上衣	20		74				125260
5	缝纫	583	愈枯腰带	50		76				137580
5	缝纫	584	愈枯头饰	10		78				149960
5	缝纫	585	愈枯护腕	60		80				163440
5	缝纫	586	万虹下装	30		72				114870
5	缝纫	587	万虹上衣	20		74				125260
5	缝纫	588	万虹腰带	50		76				137580
5	缝纫	589	万虹头饰	10		78				149960
5	缝纫	590	万虹护腕	60		80				163440
5	缝纫	591	立乾布靴	40		80				163440
5	缝纫	594	破天布靴	40		80				163440
5	缝纫	597	愈坎布靴	40		80				163440
5	缝纫	600	芷水布靴	40		80				163440
5	缝纫	603	飓元布靴	40		80				163440
5	缝纫	606	残风布靴	40		80				163440
5	缝纫	609	恩泽布靴	40		80				163440
5	缝纫	612	浊兑布靴	40		80				163440
5	缝纫	614	壁	80		80				163440
5	缝纫	616	霸蜀・立乾头饰	10		80				163440
5	缝纫	619	镇蜀・破天头饰	10		80				163440
5	缝纫	622	净蜀・愈坎头饰	10		80				163440
5	缝纫	625	镇蜀・芷水头饰	10		80				163440
5	缝纫	628	净蜀・飓元头饰	10		80				163440
5	缝纫	631	镇蜀・残风头饰	10		80				163440
5	缝纫	634	净蜀・恩泽头饰	10		80				163440
5	缝纫	637	镇蜀・浊兑头饰	10		80				163440
5	缝纫	639	岐黄绣（上装）	120		70				77200
5	缝纫	640	岐黄绣（护手）	120		72				114870
5	缝纫	641	流纹绣（上装）	120		74				125260
5	缝纫	642	流纹绣（护手）	120		74				125260
5	缝纫	643	角砾绣（上装）	120		78				149960
5	缝纫	644	角砾绣（护手）	120		78				149960
5	缝纫	645	益元绣（上装）	120		75				131770
5	缝纫	646	益元绣（护手）	120		76				137580
5	缝纫	647	云锡绣（上装）	120		80				163440
5	缝纫	648	云锡绣（护手）	120		80				163440
5	缝纫	649	岐黄染（下装）	110		72				114870
5	缝纫	650	岐黄染（腰带）	110		72				77200
5	缝纫	651	流纹染（下装）	110		74				125260
5	缝纫	652	流纹染（腰带）	110		74				125260
5	缝纫	653	角砾染（下装）	110		78				149960
5	缝纫	654	角砾染（腰带）	110		78				149960
5	缝纫	655	益元染（下装）	110		78				131770
5	缝纫	656	益元染（腰带）	110		75				137580
5	缝纫	657	云锡染（下装）	110		80				163440
5	缝纫	658	云锡染（腰带）	110		80				163440
5	缝纫	691	逆云腰带	50	0	76	0	0	0	137580
5	缝纫	692	蜀染布卷	80	0	70	0	0	0	77200
5	缝纫	696	扎染手腕	60	0	70	0	0	0	193010
5	缝纫	697	扎染布鞋	40	0	73	0	0	0	299900
5	缝纫	698	蜡染下装	30	0	75	0	0	0	329430
5	缝纫	699	蜡染腰带	50	0	78	0	0	0	374900
5	缝纫	700	霸蜀染（下装）	110	0	80	0	0	0	490330
5	缝纫	701	霸蜀染（腰带）	110	0	80	0	0	0	490330
5	缝纫	702	霸蜀绣（上装）	120	0	80	0	0	0	490330
5	缝纫	703	霸蜀绣（护手）	120	0	80	0	0	0	490330
5	缝纫	704	貂皮	80	0	80	0	0	0	490330
5	缝纫	705	珍珠缀放	80	0	80	0	0	0	490330
5	缝纫	706	天蛛丝	80	0	80	0	0	0	490330
5	缝纫	707	巨兽毛皮	80	0	80	0	0	0	490330
5	缝纫	714	明朗・绣（气血）	120	0	80	0	0	0	572050
5	缝纫	715	明朗・绣（内力）	120	0	80	0	0	0	572050
5	缝纫	716	明朗・绣（气回）	120	0	80	0	0	0	572050
5	缝纫	717	明朗・绣（内回）	120	0	80	0	0	0	572050
5	缝纫	719	明朗・纹（气血）	120	0	80	0	0	0	572050
5	缝纫	720	明朗・纹（内力）	120	0	80	0	0	0	572050
5	缝纫	721	明朗・纹（气回）	120	0	80	0	0	0	572050
5	缝纫	722	明朗・纹（内回）	120	0	80	0	0	0	572050
5	缝纫	734	源夏素腕	60	0	80	0	0	0	572050
5	缝纫	735	源冬素腕	60	0	80	0	0	0	572050
5	缝纫	736	舞春绣腕	60	0	80	0	0	0	572050
5	缝纫	737	舞夏绣腕	60	0	80	0	0	0	572050
5	缝纫	738	诵春墨腕	60	0	80	0	0	0	572050
5	缝纫	739	诵夏墨腕	60	0	80	0	0	0	572050
5	缝纫	740	幻夏缎腕	60	0	80	0	0	0	572050
5	缝纫	741	幻春缎腕	60	0	80	0	0	0	572050
5	缝纫	750	行军・绣（随机）	120		80				408610
5	缝纫	751	行军・印（随机）	120		83				450050
5	缝纫	752	行军・染（随机）	120		86				494760
5	缝纫	753	行军・纹（随机）	120		89				539480
5	缝纫	754	安戎・绣（体质）	110		90				665260
5	缝纫	766	安戎・印（力道）	110		90				665260
5	缝纫	767	安戎・印（元气）	110		90				665260
5	缝纫	773	安戎・染（力道）	110		90				665260
5	缝纫	774	安戎・染（元气）	110		90				665260
5	缝纫	780	安戎・纹（体质）	110		90				665260
5	缝纫	792	盘牙手	60		90				665260
5	缝纫	792	盘牙手	60		90				665260
5	缝纫	792	盘牙手	60		90				665260
5	缝纫	792	盘牙手	60		90				665260
5	缝纫	805	碧床落花绒	80		90				776140
5	缝纫	807	雅・安戎・绣（体质）	110		90				776140
5	缝纫	819	雅・安戎・印（力道）	110		90				776140
5	缝纫	820	雅・安戎・印（元气）	110		90				776140
5	缝纫	826	雅・安戎・染（力道）	110		90				776140
5	缝纫	827	雅・安戎・染（元气）	110		90				776140
5	缝纫	833	雅・安戎・纹（体质）	110		90				776140
5	缝纫	845	固本・护手	60		90				776140
5	缝纫	846	落元・护手	60		90				776140
5	缝纫	847	破土・护手	60		90				776140
5	缝纫	848	巧柳・护手	60		90				776140
5	缝纫	849	润露・护手	60		90				776140
5	缝纫	850	铁战・护手	60		90				776140
5	缝纫	863	定本・护手	60		90				776140
5	缝纫	864	离元・护手	60		90				776140
5	缝纫	865	泗土・护手	60		90				776140
5	缝纫	866	妩柳・护手	60		90				776140
5	缝纫	867	稚露・护手	60		90				776140
5	缝纫	868	狂战・护手	60		90				776140
5	缝纫	881	盘牙手	60		90				665260
5	缝纫	884	朔雪护手	60		90				776140
5	缝纫	885	瑶光护手	60		90				776140
5	缝纫	886	玄魁护手	60		90				776140
5	缝纫	887	赤襄护手	60		90				776140
5	缝纫	888	素音护手	60		90				776140
5	缝纫	889	瑞麟护手	60		90				776140
5	缝纫	902	璧・铉	80		90				572050
5	缝纫	884	玄霜・护手	60		90				776140
5	缝纫	885	尚元・护手	60		90				776140
5	缝纫	886	崩山・护手	60		90				776140
5	缝纫	887	流光・护手	60		90				776140
5	缝纫	888	含弘・护手	60		90				776140
5	缝纫	889	固城・护手	60		90				776140
5	缝纫	902	璧・戮	80		90				572050
5	缝纫	922	挂件包・面部	70	0	70	0	0	0	77200
5	缝纫	923	尊雕髓・护手	60		90				936000
5	缝纫	924	知脉池・护手	60		90				936000
5	缝纫	925	烛骨月・护手	60		90				936000
5	缝纫	926	疾风愁・护手	60		90				936000
5	缝纫	927	夜灵心・护手	60		90				936000
5	缝纫	928	月流肌・护手	60		90				936000
5	缝纫	941	璧・苍	80		90				936000
5	缝纫	958	苍・盘牙手（根骨）	60		90				936000
5	缝纫	959	苍・盘牙手（元气）	60		90				936000
5	缝纫	960	苍・盘牙手（力道）	60		90				936000
5	缝纫	961	苍・盘牙手（身法）	60		90				936000
5	缝纫	962	苍・盘牙腰带（根骨）	50		90				936000
5	缝纫	963	苍・盘牙腰带（元气）	50		90				936000
5	缝纫	964	苍・盘牙腰带（力道）	50		90				936000
5	缝纫	965	苍・盘牙腰带（身法）	50		90				936000
5	缝纫	966	苍・盘牙上装（根骨）	20		90				936000
5	缝纫	967	苍・盘牙上装（元气）	20		90				936000
5	缝纫	968	苍・盘牙上装（力道）	20		90				936000
5	缝纫	969	苍・盘牙上装（身法）	20		90				936000
5	缝纫	970	苍・盘牙手（治疗）	60		90				936000
5	缝纫	971	苍・盘牙腰带（治疗）	50		90				936000
5	缝纫	972	苍・盘牙上装（治疗）	20		90				936000
5	缝纫	973	衣饰包・披风	70	0	70	0	0	0	77200
5	缝纫	974	衣饰包・披肩	70	0	70	0	0	0	77200
5	缝纫	975	露饮莲・护手	60		90				936000
5	缝纫	976	采盈欢・护手	60		90				936000
5	缝纫	977	阔月澜・护手	60		90				936000
5	缝纫	978	醉梁生・护手	60		90				936000
5	缝纫	979	牵萝绮・护手	60		90				936000
5	缝纫	980	转烛山・护手	60		90				936000
5	缝纫	993	璧・侠	80		90				936000
5	缝纫	994	剑胆・绣（体质）	110		91				776140
5	缝纫	995	剑胆・绣（气血）	110		91				776140
5	缝纫	996	剑胆・绣（内力）	110		91				776140
5	缝纫	998	剑胆・绣（内回）	110		92				776140
5	缝纫	1006	剑胆・印（力道）	110		92				776140
5	缝纫	1007	剑胆・印（元气）	110		92				776140
5	缝纫	1011	剑胆・染（力道）	110		93				776140
5	缝纫	1012	剑胆・染（元气）	110		93				776140
5	缝纫	1016	剑胆・纹（体质）	110		93				776140
5	缝纫	1017	剑胆・纹（气血）	110		94				776140
5	缝纫	1018	剑胆・纹（内力）	110		94				776140
5	缝纫	1020	剑胆・纹（内回）	110		94				776140
5	缝纫	1028	佳・剑胆・绣（体质）	110		95				776140
5	缝纫	1029	佳・剑胆・绣（气血）	110		95				776140
5	缝纫	1030	佳・剑胆・绣（内力）	110		95				776140
5	缝纫	1032	佳・剑胆・绣（内回）	110		95				776140
5	缝纫	1040	佳・剑胆・印（力道）	110		95				776140
5	缝纫	1041	佳・剑胆・印（元气）	110		95				776140
5	缝纫	1045	佳・剑胆・染（力道）	110		95				776140
5	缝纫	1046	佳・剑胆・染（元气）	110		95				776140
5	缝纫	1050	佳・剑胆・纹（体质）	110		95				776140
5	缝纫	1051	佳・剑胆・纹（气血）	110		95				776140
5	缝纫	1052	佳・剑胆・纹（内力）	110		95				776140
5	缝纫	1054	佳・剑胆・纹（内回）	110		95				776140
5	缝纫	1066	璧・渊	120		95				776140
5	缝纫	1079	咸阳护臂	60		95				776140
5	缝纫	1080	黄埃护臂	60		95				776140
5	缝纫	1081	绪风护臂	60		95				776140
5	缝纫	1082	云笛护臂	60		95				776140
5	缝纫	1083	云秋护臂	60		95				776140
5	缝纫	1084	繁霜降护臂	60		95				776140
5	缝纫	1103	壁・霸	120		95				776140
5	缝纫	1104	天蚕玉带绒	120		95				776140
6	铸造	1	铜锭	120		10				380
6	铸造	3	红铜腰带	80		10				380
6	铸造	5	铜偶	130		12				670
6	铸造	9	柳木枪	40		12				670
6	铸造	12	红铜双剑	50		14				1170
6	铸造	13	磨石	110		14				1170
6	铸造	13	磨石	110		14				1170
6	铸造	15	烟斗	100		16				1780
6	铸造	19	红铜轻甲	70		16				1780
6	铸造	20	铜头柳木棍	20		16				1780
6	铸造	21	狼毫笔	10		16				1780
6	铸造	22	红铜护腰	80		18				2320
6	铸造	23	锡锭	120		20				3020
6	铸造	24	青铜锭	120		20				3020
6	铸造	26	青铜护手	90		20				3020
6	铸造	29	铜头柳木枪	40		22				3890
6	铸造	31	海上磨石	110		24				4970
6	铸造	35	青铜头柳木棍	20		22				4970
6	铸造	40	无色发钗	60		26				5790
6	铸造	41	裹皮青铜护腰	80		28				7140
6	铸造	46	蛇皮铜丝甲	70		30				8900
6	铸造	50	桐木棍	20		32				10120
6	铸造	51	紫背环子甲	70		32				10120
6	铸造	52	紫背环子刀	40		32				10120
6	铸造	53	粗砂磨石	110		34				11400
6	铸造	55	桐木笔	10		34				11400
6	铸造	56	铜杆枪	40		34				11400
6	铸造	58	兽纹护手	90		36				12820
6	铸造	59	紫背冲天冠	60		36				12820
6	铸造	60	侠少剑	30		38				14400
6	铸造	61	柳叶双剑	50		38				14400
6	铸造	64	锌锭	120		40				16140
6	铸造	68	熟铜棍	20		40				16140
6	铸造	71	铜镜	130		42				17870
6	铸造	72	黄铜护心甲	70		42				17870
6	铸造	73	黄铜三尖枪	40		42				17870
6	铸造	76	飞凤双剑	50		44				19890
6	铸造	79	黄铜点穴笔	10		46				22010
6	铸造	80	斩马剑	30		46				22010
6	铸造	82	虎纹黄铜护手	90		48				24350
6	铸造	88	生铁锭	120		50				26930
6	铸造	89	熟铁锭	120		50				26930
6	铸造	91	铁木棍	20		50				26930
6	铸造	92	檀木长刀	40		50				26930
6	铸造	96	铁偶	130		56				30620
6	铸造	99	粗磨石	110		52	0			30620
6	铸造	101	铁纹甲片	110		52	0			30620
6	铸造	103	铁制鞍具	140		52	0			30620
6	铸造	104	银纹甲	70		52				30620
6	铸造	105	铁纹长剑	30		52				30620
6	铸造	111	判官笔	10		54				34930
6	铸造	112	铁纹腰带	80		54				34930
6	铸造	117	铁纹兽皮笼套	140		56	0			39640
6	铸造	118	铁纹护手	90		56				39640
6	铸造	119	铁纹双剑	50		56				39640
6	铸造	120	玄武腰刀	100		58				44520
6	铸造	122	兽纹护心甲	70		58				44520
6	铸造	127	精铁锭	120		60				49290
6	铸造	128	银锭	120		60				49290
6	铸造	129	密银锭	120		60				49290
6	铸造	130	御磨石	110		60	0			49290
6	铸造	131	百炼银甲	110		60	0			49290
6	铸造	132	铁纹蹄铁	140		60	0			49290
6	铸造	135	密银冠	60		60				49290
6	铸造	136	龙泉短剑	30		52				49290
6	铸造	143	耀龙银护腰	80		62				54760
6	铸造	144	护龙精铁裹腰	80		62				54760
6	铸造	150	伤狼剑	30		64				60560
6	铸造	151	凤鸣笔	10		64				60560
6	铸造	152	伤狼双剑	50		64				60560
6	铸造	153	凤鸣枪	40		64				60560
6	铸造	154	明王棍	20		64				60560
6	铸造	159	明光裹腰	80		66				66710
6	铸造	160	明光铠甲	70		66				66710
6	铸造	168	天罡头冠	60		68				73710
6	铸造	170	天罡护手	90		68				73710
6	铸造	171	天罡裹腰	80		68				73710
6	铸造	172	龙台磨石	110		70				77200
6	铸造	180	道非道	30		70	0			270210
6	铸造	181	食日	10		70	0			270210
6	铸造	182	菩提	20		70	0			270210
6	铸造	183	奔雷	40		70	0			270210
6	铸造	184	凤鸣	50		70	0			270210
6	铸造	187	玄黄金甲	70		70	0			270210
6	铸造	188	玄黄乾坤冠	60		70	0			270210
6	铸造	189	玄黄兽头裹腰	80		70	0			270210
6	铸造	190	玄黄貂皮护手	90		70	0			270210
6	铸造	232	大戒律杖	20	0	58				44520
6	铸造	233	飞羽枪	40		60				49290
6	铸造	237	银龙磨石	110		66	0			66710
6	铸造	238	银龙甲片	110		66	0			66710
6	铸造	239	精巧铁印	130		68				73710
6	铸造	240	玄铁磨石	110		70	0			77200
6	铸造	241	玄铁甲片	110		70	0			77200
6	铸造	242	名非名	30		70	0			270210
6	铸造	252	紫碧甲片（腰带）	110	0	30				8900
6	铸造	253	湛蓝甲片（腰带）	110	0	50				26930
6	铸造	253	湛蓝甲片（腰带）	110	0	50				26930
6	铸造	254	铁血甲片（上装）	110	0	30				8900
6	铸造	255	紫碧甲片（头部）	110	0	30				8900
6	铸造	257	湛蓝甲片（上装）	110	0	50				26930
6	铸造	258	铁血甲片（头部）	110	0	50				26930
6	铸造	268	青铜钥匙	110	0	10				380
6	铸造	269	锡制钥匙	110	0	30	0			11400
6	铸造	270	精铁钥匙	110	0	50				26930
6	铸造	274	狼烟枪	40	0	70				77200
6	铸造	275	破功枪	40	0	70				77200
6	铸造	278	破功双剑	50	0	70				77200
6	铸造	279	明h双剑	50	0	70				77200
6	铸造	280	明h剑	30	0	70				77200
6	铸造	281	破功剑	30	0	70				77200
6	铸造	282	破功棍	20	0	70				77200
6	铸造	283	狼烟棍	20	0	70				77200
6	铸造	284	破功笔	10	0	70				77200
6	铸造	285	明h笔	10	0	70				77200
6	铸造	287	策影护腿	150		70				77200
6	铸造	288	影御腰带	80		70				77200
6	铸造	289	影御带	60		70				77200
6	铸造	290	策影带	60		70				77200
6	铸造	291	影御装	150		70				77200
6	铸造	292	策影甲	70		70				77200
6	铸造	305	明h轻剑	30		70				77200
6	铸造	306	破功重剑	30		70				77200
6	铸造	307	锋镝	30		70	0			270210
6	铸造	308	苍云	30		70	0			270210
6	铸造	313	紫背重剑	30		34	0			11400
6	铸造	314	破月重剑	30		54	0			77200
6	铸造	320	益元甲片	110		70	0			231610
6	铸造	321	百鬼磨石	110		70	0			231610
6	铸造	326	赤铁锭	120		70				77200
6	铸造	327	月锡锭	120		75				77200
6	铸造	328	蜀钢锭	120		76				137580
6	铸造	329	碧青石	120		70				77200
6	铸造	330	火纹石	120		70				77200
6	铸造	335	护林腿甲	150		72				114870
6	铸造	336	护林铠甲	70		74				125260
6	铸造	337	护林腰带	80		76				137580
6	铸造	338	护林头盔	60		78				149960
6	铸造	339	护林护手	90		80				163440
6	铸造	340	悟破护腿	150		72				114870
6	铸造	341	悟破铠甲	70		74				125260
6	铸造	342	悟破腰带	80		76				137580
6	铸造	343	悟破头盔	60		78				149960
6	铸造	344	悟破护手	90		80				163440
6	铸造	345	悍阳护腿	150		72				114870
6	铸造	346	悍阳铠甲	70		74				125260
6	铸造	347	悍阳腰带	80		76				137580
6	铸造	348	悍阳头盔	60		78				149960
6	铸造	349	悍阳护手	90		80				163440
6	铸造	350	驰军护腿	150		72				114870
6	铸造	351	驰军铠甲	70		74				125260
6	铸造	352	驰军腰带	80		76				137580
6	铸造	353	驰军头盔	60		78				149960
6	铸造	354	驰军护手	90		80				163440
6	铸造	355	觅山护腿	150		72				114870
6	铸造	356	觅山铠甲	70		74				125260
6	铸造	357	觅山腰带	80		76				137580
6	铸造	358	觅山头盔	60		78				149960
6	铸造	359	觅山护手	90		80				163440
6	铸造	360	齐木	20		75				131770
6	铸造	361	埋柳	20		75				131770
6	铸造	362	御林	40		75				131770
6	铸造	363	烬松	40		75				131770
6	铸造	364	断风	30		75				131770
6	铸造	365	斩雷	30		75				131770
6	铸造	366	破寒	30		75				131770
6	铸造	367	吞海	30		75				131770
6	铸造	368	絮雨	10		75				131770
6	铸造	369	锁雾	10		75				131770
6	铸造	370	凝雪	50		75				131770
6	铸造	371	绝烟	50		75				131770
6	铸造	372	净土	160		75				131770
6	铸造	373	焚尘	160		75				131770
6	铸造	375	御坤战靴	170		80				163440
6	铸造	378	碎地战靴	170		80				163440
6	铸造	381	降震战靴	170		80				163440
6	铸造	384	续雷战靴	170		80				163440
6	铸造	387	拂岳战靴	170		80				163440
6	铸造	389	珠	120		80				163440
6	铸造	391	卫蜀・御坤头盔	60		80				163440
6	铸造	394	霸蜀・碎地头盔	60		80				163440
6	铸造	397	卫蜀・降震头盔	60		80				163440
6	铸造	400	霸蜀・续雷头盔	60		80				163440
6	铸造	403	霸蜀・拂岳头盔	60		80				163440
6	铸造	405	流纹磨石	110		74				125260
6	铸造	406	角砾磨石	110		74				125260
6	铸造	407	玄武磨石	110		70				77200
6	铸造	408	花岗磨石	110		72				114870
6	铸造	409	晶凝磨石	110		75				131770
6	铸造	410	云英磨石	110		76				137580
6	铸造	411	云锡磨石	110		78				149960
6	铸造	412	灵璧磨石	110		77				143640
6	铸造	413	岐黄甲片（头部）	110		72				77200
6	铸造	414	岐黄甲片（鞋子）	110		72				114870
6	铸造	415	流纹甲片（头部）	110		74				125260
6	铸造	416	流纹甲片（鞋子）	110		74				125260
6	铸造	417	角砾甲片（头部）	110		78				149960
6	铸造	418	角砾甲片（鞋子）	110		78				149960
6	铸造	419	益元甲片（头部）	110		75				131770
6	铸造	420	益元甲片（鞋子）	110		77				149960
6	铸造	421	云锡甲片（头部）	110		80				163440
6	铸造	422	云英甲片（鞋子）	110		80				163440
6	铸造	437	瀑沙熔锭	110		80				163440
6	铸造	438	坠宵熔锭	110		80				163440
6	铸造	439	絮泊熔锭	110		80				163440
6	铸造	440	巨灵熔锭	110		80				163440
6	铸造	457	鎏金钥匙	110	0	76	0	0	0	125260
6	铸造	458	素银钥匙	110	0	72	0	0	0	125260
6	铸造	459	落星	180	0	75	0	0	0	131770
6	铸造	460	坠阳	180	0	75	0	0	0	131770
6	铸造	462	曼变战靴	170	0	80	0	0	0	163440
6	铸造	465	浮灭战靴	170	0	80	0	0	0	163440
6	铸造	469	霸蜀・曼变头盔	60	0	80	0	0	0	163440
6	铸造	470	镇蜀・浮灭头盔	60	0	80	0	0	0	163440
6	铸造	473	飞羽上装	70	0	30	0	0	0	8900
6	铸造	474	百变上装	70	0	30	0	0	0	8900
6	铸造	475	飞羽帽子	60	0	30	0	0	0	8900
6	铸造	476	百变帽子	60	0	30	0	0	0	8900
6	铸造	477	飞羽鞋子	170	0	30	0	0	0	8900
6	铸造	478	百变鞋子	170	0	30	0	0	0	8900
6	铸造	479	飞羽护手	90	0	50	0	0	0	26930
6	铸造	480	百变护手	90	0	50	0	0	0	26930
6	铸造	481	飞羽腰带	80	0	50	0	0	0	26930
6	铸造	482	百变腰带	80	0	50	0	0	0	26930
6	铸造	483	飞羽下装	150	0	50	0	0	0	26930
6	铸造	484	百变下装	150	0	50	0	0	0	26930
6	铸造	485	飞羽匣	180	0	40	0	0	0	16140
6	铸造	486	百变匣	180	0	40	0	0	0	16140
6	铸造	487	精致飞羽匣	180	0	60	0	0	0	49290
6	铸造	488	精致百变匣	180	0	60	0	0	0	49290
6	铸造	489	赤铁护手	90	0	70	0	0	0	193010
6	铸造	490	赤铁靴甲	170	0	73	0	0	0	299900
6	铸造	491	月锡下装	150	0	75	0	0	0	329430
6	铸造	492	月锡腰缎	80	0	78	0	0	0	374900
6	铸造	493	红铜下装	150	0	14	0	0	0	2920
6	铸造	494	密银下装	150	0	66	0	0	0	166770
6	铸造	495	霸蜀磨石	110	0	80	0	0	0	490330
6	铸造	496	霸蜀甲片（头部）	110	0	80	0	0	0	490330
6	铸造	497	霸蜀甲片（鞋子）	110	0	80	0	0	0	490330
6	铸造	498	蜀铁锭	120	0	80	0	0	0	408610
6	铸造	499	隐月线	120	0	80	0	0	0	490330
6	铸造	500	金甲片	120	0	80	0	0	0	490330
6	铸造	501	五色石	120	0	80	0	0	0	490330
6	铸造	502	菩提木	120	0	80	0	0	0	490330
6	铸造	507	炎日	190	0	75				131770
6	铸造	508	凛月	190	0	75				131770
6	铸造	510	逐日战靴	170	0	80				163440
6	铸造	511	逐日护手	90	0	80				163440
6	铸造	513	伴月战靴	170	0	80				163440
6	铸造	514	伴月护手	90	0	80				163440
6	铸造	516	卫蜀・炎日头盔	60	0	80				163440
6	铸造	519	镇蜀・皎月头盔	60	0	80				163440
6	铸造	521	日晖上装	70	0	30				8900
6	铸造	522	月影上装	70	0	30				8900
6	铸造	523	日晖帽子	60	0	30				8900
6	铸造	524	月影帽子	60	0	30				8900
6	铸造	525	日晖鞋子	170	0	30				8900
6	铸造	526	月影鞋子	170	0	30				8900
6	铸造	527	日晖护手	90	0	50				26930
6	铸造	528	月影护手	90	0	50				26930
6	铸造	529	日晖腰带	80	0	50				26930
6	铸造	530	月影腰带	80	0	50				26930
6	铸造	531	日晖下装	150	0	50				26930
6	铸造	532	月影下装	150	0	50				26930
6	铸造	533	日晖双刃	190	0	40				16140
6	铸造	534	月影双刃	190	0	40				16140
6	铸造	535	精致日晖双刃	190	0	60				49290
6	铸造	536	精致月影双刃	190	0	60				49290
6	铸造	539	明朗・锻（仇恨）	110	0	80	0	0	0	572050
6	铸造	542	明朗・铸（仇恨）	110	0	80	0	0	0	572050
6	铸造	543	明朗・熔锭（疗伤）	110	0	80	0	0	0	572050
6	铸造	545	傲冬武腕	90		80				572050
6	铸造	549	复秋铠腕	90		80				572050
6	铸造	550	复夏铠腕	90		80				572050
6	铸造	555	悟秋禅腕	90		80				572050
6	铸造	556	悟冬禅腕	90		80				572050
6	铸造	561	妄夏战腕	90		80				572050
6	铸造	562	妄冬战腕	90		80				572050
6	铸造	567	震秋甲腕	90		80				572050
6	铸造	568	震冬甲腕	90		80				572050
6	铸造	571	行军・锻（随机）	110		80				408610
6	铸造	572	行军・铸（随机）	110		83				450050
6	铸造	573	行军・磨石（随机）	110		86				494760
6	铸造	574	行军・熔锭（随机）	110		89				539480
6	铸造	575	安戎・锻（根骨）	110		90				665260
6	铸造	576	安戎・锻（身法）	110		90				665260
6	铸造	585	安戎・铸（根骨）	110		90				665260
6	铸造	586	安戎・铸（身法）	110		90				665260
6	铸造	603	盘牙靴	170		90				665260
6	铸造	603	盘牙靴	170		90				665260
6	铸造	603	盘牙靴	170		90				665260
6	铸造	603	盘牙靴	170		90				665260
6	铸造	615	碧台细钢锭	120		90				776140
6	铸造	616	固・安戎・锻（根骨）	110		90				776140
6	铸造	617	固・安戎・锻（身法）	110		90				776140
6	铸造	626	固・安戎・铸（根骨）	110		90				776140
6	铸造	627	固・安戎・铸（身法）	110		90				776140
6	铸造	644	固本・鞋子	170		90				776140
6	铸造	645	落元・鞋子	170		90				776140
6	铸造	646	破土・鞋子	170		90				776140
6	铸造	647	巧柳・鞋子	170		90				776140
6	铸造	648	润露・鞋子	170		90				776140
6	铸造	649	铁战・鞋子	170		90				776140
6	铸造	662	定本・鞋子	170		90				776140
6	铸造	663	离元・鞋子	170		90				776140
6	铸造	664	泗土・鞋子	170		90				776140
6	铸造	665	妩柳・鞋子	170		90				776140
6	铸造	666	稚露・鞋子	170		90				776140
6	铸造	667	狂战・鞋子	170		90				776140
6	铸造	680	盘牙靴	170		90				665260
6	铸造	683	天工・索野	120		90				776140
6	铸造	688	朔雪靴	170		90				776140
6	铸造	689	瑶光靴	170		90				776140
6	铸造	690	玄魁靴	170		90				776140
6	铸造	691	赤襄靴	170		90				776140
6	铸造	692	素音靴	170		90				776140
6	铸造	693	瑞麟靴	170		90				776140
6	铸造	706	珠・铉	120		90				572050
6	铸造	688	玄霜・鞋子	170		90				776140
6	铸造	689	尚元・鞋子	170		90				776140
6	铸造	690	崩山・鞋子	170		90				776140
6	铸造	691	流光・鞋子	170		90				776140
6	铸造	692	含弘・鞋子	170		90				776140
6	铸造	693	固城・鞋子	170		90				776140
6	铸造	706	珠・戮	120		90				572050
6	铸造	726	尊雕髓・鞋子	170		90				936000
6	铸造	727	知脉池・鞋子	170		90				936000
6	铸造	728	烛骨月・鞋子	170		90				936000
6	铸造	729	疾风愁・鞋子	170		90				936000
6	铸造	730	夜灵心・鞋子	170		90				936000
6	铸造	731	月流肌・鞋子	170		90				936000
6	铸造	744	珠・苍	120		90				936000
6	铸造	755	苍・盘牙靴（根骨）	170		90				936000
6	铸造	756	苍・盘牙靴（元气）	170		90				936000
6	铸造	757	苍・盘牙靴（力道）	170		90				936000
6	铸造	758	苍・盘牙靴（身法）	170		90				936000
6	铸造	759	苍・盘牙顶（根骨）	60		90				936000
6	铸造	760	苍・盘牙顶（元气）	60		90				936000
6	铸造	761	苍・盘牙顶（力道）	60		90				936000
6	铸造	762	苍・盘牙顶（身法）	60		90				936000
6	铸造	763	苍・盘牙裤（根骨）	150		90				936000
6	铸造	764	苍・盘牙裤（元气）	150		90				936000
6	铸造	765	苍・盘牙裤（力道）	150		90				936000
6	铸造	766	苍・盘牙裤（身法）	150		90				936000
6	铸造	767	苍・盘牙靴（治疗）	170		90				936000
6	铸造	768	苍・盘牙顶（治疗）	60		90				936000
6	铸造	769	苍・盘牙裤（治疗）	150		90				936000
6	铸造	770	露饮莲・鞋	170		90				936000
6	铸造	771	采盈欢・鞋	170		90				936000
6	铸造	772	阔月澜・鞋	170		90				936000
6	铸造	773	醉梁生・鞋	170		90				936000
6	铸造	774	牵萝绮・鞋	170		90				936000
6	铸造	775	转烛山・鞋	170		90				936000
6	铸造	788	珠・侠	120		90				936000
6	铸造	789	剑胆・锻（根骨）	110		91				776140
6	铸造	790	剑胆・锻（身法）	110		91				776140
6	铸造	791	剑胆・锻（仇恨）	110		92				776140
6	铸造	797	剑胆・铸（根骨）	110		92				776140
6	铸造	798	剑胆・铸（身法）	110		93				776140
6	铸造	799	剑胆・铸（仇恨）	110		93				776140
6	铸造	808	剑胆・磨石（武伤）	110		94				776140
6	铸造	812	剑胆・熔锭（武伤）	110		94				776140
6	铸造	813	佳・剑胆・锻（根骨）	110		95				776140
6	铸造	814	佳・剑胆・锻（身法）	110		95				776140
6	铸造	815	佳・剑胆・锻（仇恨）	110		95				776140
6	铸造	821	佳・剑胆・铸（根骨）	110		95				776140
6	铸造	822	佳・剑胆・铸（身法）	110		95				776140
6	铸造	823	佳・剑胆・铸（仇恨）	110		95				776140
6	铸造	832	佳・剑胆・磨石（武伤）	110		95				776140
6	铸造	836	佳・剑胆・熔锭（武伤）	110		95				776140
6	铸造	840	珠・渊	120		95				776140
6	铸造	841	咸阳鞋	170		95				776140
6	铸造	842	黄埃鞋	170		95				776140
6	铸造	843	绪风鞋	170		95				776140
6	铸造	844	云笛鞋	170		95				776140
6	铸造	845	云秋鞋	170		95				776140
6	铸造	846	繁霜降鞋	170		95				776140
6	铸造	877	珠・霸	120		95				776140
6	铸造	878	精玉百炼钢	120		95				776140
7	医术	1	下品止血散	10		10				1170
7	医术	3	下品活络散	10		12				670
7	医术	6	下品护心散	20		14				1170
7	医术	6	下品护心散	20		14				1170
7	医术	7	下品强身散	20		16				1780
7	医术	9	下品健骨散	20		18				2320
7	医术	11	中品止血散	10		20				3020
7	医术	16	中品活络散	10		24				4970
7	医术	17	下品定痛散	30		26				5790
7	医术	18	中品长生散	30		28				7140
7	医术	20	中品凝神散	30		28				7140
7	医术	24	避水银针	40		30				8900
7	医术	26	上品止血散	10		32				10120
7	医术	27	上品活络散	10		34				11400
7	医术	30	中品补筋散	20		36				12820
7	医术	33	下品化功散	40		38				14400
7	医术	35	中品护心散	20		40				16140
7	医术	36	中品强身散	20		40				16140
7	医术	40	中品健骨散	20		42				17870
7	医术	41	下品止血丸	10		44				19890
7	医术	43	下品活络丸	10		46				22010
7	医术	45	辟邪散	40		48				24350
7	医术	46	中品逍遥散	40		50				26930
7	医术	52	中品止血丸	10		52				30620
7	医术	53	中品活络丸	10		52				30620
7	医术	54	软筋针	40		52	0			30620
7	医术	55	避水金针	40		52	0			30620
7	医术	57	上品护心散	20		54				34930
7	医术	58	上品聚魂散	20		56				39640
7	医术	61	上品强身散	20		58				44520
7	医术	62	摧心针	40		58	0			44520
7	医术	63	中品金元散	30		58	0			44520
7	医术	74	涣精针	40		60				49290
7	医术	76	上品止血丸	10		62				54760
7	医术	77	上品活络丸	10		62				54760
7	医术	78	中品金创丸	30		64	0			60560
7	医术	79	上品亢龙散	30		64	0			60560
7	医术	84	下品强身丸	20		66				73700
7	医术	85	下品健骨丸	20		66				66710
7	医术	86	下品聚魂丸	20		66				66710
7	医术	87	下品调和散	30		68	0			73710
7	医术	88	下品护心丸	20		68				73700
7	医术	89	下品补筋丸	20		68	0			73700
7	医术	90	中品幽冥散	30		68	0			73710
7	医术	91	中品霹雳散	30		68	0			73710
7	医术	92	中品烈火散	30		68	0			73710
7	医术	93	下品止血膏	10		70				77200
7	医术	94	下品活络膏	10		70				77200
7	医术	131	魄元散	50	0	44				77200
7	医术	132	金刚散	50	0	44				77200
7	医术	133	下品玄阴散	30	0	68	0			73710
7	医术	134	下品罡阳散	30	0	68	0			73710
7	医术	137	下品静心散	40		70	0			77200
7	医术	139	截元丹	40		70	0			77200
7	医术	140	下品益气散	30		70	0			77200
7	医术	141	纳元丹	40	0	70	0	0	0	77200
7	医术	142	下品护心丹	20		72				77200
7	医术	143	下品展凤丹	30		72				77200
7	医术	144	下品长生丹	30		72				77200
7	医术	145	下品凝神丹	30		72				114870
7	医术	146	下品健骨丹	20		74				114870
7	医术	147	下品亢龙丹	30		74				114870
7	医术	148	下品万通丹	40		74				125260
7	医术	149	蜀元露	50		74				125260
7	医术	150	下品聚魂丹	20		76				125260
7	医术	151	下品益气丸	30		76				137580
7	医术	152	下品止血丹	10		76				137580
7	医术	153	下品活络丹	10		76				137580
7	医术	154	下品补筋丹	20		78				149960
7	医术	155	下品破秽丹	30		78				149960
7	医术	156	下品强身丹	20		80				163440
7	医术	157	下品金创丹	30		80				163440
7	医术	158	下品万灵丹	10		80				163440
7	医术	193	舒筋益气丹	40	0	50	0	0	0	53870
7	医术	200	活气散	40	0	80	0	0	0	163440
7	医术	201	檀香囊	20	0	74	0	0	0	250520
7	医术	202	迷香囊	30	0	78	0	0	0	299920
7	医术	203	绢云母	50	0	80	0	0	0	490330
7	医术	204	茜草	50	0	80	0	0	0	490330
7	医术	205	靛蓝	50	0	80	0	0	0	490330
7	医术	206	鼠尾叶	50	0	80	0	0	0	490330
7	医术	211	化瘀香囊	20	0	80	0	0	0	490330
7	医术	212	清心香囊	20	0	80	0	0	0	490330
7	医术	213	滋补香囊	20	0	80	0	0	0	490330
7	医术	214	强身香囊	20	0	80	0	0	0	490330
7	医术	219	行军亢龙散	30		80				408610
7	医术	220	行军展凤散	30		80				408610
7	医术	221	行军静心散	30		82				435140
7	医术	222	行军止血散	30		84				464950
7	医术	223	行军活络散	30		86				494760
7	医术	224	行军定志散	30		88				524570
7	医术	225	百花香囊	20		90				665260
7	医术	226	栀仁香囊	20		90				665260
7	医术	227	柏桂香囊	20		90				665260
7	医术	228	紫荷香囊	20		90				665260
7	医术	229	桂枝香囊	20		90				665260
7	医术	241	碧闺药花	50		90				776140
7	医术	242	尚・百花香囊	20		90				776140
7	医术	243	尚・栀仁香囊	20		90				776140
7	医术	244	尚・柏桂香囊	20		90				776140
7	医术	245	尚・紫荷香囊	20		90				776140
7	医术	246	尚・桂枝香囊	20		90				776140
7	医术	270	护命丹	20		91				776140
7	医术	271	补心丹	20		92				776140
7	医术	272	点骨丹	20		92				776140
7	医术	273	养神丹	20		93				776140
7	医术	274	轻身丹	20		93				776140
7	医术	275	玄元丹	20		94				776140
7	医术	276	枕中丹	20		94				776140
7	医术	278	玉蟾丹	20		95				776140
7	医术	279	玉华丹	20		95				776140
7	医术	284	佳・护命丹	20		95				776140
7	医术	285	佳・补心丹	20		95				776140
7	医术	286	佳・点骨丹	20		95				776140
7	医术	287	佳・养神丹	20		95				776140
7	医术	288	佳・轻身丹	20		95				776140
7	医术	289	佳・玄元丹	20		95				776140
7	医术	290	佳・枕中丹	20		95				776140
7	医术	292	佳・玉蟾丹	20		95				776140
7	医术	293	佳・玉华丹	20		95				776140
7	医术	312	玉凝药香草	50		95				776140
14	淬炼	1	炼・耐受・御(壹)	30		10				18000
14	淬炼	2	炼・守御・御(壹)	30		12				21000
14	淬炼	3	炼・灵动・御(壹)	30		14				24000
14	淬炼	4	炼・不屈・御(壹)	30		16				27000
14	淬炼	5	炼・破势・御(壹)	30		18				30000
14	淬炼	6	萤石・碧	10		20				38000
14	淬炼	7	炼・大御・御(壹)	30		22				40000
14	淬炼	8	炼・海纳・疗(壹)	30		24				47000
14	淬炼	9	炼・回春・全(壹)	30		26				52000
14	淬炼	10	炼・挑拨・御(壹)	30		28				60000
14	淬炼	11	萤石・墨	10		30				82000
14	淬炼	12	炼・霜冷・内(壹)	30		30				70000
14	淬炼	13	炼・鹤顶・内(壹)	30		32				75000
14	淬炼	14	炼・琉璃・内(壹)	30		34				82000
14	淬炼	15	炼・烈阳・内(壹)	30		36				90000
14	淬炼	16	炼・雷鸣・内(壹)	30		38				98000
14	淬炼	17	炼・锐刃・外(壹)	30		40				108000
14	淬炼	18	炼・激流・内(壹)	30		40				108000
14	淬炼	20	萤石・赤	10		40				126000
14	淬炼	21	炼・燎原・内(壹)	30		40				108000
14	淬炼	22	炼・融天・内(壹)	30		42				117000
14	淬炼	23	炼・化雪・内(壹)	30		44				127000
14	淬炼	24	炼・蚀骨・内(壹)	30		46				138000
14	淬炼	25	炼・虹卷・内(壹)	30		48				150000
14	淬炼	26	炼・见切・外(壹)	30		50				163000
14	淬炼	27	炼・星见・内(壹)	30		50				163000
14	淬炼	28	炼・苍雷・全(壹)	30		50				163000
14	淬炼	30	炼・焚虚・内(壹)	30		50				163000
14	淬炼	31	炼・日炎・内(壹)	30		52				181000
14	淬炼	32	炼・混沌・内(壹)	30		54				203000
14	淬炼	33	炼・冻髓・内(壹)	30		56				226000
14	淬炼	34	炼・腐心・内(壹)	30		58				250000
14	淬炼	36	炼・灭气・外(壹)	30		60				273000
14	淬炼	38	炼・穿石・内(壹)	30		60				273000
14	淬炼	39	炼・界影・内(壹)	30		62				298000
14	淬炼	40	炼・浴火・内(壹)	30		64				325000
14	淬炼	41	炼・霹雳・内(壹)	30		66				354000
14	淬炼	42	炼・杯雪・内(壹)	30		68				385000
14	淬炼	43	炼・月华・内(壹)	30		70				424000
14	淬炼	44	炼・痛击・外(壹)	30		70				424000
14	淬炼	45	炼・裂云・外(壹)	30		70				424000
14	淬炼	48	炼・五行・火土	20		70				588000
14	淬炼	49	炼・苍雷・内(贰)	30		70				588000
14	淬炼	50	炼・苍雷・外(贰)	30		70				588000
14	淬炼	51	炼・裂云・内(贰)	30		70				588000
14	淬炼	52	炼・裂云・外(贰)	30		70				588000
14	淬炼	53	炼・痛击・外(贰)	30		70				588000
14	淬炼	54	炼・月华・内(贰)	30		70				588000
14	淬炼	60	炼・化雪・疗(壹)	30		70				424000
14	淬炼	61	炼・蚀骨・疗(壹)	30		72				508000
14	淬炼	62	炼・浴火・内(贰)	30		72				705000
14	淬炼	63	炼・霹雳・内(贰)	30		72				705000
14	淬炼	64	炼・杯雪・内(贰)	30		72				705000
14	淬炼	67	炼・融天・疗(壹)	30		74				527000
14	淬炼	68	炼・穿石・内(贰)	30		74				731000
14	淬炼	69	炼・界影・内(贰)	30		74				731000
14	淬炼	70	炼・海纳・疗(贰)	30		74				731000
14	淬炼	73	炼・杯雪・疗(壹)	30		76				545000
14	淬炼	74	炼・化雪・疗(贰)	30		76				757000
14	淬炼	75	炼・蚀骨・疗(贰)	30		76				757000
14	淬炼	76	炼・融天・疗(贰)	30		76				757000
14	淬炼	77	炼・穿石・疗(壹)	30		78				563000
14	淬炼	78	炼・杯雪・疗(贰)	30		82				834000
14	淬炼	79	炼・穿石・疗(贰)	30		82				834000
14	淬炼	80	炼・霹雳・疗(贰)	30		82				834000
14	淬炼	81	炼・霹雳・疗(壹)	30		80				581000
14	淬炼	82	炼・裂激・内(壹)	30		80				581000
14	淬炼	87	炼・回春・御(壹)	30		80				694000
14	淬炼	88	炼・五行・金土	20		80				807000
14	淬炼	89	炼・耐受・御(贰)	30		80				807000
14	淬炼	90	炼・守御・御(贰)	30		80				807000
14	淬炼	91	炼・灵动・御(贰)	30		80				807000
14	淬炼	92	炼・大御・御(贰)	30		80				807000
14	淬炼	98	炼・碎冰・内(壹)	30		82				600000
14	淬炼	99	炼・燎原・内(贰)	30		78				782000
14	淬炼	100	炼・融天・内(贰)	30		78				782000
14	淬炼	101	炼・化雪・内(贰)	30		78				782000
14	淬炼	104	炼・化玉・内(壹)	30		84				618000
14	淬炼	105	炼・蚀骨・内(贰)	30		84				859000
14	淬炼	106	炼・虹卷・内(贰)	30		84				859000
14	淬炼	107	炼・腐心・内(贰)	30		84				859000
14	淬炼	110	炼・点睛・内(壹)	30		86				636000
14	淬炼	111	炼・焚虚・内(贰)	30		86				885000
14	淬炼	112	炼・混沌・内(贰)	30		86				885000
14	淬炼	113	炼・冻髓・内(贰)	30		86				885000
14	淬炼	116	炼・灼筋・内(壹)	30		88				655000
14	淬炼	117	炼・日炎・外(贰)	30		88				910000
14	淬炼	118	炼・不屈・御(贰)	30		88				910000
14	淬炼	119	炼・破势・御(贰)	30		88				910000
14	淬炼	122	炼・心眼・外(壹)	30		90				673000
14	淬炼	123	炼・灵识・内(壹)	30		90				673000
14	淬炼	124	炼・必中・内(壹)	30		90				673000
14	淬炼	125	炼・必中・外(壹)	30		90				673000
14	淬炼	126	炼・回春・疗(壹)	30		90				804000
14	淬炼	129	炼・五行・金水	20		90				936000
14	淬炼	130	炼・五行・木火	20		90				936000
14	淬炼	131	炼・五行・木水	20		90				936000
14	淬炼	134	炼・灼筋・内(贰)	30		90				936000
14	淬炼	135	炼・裂激・内(贰)	30		90				936000
14	淬炼	136	炼・碎冰・内(贰)	30		90				936000
14	淬炼	137	炼・化玉・内(贰)	30		90				936000
14	淬炼	138	炼・点睛・内(贰)	30		90				936000
14	淬炼	139	炼・锐刃・外(贰)	30		90				936000
14	淬炼	140	炼・心眼・外(贰)	30		90				936000
14	淬炼	141	炼・灵识・内(贰)	30		90				936000
14	淬炼	142	炼・见切・外(贰)	30		90				936000
14	淬炼	143	炼・星见・内(贰)	30		90				936000
14	淬炼	144	炼・鹤顶・内(贰)	30		90				936000
14	淬炼	145	炼・琉璃・内(贰)	30		90				936000
14	淬炼	146	炼・激流・内(贰)	30		90				936000
14	淬炼	147	炼・烈阳・内(贰)	30		90				936000
14	淬炼	148	炼・雷鸣・内(贰)	30		90				936000
14	淬炼	149	炼・霜冷・内(贰)	30		90				936000
14	淬炼	151	炼・必中・内(贰)	30		90				936000
14	淬炼	152	炼・必中・外(贰)	30		90				936000
14	淬炼	154	唐门・乾坤断羽・钧天	40		90				936000
14	淬炼	155	唐门・乾坤断羽・变天	40		90				936000
14	淬炼	156	唐门・乾坤断羽・F天	40		90				936000
14	淬炼	157	唐门・乾坤断羽・玄天	40		90				936000
14	淬炼	158	纯阳・寻剑玄境・钧天	40		90				936000
14	淬炼	159	纯阳・寻剑玄境・变天	40		90				936000
14	淬炼	160	纯阳・寻剑玄境・F天	40		90				936000
14	淬炼	161	纯阳・寻剑玄境・玄天	40		90				936000
14	淬炼	162	七秀・剑舞霓裳・钧天	40		90				936000
14	淬炼	163	七秀・剑舞霓裳・变天	40		90				936000
14	淬炼	164	七秀・剑舞霓裳・F天	40		90				936000
14	淬炼	165	七秀・剑舞霓裳・玄天	40		90				936000
14	淬炼	166	万花・青岩太玄・钧天	40		90				936000
14	淬炼	167	万花・青岩太玄・变天	40		90				936000
14	淬炼	168	万花・青岩太玄・F天	40		90				936000
14	淬炼	169	万花・青岩太玄・玄天	40		90				936000
14	淬炼	170	五毒・五仙秘法・钧天	40		90				936000
14	淬炼	171	五毒・五仙秘法・变天	40		90				936000
14	淬炼	172	五毒・五仙秘法・F天	40		90				936000
14	淬炼	173	五毒・五仙秘法・玄天	40		90				936000
14	淬炼	174	天策・百战心得・钧天	40		90				936000
14	淬炼	175	天策・百战心得・变天	40		90				936000
14	淬炼	176	天策・百战心得・F天	40		90				936000
14	淬炼	177	天策・百战心得・玄天	40		90				936000
14	淬炼	178	少林・禅音伏魔・钧天	40		90				936000
14	淬炼	179	少林・禅音伏魔・变天	40		90				936000
14	淬炼	180	少林・禅音伏魔・F天	40		90				936000
14	淬炼	181	少林・禅音伏魔・玄天	40		90				936000
14	淬炼	182	明教・妙火琉璃・钧天	40		90				936000
14	淬炼	183	明教・妙火琉璃・变天	40		90				936000
14	淬炼	184	明教・妙火琉璃・F天	40		90				936000
14	淬炼	185	明教・妙火琉璃・玄天	40		90				936000
14	淬炼	186	丐帮・逍遥烟雨・钧天	40		90				936000
14	淬炼	187	丐帮・逍遥烟雨・变天	40		90				936000
14	淬炼	188	藏剑・剑意心诀・钧天	40		90				936000
14	淬炼	191	藏剑・剑意心诀・玄天	40		90				936000
14	淬炼	198	苍云・铁骨分山・F天	40		90				936000
14	淬炼	199	苍云・铁骨分山・玄天	40		90				936000
14	淬炼	200	苍云・铁骨分山・变天	40		90				936000
14	淬炼	201	苍云・铁骨分山・钧天	40		90				936000
14	淬炼	202	炼・见切・内(贰)	30		90				936000
14	淬炼	203	炼・腐心・外(壹)	30		58				250000
14	淬炼	204	炼・腐心・外(贰)	30		84				859000
14	淬炼	205	炼・痛击・内(壹)	30		76				454000
14	淬炼	206	炼・痛击・内(贰)	30		70				588000
14	淬炼	207	炼・心眼・内(贰)	30		90				936000
14	淬炼	208	炼・鹤顶・外(壹)	30		32				75000
14	淬炼	209	炼・鹤顶・外(贰)	30		90				936000
15	梓匠	1	柳叶水甘草・花卉	100		0				10000
15	梓匠	2	紫色石竹花・花卉	100		0				10000
15	梓匠	3	六瓣葱莲・花卉	100		0				10000
15	梓匠	4	麦仙翁・花卉	100		0				10000
15	梓匠	5	橙色葵百合・花卉	100		0				10000
15	梓匠	6	无名芳蕨・花卉	100		0				10000
15	梓匠	7	蓝紫混色似秋英・花卉	100		0				10000
15	梓匠	8	射干・花卉	100		0				10000
15	梓匠	9	紫花地丁・花卉	100		0				10000
15	梓匠	10	粉色野花・花卉	100		0				10000
15	梓匠	16	铃兰・花卉	100		0				10000
15	梓匠	17	蓝瓣八仙花	100		0				10000
15	梓匠	18	绯色八仙花	100		0				10000
15	梓匠	19	红荣八仙花	100		0				10000
15	梓匠	20	紫瓣八仙花	100		0				10000
15	梓匠	21	纯白八仙花	100		0				10000
15	梓匠	22	黄蕊八仙花	100		0				10000
15	梓匠	23	碧华百合	100		0				10000
15	梓匠	24	灿晖百合	100		0				10000
15	梓匠	25	绯色百合	100		0				10000
15	梓匠	26	白花百合	100		0				10000
15	梓匠	27	黄蕊百合	100		0				10000
15	梓匠	28	蓝锦牵牛	100		0				10000
15	梓匠	29	绯锦牵牛	100		0				10000
15	梓匠	30	红锦牵牛	100		0				10000
15	梓匠	31	紫锦牵牛	100		0				10000
15	梓匠	32	黄锦牵牛	100		0				10000
15	梓匠	33	夜雨蔷薇	100		0				10000
15	梓匠	34	湖风蔷薇	100		0				10000
15	梓匠	35	涵春蔷薇	100		0				10000
15	梓匠	36	灿晖蔷薇	100		0				10000
15	梓匠	37	粉团蔷薇	100		0				10000
15	梓匠	38	朱楼蔷薇	100		0				10000
15	梓匠	39	禁彩蔷薇	100		0				10000
15	梓匠	40	素信蔷薇	100		0				10000
15	梓匠	41	虹霞蔷薇	100		0				10000
15	梓匠	42	曦晖蔷薇	100		0				10000
15	梓匠	43	彩金樽	100		0				10000
15	梓匠	44	绯金樽	100		0				10000
15	梓匠	45	红金樽	100		0				10000
15	梓匠	46	白金樽	100		0				10000
15	梓匠	47	黄金樽	100		0				10000
15	梓匠	48	荧蓝菌	100		0				10000
15	梓匠	49	荧红菌	100		0				10000
15	梓匠	50	荧紫菌	100		0				10000
15	梓匠	51	荧白菌	100		0				10000
15	梓匠	52	荧黄菌	100		0				10000
15	梓匠	53	绿竹墙・套件	10		0				10000
15	梓匠	54	兖石地墁・套件	10		0				10000
15	梓匠	55	翠泠竹篱・套件	10		0				10000
15	梓匠	56	杂色竹篱・套件	10		0				10000
15	梓匠	57	青竹篱・套件	10		0				10000
15	梓匠	58	木板	90		0				10000
15	梓匠	59	卯榫	90		0				10000
15	梓匠	60	雕花	90		0				10000
15	梓匠	61	篾条	90		0				10000
15	梓匠	62	鱼胶	90		0				10000
15	梓匠	63	葵草席	20		0				10000
15	梓匠	64	低矮木榻	20		0				10000
15	梓匠	65	桑木架	20		0				10000
15	梓匠	66	榧木架	20		0				10000
15	梓匠	67	花梨木矮柜	20		0				10000
15	梓匠	68	花梨木曲柜	20		0				10000
15	梓匠	69	赤漆铜平脱药柜	20		0				10000
15	梓匠	70	赤漆药柜	20		0				10000
15	梓匠	71	回字平脱案	20		0				10000
15	梓匠	72	赤漆案	20		0				10000
15	梓匠	73	桑木榻足几	20		0				10000
15	梓匠	74	赤漆台案	20		0				10000
15	梓匠	75	桐木凳	20		0				10000
15	梓匠	76	芦苇蒲团	20		0				10000
15	梓匠	77	火毛团花绣舞筵	20		0				10000
15	梓匠	78	旧时帘	20		0				10000
15	梓匠	79	故窗忆・一	20		0				10000
15	梓匠	80	故窗忆・二	20		0				10000
15	梓匠	81	桐木灯笼	20		0				10000
15	梓匠	82	木桶・一	20		0				10000
15	梓匠	83	蔑编竹篮・二	20		0				10000
15	梓匠	84	普通平盖木质首饰盒	20		0				10000
15	梓匠	85	古怪坐垫	20		0				10000
15	梓匠	86	蓝染布卷	20		0				10000
15	梓匠	87	织锦席	20		0				10000
15	梓匠	88	赤漆柜	20		0				10000
15	梓匠	89	赤漆木几	20		0				10000
15	梓匠	90	硝石/葵草台案（美术去调材质了）	20		0				10000
15	梓匠	91	葵草坐垫	20		0				10000
15	梓匠	92	桑木长凳	20		0				10000
15	梓匠	93	绮罗人物四牒屏	20		0				10000
15	梓匠	94	彩锦半拢・一	20		0				10000
15	梓匠	95	彩锦半拢・二	20		0				10000
15	梓匠	96	彩锦半拢・三	20		0				10000
15	梓匠	97	彩锦半拢・四	20		0				10000
15	梓匠	98	彩锦半拢・五	20		0				10000
15	梓匠	99	彩锦半拢・六	20		0				10000
15	梓匠	100	扁青涂花梨木书灯	20		0				10000
15	梓匠	101	桐木书灯	20		0				10000
15	梓匠	102	桑木灯檠	20		0				10000
15	梓匠	103	荼蘼灯笼	20		0				10000
15	梓匠	104	细布灯笼	20		0				10000
15	梓匠	105	悬铜铃灯笼	20		0				10000
15	梓匠	106	锡灯笼	20		0				10000
15	梓匠	107	长系锡灯笼	20		0				10000
15	梓匠	108	玳瑁嵌文杏妆奁	20		0				10000
15	梓匠	109	板车	20		0				10000
15	梓匠	110	明霞锦被褥	20		0				10000
15	梓匠	111	莞草茵席	20		0				10000
15	梓匠	112	桑木柜	20		0				10000
15	梓匠	113	云石台案	20		0				10000
15	梓匠	114	棋局几・展	20		0				10000
15	梓匠	115	雕枋桌	20		0				10000
15	梓匠	116	铜平脱扶手椅	20		0				10000
15	梓匠	117	榧木椅	20		0				10000
15	梓匠	118	蕉叶酒胡椅	20		0				10000
15	梓匠	119	溪山图立屏	20		0				10000
15	梓匠	120	三君子五牒屏	20		0				10000
15	梓匠	121	竹挂幔・四	20		0				10000
15	梓匠	122	潮思蔑编灯笼	20		0				10000
15	梓匠	123	三叠锡灯笼	20		0				10000
15	梓匠	124	榧木架	20		0				10000
15	梓匠	125	沉香木架	20		0				10000
15	梓匠	126	素髹桐木笔架	20		0				10000
15	梓匠	127	邢窑白瓷罗合	20		0				10000
15	梓匠	128	铸铁煎壶	20		0				10000
15	梓匠	129	木兰花妆奁	20		0				10000
15	梓匠	130	涂胡粉坐障	20		0				10000
15	梓匠	131	金线影枝毡	20		0				10000
15	梓匠	132	鱼牙映园	20		0				10000
15	梓匠	133	榧木灯檠	30		0				10000
15	梓匠	134	素髹桑木灯檠	30		0				10000
15	梓匠	135	天竺石仿仓楼灯	30		0				10000
15	梓匠	136	零陵石灯	30		0				10000
15	梓匠	137	赤漆灯檠	30		0				10000
15	梓匠	138	鎏金香浮屠	30		0				10000
15	梓匠	139	溶溶月	30		0				10000
15	梓匠	140	竹制风灯	30		0				10000
15	梓匠	141	溪山图经瓶・菡萏	30		0				10000
15	梓匠	142	跃龙兵器架	30		0				10000
15	梓匠	143	混栽八仙花・二	100		0				10000
15	梓匠	144	混栽八仙花・一	100		0				10000
15	梓匠	145	红荣素・浓	20		0				10000
15	梓匠	146	鸦青素・浓	20		0				10000
15	梓匠	147	曦晖素・浓	20		0				10000
15	梓匠	148	寒信素・浓	20		0				10000
15	梓匠	149	沉夜素・浓	20		0				10000
15	梓匠	150	积木・木质标准包	10		0				10000
15	梓匠	151	羽扇豆花・白	100		0				10000
15	梓匠	152	羽扇豆花・红	100		0				10000
15	梓匠	153	羽扇豆花・紫	100		0				10000
15	梓匠	154	羽扇豆花・黄	100		0				10000
15	梓匠	155	羽扇豆花・粉	100		0				10000
15	梓匠	156	羽扇豆花・蓝	100		0				10000
15	梓匠	157	羽扇豆花・蓝白	100		0				10000
15	梓匠	158	羽扇豆花・黄粉	100		0				10000
15	梓匠	159	积木・木质标准补充包	10		0				10000
