AIType	ScriptFile	IsPositive	AlertRange	SearchPlayerDistance	AlertOverTime	AttackRange	EscapeTime	EscapeRange	EscapeInterval	WanderRange	WanderDistance	WanderInterval	PatrolPathID	EscapeLife	PatrolOrderIndex	ReviveTeammate	CustomArguments	IsAutoTurn	NpcSceneType	IsSnarlInFight	DialogIdleTime
20249	scripts/ai/StandardAI.lua	0	768	768	32	256	64	0	32	0	384	80	0	0	0	0		1	0	0	320
20250	scripts/ai/StandardAI.lua	0	768	768	32	256	64	0	32	0	384	80	0	0	0	0		1	0	0	320
20251	scripts/ai/StandardAI.lua	0	768	768	32	256	64	0	32	0	384	80	0	0	0	0		1	0	0	320
20252	scripts/ai/DungeonStandardAI.lua	0	768	768	32	256	64	0	32	0	384	80	0	0	0	0		1	1	0	320
20253	scripts/ai/StandardAI.lua	0	768	768	32	256	64	0	32	0	384	80	0	0	0	0		1	0	0	320
20254	scripts/ai/StandardAI.lua	0	768	768	32	256	64	0	32	0	384	80	0	0	0	0		1	0	0	320
20255	scripts/ai/StandardAI.lua	0	768	768	32	256	64	0	32	0	384	80	0	0	0	0		1	0	0	320
20256	scripts/ai/StandardAI.lua	0	768	768	32	256	64	0	32	0	384	80	0	0	0	0		1	0	0	320
20257	scripts/ai/StandardAI.lua	0	768	768	32	256	64	0	32	0	384	80	0	0	0	0		1	0	0	320
20258	scripts/ai/StandardAI.lua	0	768	768	32	256	64	0	32	0	384	80	0	0	0	0		1	0	0	320
20259	scripts\Map\英雄南诏皇宫\ai\特殊小怪\钢枪卫.lua	0	768	768	32	256	64	0	32	0	384	80	0	0	0	0		1	0	0	320
20260	scripts\Map\英雄南诏皇宫\ai\特殊小怪\精锐射手.lua	0	768	768	32	256	64	0	32	0	384	80	0	0	0	0		1	0	0	320
20261	scripts/ai/StandardAI.lua	0	768	768	32	256	64	0	32	0	384	80	0	0	0	0		1	0	0	320
20262	scripts/ai/StandardAI.lua	0	768	768	32	256	64	0	32	0	384	80	0	0	0	0		1	0	0	320
20263	scripts/ai/StandardAI.lua	0	768	768	32	256	64	0	32	0	384	80	0	0	0	0		1	0	0	320
20264	scripts/ai/DungeonStandardAI.lua	1	768	1024	32	256	64	0	32	0	384	80	0	0	0	0		1	1	0	320
20265	scripts/ai/DungeonStandardAI.lua	1	768	1246	32	256	64	0	32	0	384	80	0	0	0	0		1	1	0	320
20266	scripts/ai/StandardAI.lua	0	768	768	32	256	64	0	32	0	384	80	0	0	0	0		1	0	0	320
20267	scripts\Map\英雄南诏皇宫\ai\4号BOSS摩提耶罗\门口的小怪.lua	0	768	768	32	256	64	0	32	0	384	80	0	0	0	0		1	0	0	320
20268	scripts\Map\英雄南诏皇宫\ai\4号BOSS摩提耶罗\门口的小怪.lua	0	768	768	32	256	64	0	32	0	384	80	0	0	0	0		1	0	0	320
20269	scripts/ai/StandardAI.lua	0	768	768	32	256	64	0	32	0	384	80	0	0	0	0		1	0	0	320
20270	scripts/ai/StandardAI.lua	0	768	768	32	256	64	0	32	0	384	80	0	0	0	0		1	0	0	320
20271	scripts/ai/StandardAI.lua	0	768	768	32	256	64	0	32	0	384	80	0	0	0	0		1	0	0	320
20272	scripts/ai/StandardAI.lua	0	768	768	32	256	64	0	32	0	384	80	0	0	0	0		1	0	0	320
20273	scripts\Map\英雄南诏皇宫\ai\3号BOSS龙王\萧沙.lua	0	768	768	32	256	64	0	32	0	384	80	0	0	0	0		0	0	0	320
20274	scripts\Map\英雄南诏皇宫\ai\3号BOSS龙王\王遗风.lua	0	768	768	32	256	64	0	32	0	384	80	0	0	0	0		0	0	0	320
20275	scripts\Map\英雄南诏皇宫\ai\3号BOSS龙王\谢渊.lua	0	768	768	32	256	64	0	32	0	384	80	0	0	0	0		0	0	0	320
20276	scripts\Map\英雄南诏皇宫\ai\3号BOSS龙王\莫雨.lua	0	768	768	32	256	64	0	32	0	384	80	0	0	0	0		0	0	0	320
20277	scripts\Map\英雄南诏皇宫\ai\3号BOSS龙王\毛毛.lua	0	768	768	32	256	64	0	32	0	384	80	0	0	0	0		0	0	0	320
20278	scripts\Map\英雄南诏皇宫\ai\4号BOSS摩提耶罗\摩提耶罗.lua	0	768	768	32	256	64	0	32	0	384	80	0	0	0	0		1	0	0	320
20279	scripts\Map\英雄南诏皇宫\ai\4号BOSS摩提耶罗\智慧王.lua	0	768	768	32	256	64	0	32	0	384	80	0	0	0	0		1	0	0	320
20280	scripts\Map\英雄南诏皇宫\ai\5号BOSS南诏王\阁罗凤.lua	1	5000	5000	0	1000	64	0	32	0	384	80	0	0	0	0		1	1	1	320
20281	scripts/ai/StandardAI.lua	0	768	768	32	256	64	0	32	0	384	80	0	0	0	0		1	0	0	320
20282	scripts/ai/StandardAI.lua	0	768	768	32	256	64	0	32	0	384	80	0	0	0	0		1	0	0	320
20283	scripts/ai/StandardAI.lua	0	768	768	32	256	64	0	32	0	384	80	0	0	0	0		1	0	0	320
20284	scripts\Map\英雄南诏皇宫\ai\特殊小怪\蛮王.lua	0	768	768	32	256	64	0	32	0	384	80	0	0	0	0		1	0	0	320
20285	scripts\Map\世界通用\ai\空.lua	0	768	768	32	256	64	0	32	0	384	80	0	0	0	0		1	0	0	320
20286	scripts\Map\成都\ai\表现专用标准AI变型.lua	0	768	768	32	256	64	0	32	0	384	80	0	0	0	0		1	0	0	320
20287	scripts\Map\英雄南诏皇宫\ai\6号BOSS李\陈和尚.lua	1	1024	768	32	256	64	0	32	0	384	80	0	0	0	0		1	1	1	320
20288	scripts\Map\英雄南诏皇宫\ai\6号BOSS李\康雪烛.lua	1	1024	768	32	256	64	0	32	0	384	80	0	0	0	0		1	1	1	320
20289	scripts\Map\英雄南诏皇宫\ai\6号BOSS李\李复&柳公子.lua	0	1024	768	32	256	64	0	32	0	384	80	0	0	0	0		1	1	1	320
20290	scripts\Map\成都\ai\表现专用标准AI变型.lua	0	768	768	32	256	64	0	32	0	384	80	0	0	0	0		1	0	0	320
20291	scripts/ai/StandardAI.lua	0	768	768	32	256	64	0	32	0	384	80	0	0	0	0		1	0	0	320
20292	scripts/ai/StandardAI.lua	0	768	768	32	256	64	0	32	0	384	80	0	0	0	0		1	0	0	320
20293	scripts/ai/StandardAI.lua	0	768	768	32	256	64	0	32	0	384	80	0	0	0	0		1	0	0	320
20294	scripts/ai/StandardAI.lua	0	768	768	32	256	64	0	32	0	384	80	0	0	0	0		1	0	0	320
20295	scripts/ai/StandardAI.lua	0	768	768	32	256	64	0	32	0	384	80	0	0	0	0		1	0	0	320
20296	scripts/ai/StandardAI.lua	0	768	768	32	256	64	0	32	0	384	80	0	0	0	0		1	0	0	320
20297	scripts/ai/StandardAI.lua	0	768	768	32	256	64	0	32	0	384	80	0	0	0	0		1	0	0	320
20298	scripts/ai/StandardAI.lua	0	768	768	32	256	64	0	32	0	384	80	0	0	0	0		1	0	0	320
20299	scripts/ai/StandardAI.lua	0	768	768	32	256	64	0	32	0	384	80	0	0	0	0		1	0	0	320
20300	scripts/ai/StandardAI.lua	0	768	768	32	256	64	0	32	0	384	80	0	0	0	0		1	0	0	320
20301	scripts/ai/StandardAI.lua	0	768	768	32	256	64	0	32	0	384	80	0	0	0	0		1	0	0	320
20302	scripts/ai/StandardAI.lua	0	768	768	32	256	64	0	32	0	384	80	0	0	0	0		1	0	0	320
20303	scripts/ai/StandardAI.lua	0	768	768	32	256	64	0	32	0	384	80	0	0	0	0		1	0	0	320
20304	scripts/ai/StandardAI.lua	0	768	768	32	256	64	0	32	0	384	80	0	0	0	0		1	0	0	320
20305	scripts/ai/StandardAI.lua	0	768	768	32	256	64	0	32	0	384	80	0	0	0	0		1	0	0	320
20306	scripts/ai/StandardAI.lua	0	768	768	32	256	64	0	32	0	384	80	0	0	0	0		1	0	0	320
20307	scripts/ai/StandardAI.lua	0	768	768	32	256	64	0	32	0	384	80	0	0	0	0		1	0	0	320
20308	scripts/ai/StandardAI.lua	0	768	768	32	256	64	0	32	0	384	80	0	0	0	0		1	0	0	320
20309	scripts/ai/StandardAI.lua	0	768	768	32	256	64	0	32	0	384	80	0	0	0	0		1	0	0	320
20310	scripts/ai/StandardAI.lua	0	768	768	32	256	64	0	32	0	384	80	0	0	0	0		1	0	0	320
20311	scripts/ai/StandardAI.lua	0	768	768	32	256	64	0	32	0	384	80	0	0	0	0		1	0	0	320
20312	scripts\Map\英雄南诏皇宫\ai\特殊小怪\螺旋铁刃.lua	0	768	768	32	256	64	0	32	0	384	80	0	0	0	0		1	0	0	320
20313	scripts\Map\英雄南诏皇宫\ai\特殊小怪\开关螺旋.lua	0	768	768	32	256	64	0	32	0	384	80	0	0	0	0		1	0	0	320
20314	scripts\Map\英雄南诏皇宫\ai\特殊小怪\螺旋铁刃.lua	0	768	768	32	256	64	0	32	0	384	80	0	0	0	0		1	0	0	320
20315	scripts/ai/StandardAI.lua	0	768	768	32	256	64	0	32	0	384	80	0	0	0	0		1	0	0	320
20316	scripts/ai/StandardAI.lua	0	768	768	32	256	64	0	32	0	384	80	0	0	0	0		1	0	0	320
20317	scripts/ai/StandardAI.lua	0	768	768	32	256	64	0	32	0	384	80	0	0	0	0		1	0	0	320
20318	scripts/ai/StandardAI.lua	0	768	768	32	256	64	0	32	0	384	80	0	0	0	0		1	0	0	320
20319	scripts/ai/StandardAI.lua	0	768	768	32	256	64	0	32	0	384	80	0	0	0	0		1	0	0	320
20320	scripts\Map\南诏皇宫\ai\特殊小怪\守备官.lua	0	768	768	32	256	64	0	32	0	384	80	0	0	0	0		1	0	0	320
20321	scripts/ai/StandardAI.lua	0	768	1536	32	256	64	0	32	0	384	80	0	0	0	0		1	-1	0	320
20322	scripts/ai/DungeonStandardAI.lua	0	768	1536	32	256	64	0	32	0	384	80	0	0	0	0		1	1	0	320
20323	scripts\Map\南诏皇宫\ai\友方相关\联合军射手段位.lua	0	768	768	32	256	64	0	32	0	384	80	0	0	0	0		1	0	0	320
20324	scripts\Map\南诏皇宫\ai\友方相关\联合军射手段位.lua	0	768	768	32	256	64	0	32	0	384	80	0	0	0	0		1	0	0	320
20325	scripts\Map\南诏皇宫\ai\友方相关\联合军刀兵段位.lua	0	768	768	32	256	64	0	32	0	384	80	0	0	0	0		1	0	0	320
20326	scripts\Map\南诏皇宫\ai\友方相关\联合军刀兵段位.lua	0	768	768	32	256	64	0	32	0	384	80	0	0	0	0		1	0	0	320
20327	scripts\Map\南诏皇宫\ai\友方相关\联合军盾枪段位.lua	0	768	768	32	256	64	0	32	0	384	80	0	0	0	0		1	0	0	320
20328	scripts\Map\南诏皇宫\ai\友方相关\联合军盾枪段位.lua	0	768	768	32	256	64	0	32	0	384	80	0	0	0	0		1	0	0	320
20329	scripts/ai/StandardAI.lua	0	768	768	32	256	64	0	32	0	384	80	0	0	0	0		1	0	0	320
20330	scripts/ai/StandardAI.lua	0	768	768	32	256	64	0	32	0	384	80	0	0	0	0		1	0	0	320
20331	scripts/ai/StandardAI.lua	0	768	768	32	256	64	0	32	0	384	80	0	0	0	0		1	0	0	320
20332	scripts\Map\南诏皇宫\ai\友方相关\可被击飞物件.lua	0	768	768	32	256	64	0	32	0	384	80	0	0	0	0		1	0	0	320
20333	scripts\Map\南诏皇宫\ai\友方相关\跟随的军官.lua	0	768	768	32	256	64	0	32	0	384	80	0	0	0	0		1	0	0	320
20334	scripts/ai/StandardAI.lua	0	768	768	32	256	64	0	32	0	384	80	0	0	0	0		1	0	0	320
20335	scripts\Map\南诏皇宫\ai\友方相关\跟随的军官.lua	0	768	768	32	256	64	0	32	0	384	80	0	0	0	0		1	0	0	320
20336	scripts/ai/StandardAI.lua	0	768	768	32	256	64	0	32	0	384	80	0	0	0	0		1	0	0	320
20337	scripts/ai/StandardAI.lua	0	768	768	32	256	64	0	32	0	384	80	0	0	0	0		1	0	0	320
20338	scripts/ai/StandardAI.lua	0	768	768	32	256	64	0	32	0	384	80	0	0	0	0		1	0	0	320
20339	scripts/ai/StandardAI.lua	0	768	768	32	256	64	0	32	0	384	80	0	0	0	0		1	0	0	320
20340	scripts/ai/StandardAI.lua	0	768	768	32	256	64	0	32	0	384	80	0	0	0	0		1	0	0	320
20341	scripts/ai/StandardAI.lua	0	768	768	32	256	64	0	32	0	384	80	0	0	0	0		1	0	0	320
20342	scripts/ai/StandardAI.lua	0	768	768	32	256	64	0	32	0	384	80	0	0	0	0		1	0	0	320
20343	scripts/ai/DungeonStandardAI.lua	0	1536	1536	32	256	64	0	32	0	384	80	0	0	0	0		1	1	0	320
20344	scripts/ai/StandardAI.lua	0	768	768	32	256	64	0	32	0	384	80	0	0	0	0		1	0	0	320
20345	scripts/ai/StandardAI.lua	0	768	768	32	256	64	0	32	0	384	80	0	0	0	0		1	0	0	320
20346	scripts/ai/StandardAI.lua	0	768	768	32	256	64	0	32	0	384	80	0	0	0	0		1	0	0	320
20347	scripts/ai/StandardAI.lua	0	768	768	32	256	64	0	32	0	384	80	0	0	0	0		1	0	0	320
20348	scripts/ai/StandardAI.lua	0	768	768	32	256	64	0	32	0	384	80	0	0	0	0		1	0	0	320
20349	scripts/ai/StandardAI.lua	0	768	768	32	256	64	0	32	0	384	80	0	0	0	0		1	0	0	320
20350	scripts/ai/StandardAI.lua	0	768	768	32	256	64	0	32	0	384	80	0	0	0	0		1	0	0	320
20351	scripts/ai/StandardAI.lua	0	768	768	32	256	64	0	32	0	384	80	0	0	0	0		1	0	0	320
20352	scripts/ai/StandardAI.lua	0	768	768	32	256	64	0	32	0	384	80	0	0	0	0		1	0	0	320
20353	scripts/ai/StandardAI.lua	0	768	768	32	256	64	0	32	0	384	80	0	0	0	0		1	0	0	320
20354	scripts/ai/StandardAI.lua	0	768	768	32	256	64	0	32	0	384	80	0	0	0	0		1	0	0	320
20355	scripts/ai/StandardAI.lua	0	768	768	32	256	64	0	32	0	384	80	0	0	0	0		1	0	0	320
20356	scripts/ai/StandardAI.lua	0	768	768	32	256	64	0	32	0	384	80	0	0	0	0		1	0	0	320
20357	scripts/ai/StandardAI.lua	0	768	768	32	256	64	0	32	0	384	80	0	0	0	0		1	0	0	320
20358	scripts\Map\英雄南诏皇宫\ai\1号枯荣大师\枯荣大师总控.lua	1	1024	768	32	256	64	0	32	0	384	80	0	0	0	0		1	1	1	320
20359	scripts\Map\英雄南诏皇宫\ai\1号枯荣大师\六脉剑阵总控.lua	1	1024	768	32	256	64	0	32	0	384	80	0	0	0	0		1	1	1	320
20360	scripts\Map\英雄南诏皇宫\ai\1号枯荣大师\枯荣大师.lua	1	1024	768	32	256	64	0	32	0	384	80	0	0	0	0		1	1	1	320
20361	scripts\Map\英雄南诏皇宫\ai\1号枯荣大师\六脉神剑.lua	1	1024	768	32	256	64	0	32	0	384	80	0	0	0	0		1	1	1	320
20362	scripts\Map\英雄南诏皇宫\ai\1号枯荣大师\六脉神剑.lua	1	1024	768	32	256	64	0	32	0	384	80	0	0	0	0		1	1	1	320
20363	scripts\Map\英雄南诏皇宫\ai\1号枯荣大师\六脉神剑.lua	1	1024	768	32	256	64	0	32	0	384	80	0	0	0	0		1	1	1	320
20364	scripts\Map\英雄南诏皇宫\ai\1号枯荣大师\六脉神剑.lua	1	1024	768	32	256	64	0	32	0	384	80	0	0	0	0		1	1	1	320
20365	scripts\Map\英雄南诏皇宫\ai\1号枯荣大师\六脉神剑.lua	1	1024	768	32	256	64	0	32	0	384	80	0	0	0	0		1	1	1	320
20366	scripts\Map\英雄南诏皇宫\ai\1号枯荣大师\六脉神剑.lua	1	1024	768	32	256	64	0	32	0	384	80	0	0	0	0		1	1	1	320
20367	scripts\Map\英雄南诏皇宫\ai\特殊小怪\蛮王守卫.lua	0	768	768	32	256	64	0	32	0	384	80	0	0	0	0		1	0	0	320
20368	scripts/ai/DungeonStandardAI.lua	0	768	860	32	256	64	0	32	0	384	80	0	0	0	0		1	1	0	320
20369	scripts/ai/StandardAI.lua	0	768	768	32	256	64	0	32	0	384	80	0	0	0	0		1	0	0	320
20370	scripts\Map\英雄南诏皇宫\ai\3号BOSS龙王\破坏的物件.lua	0	768	768	32	256	64	0	32	0	384	80	0	0	0	0		1	0	0	320
20371	scripts/ai/StandardAI.lua	0	768	768	32	256	64	0	32	0	384	80	0	0	0	0		1	0	0	320
20372	scripts/ai/StandardAI.lua	0	768	768	32	256	64	0	32	0	384	80	0	0	0	0		1	0	0	320
20373	scripts/ai/StandardAI.lua	0	768	768	32	256	64	0	32	0	384	80	0	0	0	0		1	0	0	320
20374	scripts/ai/StandardAI.lua	0	768	768	32	256	64	0	32	0	384	80	0	0	0	0		1	0	0	320
20375	scripts/ai/StandardAI.lua	0	768	768	32	256	64	0	32	0	384	80	0	0	0	0		1	0	0	320
20376	scripts/ai/StandardAI.lua	0	768	768	32	256	64	0	32	0	384	80	0	0	0	0		1	0	0	320
20377	scripts/ai/StandardAI.lua	0	768	768	32	256	64	0	32	0	384	80	0	0	0	0		1	0	0	320
20378	scripts/ai/StandardAI.lua	0	768	768	32	256	64	0	32	0	384	80	0	0	0	0		1	0	0	320
20379	scripts/ai/StandardAI.lua	0	768	768	32	256	64	0	32	0	384	80	0	0	0	0		1	0	0	320
20380	scripts/ai/StandardAI.lua	0	768	768	32	256	64	0	32	0	384	80	0	0	0	0		1	0	0	320
20381	scripts\Map\南诏皇宫\ai\特殊小怪\大刀侍.lua	0	768	768	32	256	64	0	32	0	384	80	0	0	0	0		1	0	0	320
20382	scripts\Map\英雄南诏皇宫\ai\2号BOSS将军\段宗公.lua	0	768	768	32	256	64	0	32	0	384	80	0	0	0	0		1	0	0	320
20383	scripts\Map\英雄南诏皇宫\ai\2号BOSS将军\泰崇傣.lua	0	768	768	32	256	64	0	32	0	384	80	0	0	0	0		1	0	0	320
20384	scripts\Map\英雄南诏皇宫\ai\2号BOSS将军\阁罗鸿.lua	0	768	768	32	256	64	0	32	0	384	80	0	0	0	0		1	0	0	320
20385	scripts/ai/StandardAI.lua	0	768	768	32	256	64	0	32	0	384	80	0	0	0	0		1	0	0	320
20386	scripts\Map\英雄南诏皇宫\ai\2号BOSS将军\P1泰拳兵.lua	0	768	768	32	256	64	0	32	0	384	80	0	0	0	0		1	0	0	320
20387	scripts\Map\英雄南诏皇宫\ai\2号BOSS将军\P1枪斧兵.lua	0	768	768	32	256	64	0	32	0	384	80	0	0	0	0		1	0	0	320
20388	scripts\Map\英雄南诏皇宫\ai\2号BOSS将军\P2枪斧卫统帅.lua	0	768	768	32	256	64	0	32	0	384	80	0	0	0	0		1	0	0	320
20389	scripts\Map\英雄南诏皇宫\ai\2号BOSS将军\红球.lua	0	768	768	32	256	64	0	32	0	384	80	0	0	0	0		1	0	0	320
20390	scripts\Map\英雄南诏皇宫\ai\2号BOSS将军\绿球.lua	0	768	768	32	256	64	0	32	0	384	80	0	0	0	0		1	0	0	320
20391	scripts\Map\英雄南诏皇宫\ai\2号BOSS将军\P1引导者（敌对NPC）.lua	0	768	768	32	256	64	0	32	0	384	80	0	0	0	0		1	0	0	320
20392	scripts\Map\英雄南诏皇宫\ai\2号BOSS将军\25人版P1武器buff控制.lua	0	768	768	32	256	64	0	32	0	384	80	0	0	0	0		1	0	0	320
20393	scripts\Map\英雄南诏皇宫\ai\2号BOSS将军\P1引导者（敌对NPC）.lua	0	768	768	32	256	64	0	32	0	384	80	0	0	0	0		1	0	0	320
20394	scripts\Map\英雄南诏皇宫\ai\2号BOSS将军\火墙特效啊.lua	0	768	768	32	256	64	0	32	0	384	80	0	0	0	0		1	0	0	320
20395	scripts/ai/StandardAI.lua	0	768	768	32	256	64	0	32	0	384	80	0	0	0	0		1	0	0	320
20396	scripts\Map\英雄南诏皇宫\ai\2号BOSS将军\P2 标记buff控制.lua	0	768	768	32	256	64	0	32	0	384	80	0	0	0	0		1	0	0	320
20397	scripts\Map\英雄南诏皇宫\ai\2号BOSS将军\段宗公技能控制.lua	0	768	768	32	256	64	0	32	0	384	80	0	0	0	0		1	0	0	320
20398	scripts\Map\英雄南诏皇宫\ai\2号BOSS将军\双BOSS阶段控制.lua	0	768	768	32	256	64	0	32	0	384	80	0	0	0	0		1	0	0	320
20399	scripts\Map\英雄南诏皇宫\ai\2号BOSS将军\双BOSS距离监控.lua	0	768	768	32	256	64	0	32	0	384	80	0	0	0	0		1	0	0	320
20400	scripts\Map\英雄南诏皇宫\ai\2号BOSS将军\泰崇傣技能控制.lua	0	768	768	32	256	64	0	32	0	384	80	0	0	0	0		1	0	0	320
20401	scripts\Map\英雄南诏皇宫\ai\2号BOSS将军\泰崇傣残背buff控制.lua	0	768	768	32	256	64	0	32	0	384	80	0	0	0	0		1	0	0	320
20402	scripts\Map\英雄南诏皇宫\ai\2号BOSS将军\震压火圈.lua	0	768	768	32	256	64	0	32	0	384	80	0	0	0	0		1	0	0	320
20403	scripts\Map\英雄南诏皇宫\ai\2号BOSS将军\火墙打伤害(挂起).lua	0	768	768	32	256	64	0	32	0	384	80	0	0	0	0		1	0	0	320
20404	scripts\Map\英雄南诏皇宫\ai\2号BOSS将军\火墙总控.lua	0	768	768	32	256	64	0	32	0	384	80	0	0	0	0		1	0	0	320
20405	scripts\Map\英雄南诏皇宫\ai\2号BOSS将军\火墙.lua	0	768	768	32	256	64	0	32	0	384	80	0	0	0	0		1	0	0	320
20406	scripts\Map\英雄南诏皇宫\ai\2号BOSS将军\火墙.lua	0	768	768	32	256	64	0	32	0	384	80	0	0	0	0		1	0	0	320
20407	scripts\Map\英雄南诏皇宫\ai\3号BOSS龙王\破坏的物件.lua	0	768	768	32	256	64	0	32	0	384	80	0	0	0	0		1	0	0	320
20408	scripts\Map\英雄南诏皇宫\ai\3号BOSS龙王\破坏的物件.lua	0	768	768	32	256	64	0	32	0	384	80	0	0	0	0		1	0	0	320
20409	scripts\Map\英雄南诏皇宫\ai\3号BOSS龙王\破坏的物件.lua	0	768	768	32	256	64	0	32	0	384	80	0	0	0	0		1	0	0	320
20410	scripts\Map\英雄南诏皇宫\ai\3号BOSS龙王\破坏的物件.lua	0	768	768	32	256	64	0	32	0	384	80	0	0	0	0		1	0	0	320
20411	scripts\Map\英雄南诏皇宫\ai\3号BOSS龙王\龙相波诺功.lua	0	768	768	32	256	64	0	32	0	384	80	0	0	0	0		1	0	0	320
20412	scripts\Map\英雄南诏皇宫\ai\3号BOSS龙王\李复.lua	0	768	768	32	256	64	0	32	0	384	80	0	0	0	0		0	0	0	320
20413	scripts\Map\英雄南诏皇宫\ai\3号BOSS龙王\龙王战斗总控.lua	0	768	768	32	256	64	0	32	0	384	80	0	0	0	0		1	0	0	320
20414	scripts\Map\英雄南诏皇宫\ai\3号BOSS龙王\范围总控.lua	0	768	768	32	256	64	0	32	0	384	80	0	0	0	0		1	0	0	320
20415	scripts\Map\英雄南诏皇宫\ai\3号BOSS龙王\八部浮图气劲.lua	0	768	768	32	256	64	0	32	0	384	80	0	0	0	0		1	0	0	320
20416	scripts\Map\英雄南诏皇宫\ai\3号BOSS龙王\御龙卸甲虚拟体.lua	0	768	768	32	256	64	0	32	0	384	80	0	0	0	0		1	0	0	320
20417	scripts\Map\英雄南诏皇宫\ai\3号BOSS龙王\小萝莉.lua	0	768	768	32	256	64	0	32	0	384	80	0	0	0	0		0	0	0	320
20418	scripts\Map\英雄南诏皇宫\ai\3号BOSS龙王\冰雪霜皇气场.lua	0	768	768	32	256	64	0	32	0	384	80	0	0	0	0		1	0	0	320
20419	scripts\Map\英雄南诏皇宫\ai\3号BOSS龙王\迦楼罗气场.lua	0	768	768	32	256	64	0	32	0	384	80	0	0	0	0		1	0	0	320
20420	scripts\Map\英雄南诏皇宫\ai\3号BOSS龙王\剧情表现AI.lua	0	768	768	32	256	64	0	32	0	384	80	0	0	0	0		1	0	0	320
20421	scripts/ai/StandardAI.lua	0	768	768	32	256	64	0	32	0	384	80	0	0	0	0		1	0	0	320
20422	scripts\Map\英雄南诏皇宫\ai\5号BOSS南诏王\陈和尚.lua	1	5000	5000	0	1000	64	0	32	0	384	80	0	0	0	0		1	1	1	320
20423	scripts\Map\英雄南诏皇宫\ai\5号BOSS南诏王\康雪烛.lua	1	5000	5000	0	1000	64	0	32	0	384	80	0	0	0	0		1	1	1	320
20424	scripts/ai/StandardAI.lua	0	768	768	32	256	64	0	32	0	384	80	0	0	0	0		1	0	0	320
20425	scripts\Map\南诏皇宫\ai\特殊小怪\队列技能释放控制.lua	0	768	768	32	256	64	0	32	0	384	80	0	0	0	0		1	0	0	320
20426	scripts\Map\英雄南诏皇宫\ai\5号BOSS南诏王\柳公子.lua	1	5000	5000	0	1000	64	0	32	0	384	80	0	0	0	0		1	1	1	320
20427	scripts\Map\英雄南诏皇宫\ai\4号BOSS摩提耶罗\摩提耶罗总控.lua	0	768	768	32	256	64	0	32	512	384	80	0	0	0	0		1	0	0	320
20428	scripts\Map\英雄南诏皇宫\ai\4号BOSS摩提耶罗\战斗莫雨.lua	0	768	768	32	256	64	0	32	0	384	80	0	0	0	0		1	0	0	320
20429	scripts\Map\英雄南诏皇宫\ai\4号BOSS摩提耶罗\裂岩.lua	0	768	768	32	256	64	0	32	512	384	80	0	0	0	0		1	0	0	320
20430	scripts\Map\英雄南诏皇宫\ai\4号BOSS摩提耶罗\冲击波.lua	0	768	768	32	256	64	0	32	0	384	80	0	0	0	0		1	0	0	320
20431	scripts\Map\英雄南诏皇宫\ai\4号BOSS摩提耶罗\一阶段莫雨吸收火球放大招.lua	0	768	768	32	256	64	0	32	512	384	80	0	0	0	0		1	0	0	320
20432	scripts\Map\英雄南诏皇宫\ai\4号BOSS摩提耶罗\烈焰红球波.lua	0	768	768	32	256	64	0	32	0	384	80	0	0	0	0		1	0	0	320
20433	scripts\Map\英雄南诏皇宫\ai\4号BOSS摩提耶罗\阶段控制.lua	0	768	768	32	256	64	0	32	512	384	80	0	0	0	0		1	0	0	320
20434	scripts\Map\英雄南诏皇宫\ai\4号BOSS摩提耶罗\摩提耶罗梵音控制.lua	0	768	768	32	256	64	0	32	512	384	80	0	0	0	0		1	0	0	320
20435	scripts\Map\英雄南诏皇宫\ai\4号BOSS摩提耶罗\梵音阶段共振控制.lua	0	768	768	32	256	64	0	32	512	384	80	0	0	0	0		1	0	0	320
20436	scripts\Map\英雄南诏皇宫\ai\4号BOSS摩提耶罗\大钟.lua	0	768	768	32	256	64	0	32	0	384	80	0	0	0	0		1	0	0	320
20437	scripts\Map\英雄南诏皇宫\ai\4号BOSS摩提耶罗\梵音12号.lua	0	768	768	32	256	64	0	32	0	384	80	0	0	0	0		1	0	0	320
20438	scripts\Map\英雄南诏皇宫\ai\4号BOSS摩提耶罗\梵音34号.lua	0	768	768	32	256	64	0	32	0	384	80	0	0	0	0		1	0	0	320
20439	scripts\Map\南诏皇宫\ai\特殊小怪\队列判断行为总控.lua	0	768	768	32	256	64	0	32	0	384	80	0	0	0	0		1	0	0	320
20440	scripts\Map\英雄南诏皇宫\ai\4号BOSS摩提耶罗\梵音阶段全场控制.lua	0	768	768	32	256	64	0	32	512	384	80	0	0	0	0		1	0	0	320
20441	scripts\Map\英雄南诏皇宫\ai\4号BOSS摩提耶罗\李复.lua	0	768	768	32	256	64	0	32	0	384	80	0	0	0	0		1	0	0	320
20442	scripts\Map\英雄南诏皇宫\ai\4号BOSS摩提耶罗\摩提耶罗剧情控制.lua	0	768	768	32	256	64	0	32	512	384	80	0	0	0	0		1	0	0	320
20443	scripts\Map\英雄南诏皇宫\ai\4号BOSS摩提耶罗\裂岩.lua	0	768	768	32	256	64	0	32	0	384	80	0	0	0	0		1	0	0	320
20444	scripts\Map\英雄南诏皇宫\ai\特殊小怪\猎头射生.lua	0	768	768	32	256	64	0	32	0	384	80	0	0	0	0		1	0	0	320
20445	scripts\Map\英雄南诏皇宫\ai\4号BOSS摩提耶罗\太祖长拳裂岩控制.lua	0	768	768	32	256	64	0	32	512	384	80	0	0	0	0		1	0	0	320
20446	scripts\Map\英雄南诏皇宫\ai\4号BOSS摩提耶罗\龙爪功轰雷技能控制.lua	0	768	768	32	256	64	0	32	512	384	80	0	0	0	0		1	0	0	320
20447	scripts\Map\英雄南诏皇宫\ai\4号BOSS摩提耶罗\火云掌技能控制.lua	0	768	768	32	256	64	0	32	512	384	80	0	0	0	0		1	0	0	320
20448	scripts\Map\英雄南诏皇宫\ai\4号BOSS摩提耶罗\裂岩.lua	0	768	768	32	256	64	0	32	512	384	80	0	0	0	0		1	0	0	320
20449	scripts\Map\英雄南诏皇宫\ai\4号BOSS摩提耶罗\真气.lua	0	768	768	32	256	64	0	32	512	384	80	0	0	0	0		1	0	0	320
20450	scripts\Map\英雄南诏皇宫\ai\2号BOSS将军\10人版命运链接控制.lua	0	768	768	32	256	64	0	32	0	384	80	0	0	0	0		1	0	0	320
20451	scripts\Map\英雄南诏皇宫\ai\2号BOSS将军\阁罗鸿技能控制.lua	0	768	768	32	256	64	0	32	0	384	80	0	0	0	0		1	0	0	320
20452	scripts\Map\英雄南诏皇宫\ai\2号BOSS将军\曹雪阳.lua	0	768	768	32	256	64	0	32	0	384	80	0	0	0	0		1	0	0	320
20453	scripts\Map\英雄南诏皇宫\ai\2号BOSS将军\P1小怪控制.lua	0	768	768	32	256	64	0	32	0	384	80	0	0	0	0		1	0	0	320
20454	scripts\Map\英雄南诏皇宫\ai\2号BOSS将军\狂沙打伤害.lua	0	768	768	32	256	64	0	32	0	384	80	0	0	0	0		1	0	0	320
20455	scripts\Map\英雄南诏皇宫\ai\2号BOSS将军\盔甲残片.lua	0	768	768	32	256	64	0	32	0	384	80	0	0	0	0		1	0	0	320
20456	scripts\Map\英雄南诏皇宫\ai\2号BOSS将军\P1引导者（友方NPC）总控.lua	0	768	768	32	256	64	0	32	0	384	80	0	0	0	0		1	0	0	320
20457	scripts\Map\英雄南诏皇宫\ai\2号BOSS将军\P1引导者（友方NPC）.lua	0	768	768	32	256	64	0	32	0	384	80	0	0	0	0		1	0	0	320
20458	scripts\Map\英雄南诏皇宫\ai\2号BOSS将军\脱战总控.lua	0	768	768	32	256	64	0	32	0	384	80	0	0	0	0		1	0	0	320
20459	scripts\Map\英雄南诏皇宫\ai\2号BOSS将军\10人版武器.lua	0	768	768	32	256	64	0	32	0	384	80	0	0	0	0		1	0	0	320
20460	scripts\Map\英雄南诏皇宫\ai\2号BOSS将军\盔甲残片总控.lua	0	768	768	32	256	64	0	32	0	384	80	0	0	0	0		1	0	0	320
20461	scripts\Map\英雄南诏皇宫\ai\2号BOSS将军\火尘枪 AOE 打伤害.lua	0	768	768	32	256	64	0	32	0	384	80	0	0	0	0		1	0	0	320
20462	scripts/ai/DungeonStandardAI.lua	1	1024	768	32	256	64	0	32	0	384	80	0	0	0	0		1	1	1	320
20463	scripts/ai/DungeonStandardAI.lua	1	1024	768	32	256	64	0	32	0	384	80	0	0	0	0		1	1	1	320
20464	scripts/ai/DungeonStandardAI.lua	1	1024	768	32	256	64	0	32	0	384	80	0	0	0	0		1	1	1	320
20465	scripts\Map\英雄南诏皇宫\ai\4号BOSS摩提耶罗\狮子吼技能控制.lua	0	768	768	32	256	64	0	32	512	384	80	0	0	0	0		1	0	0	320
20466	scripts\Map\英雄南诏皇宫\ai\4号BOSS摩提耶罗\二阶段莫雨寒冰碎片大招控制.lua	0	768	768	32	256	64	0	32	512	384	80	0	0	0	0		1	0	0	320
20467	scripts\Map\英雄南诏皇宫\ai\特殊小怪\毒口.lua	0	768	768	32	256	64	0	32	0	384	80	0	0	0	0		1	0	0	320
20468	scripts/ai/StandardAI.lua	0	768	768	32	256	64	0	32	0	384	80	0	0	0	0		1	0	0	320
20469	scripts\Map\英雄南诏皇宫\ai\4号BOSS摩提耶罗\哪来的天竺和尚.lua	0	768	768	32	256	64	0	32	512	384	80	0	0	0	0		1	0	0	320
20470	scripts\Map\英雄南诏皇宫\ai\4号BOSS摩提耶罗\易筋经释放控制.lua	0	768	768	32	256	64	0	32	512	384	80	0	0	0	0		1	0	0	320
20471	scripts\Map\英雄南诏皇宫\ai\4号BOSS摩提耶罗\天竺僧-大汉.lua	0	768	768	32	256	64	0	32	0	384	80	0	0	0	0		1	0	0	320
20472	scripts\Map\英雄南诏皇宫\ai\4号BOSS摩提耶罗\天竺僧-中型.lua	0	768	768	32	256	64	0	32	0	384	80	0	0	0	0		1	0	0	320
20473	scripts/ai/StandardAI.lua	0	768	768	32	256	64	0	32	0	384	80	0	0	0	0		1	0	0	320
20474	scripts\Map\英雄南诏皇宫\ai\4号BOSS摩提耶罗\火焰分身.lua	0	768	768	32	256	64	0	32	0	384	80	0	0	0	0		1	0	0	320
20475	scripts\Map\世界通用\ai\空.lua	1	1024	768	32	256	64	0	32	0	384	80	0	0	0	0		1	1	1	320
20476	scripts/ai/DungeonStandardAI.lua	1	1024	768	32	256	64	0	32	0	384	80	0	0	0	0		1	1	1	320
20477	scripts/ai/DungeonStandardAI.lua	1	1024	768	32	256	64	0	32	0	384	80	0	0	0	0		1	1	1	320
20478	scripts/ai/StandardAI.lua	0	768	768	32	256	64	0	32	0	384	80	0	0	0	0		1	0	0	320
20479	scripts\Map\世界通用\ai\演员可对话.lua	1	1024	768	32	256	64	0	32	0	384	80	0	0	0	0		1	1	1	320
20480	scripts\Map\世界通用\ai\空.lua	1	1024	768	32	256	64	0	32	0	384	80	0	0	0	0		1	1	1	320
20481	scripts\Map\世界通用\ai\空.lua	1	1024	768	32	256	64	0	32	0	384	80	0	0	0	0		1	1	1	320
20482	scripts\Map\英雄南诏皇宫\ai\5号BOSS南诏王\柳公子分身.lua	1	1024	768	32	256	64	0	32	0	384	80	0	0	0	0		1	1	1	320
20483	scripts\Map\英雄南诏皇宫\ai\5号BOSS南诏王\柳公子分身.lua	1	1024	768	32	256	64	0	32	0	384	80	0	0	0	0		1	1	1	320
20484	scripts/ai/DungeonStandardAI.lua	1	1024	768	32	256	64	0	32	0	384	80	0	0	0	0		1	1	1	320
20485	scripts/ai/StandardAI.lua	0	768	768	32	256	64	0	32	0	384	80	0	0	0	0		1	0	0	320
20486	scripts/ai/StandardAI.lua	0	768	768	32	256	64	0	32	0	384	80	0	0	0	0		1	0	0	320
20487	scripts/ai/StandardAI.lua	0	768	768	32	256	64	0	32	0	384	80	0	0	0	0		1	0	0	320
20488	scripts/ai/StandardAI.lua	0	768	768	32	256	64	0	32	0	384	80	0	0	0	0		1	0	0	320
20489	scripts/ai/StandardAI.lua	0	768	768	32	256	64	0	32	0	384	80	0	0	0	0		1	0	0	320
20490	scripts/ai/StandardAI.lua	0	768	768	32	256	64	0	32	0	384	80	0	0	0	0		1	0	0	320
20491	scripts/ai/StandardAI.lua	0	768	768	32	256	64	0	32	0	384	80	0	0	0	0		1	0	0	320
20492	scripts\Map\英雄南诏皇宫\ai\5号BOSS南诏王\狼魂.lua	1	5000	5000	10	1000	64	0	32	0	384	80	0	0	0	0		1	1	1	320
20493	scripts\Map\英雄南诏皇宫\ai\5号BOSS南诏王\破碎的桌椅.lua	1	1024	768	32	256	64	0	32	0	384	80	0	0	0	0		1	1	1	320
20494	scripts/ai/StandardAI.lua	0	768	768	32	256	64	0	32	0	384	80	0	0	0	0		1	0	0	320
20495	scripts\Map\英雄南诏皇宫\ai\1号枯荣大师\跟随目标.lua	1	1024	768	32	256	64	0	32	0	384	80	0	0	0	0		1	1	1	320
20496	scripts\Map\英雄南诏皇宫\ai\1号枯荣大师\剑气激荡.lua	1	1024	768	32	256	64	0	32	0	384	80	0	0	0	0		1	1	1	320
20497	scripts\Map\英雄南诏皇宫\ai\1号枯荣大师\剑气激荡.lua	1	1024	768	32	256	64	0	32	0	384	80	0	0	0	0		1	1	1	320
20498	scripts\Map\英雄南诏皇宫\ai\1号枯荣大师\剑气激荡.lua	1	1024	768	32	256	64	0	32	0	384	80	0	0	0	0		1	1	1	320
20499	scripts\Map\英雄南诏皇宫\ai\1号枯荣大师\剑气激荡.lua	1	1024	768	32	256	64	0	32	0	384	80	0	0	0	0		1	1	1	320
20500	scripts\Map\英雄南诏皇宫\ai\1号枯荣大师\剑气激荡.lua	1	1024	768	32	256	64	0	32	0	384	80	0	0	0	0		1	1	1	320
20501	scripts\Map\英雄南诏皇宫\ai\1号枯荣大师\剑气激荡.lua	1	1024	768	32	256	64	0	32	0	384	80	0	0	0	0		1	1	1	320
20502	scripts\Map\英雄南诏皇宫\ai\4号BOSS摩提耶罗\真气窜动.lua	0	768	768	32	256	64	0	32	512	384	80	0	0	0	0		1	0	0	320
20503	scripts\Map\英雄南诏皇宫\ai\4号BOSS摩提耶罗\天竺僧-大汉正门.lua	0	768	768	32	256	64	0	32	0	384	80	0	0	0	0		1	0	0	320
20504	scripts\Map\英雄南诏皇宫\ai\4号BOSS摩提耶罗\天竺僧-中型正门.lua	0	768	768	32	256	64	0	32	0	384	80	0	0	0	0		1	0	0	320
20505	scripts\Map\英雄南诏皇宫\ai\1号枯荣大师\冰棺.lua	1	1024	768	32	256	64	0	32	0	384	80	0	0	0	0		1	1	1	320
20506	scripts\Map\英雄南诏皇宫\ai\4号BOSS摩提耶罗\落石.lua	0	768	768	32	256	64	0	32	0	384	80	0	0	0	0		1	0	0	320
20507	scripts\Map\英雄南诏皇宫\ai\1号枯荣大师\战斗中对话.lua	1	1024	768	32	256	64	0	32	0	384	80	0	0	0	0		1	1	1	320
20508	scripts/ai/StandardAI.lua	0	768	768	32	256	64	0	32	0	384	80	0	0	0	0		1	0	0	320
20509	scripts\Map\南诏皇宫\ai\友方相关\跟随的军官.lua	0	768	768	32	256	64	0	32	0	384	80	0	0	0	0		1	0	0	320
20510	scripts\Map\南诏皇宫\ai\友方相关\跟随的军官.lua	0	768	768	32	256	64	0	32	0	384	80	0	0	0	0		1	0	0	320
20511	scripts/ai/StandardAI.lua	0	768	768	32	256	64	0	32	0	384	80	0	0	0	0		1	0	0	320
20512	scripts\Map\英雄南诏皇宫\ai\4号BOSS摩提耶罗\棋局减益控制.lua	0	768	768	32	256	64	0	32	512	384	80	0	0	0	0		1	0	0	320
20513	scripts\Map\英雄南诏皇宫\ai\4号BOSS摩提耶罗\棋局增益控制.lua	0	768	768	32	256	64	0	32	512	384	80	0	0	0	0		1	0	0	320
20514	scripts\Map\英雄南诏皇宫\ai\2号BOSS将军\绿球AOE打伤害.lua	0	768	768	32	256	64	0	32	0	384	80	0	0	0	0		1	0	0	320
20515	scripts/ai/StandardAI.lua	0	768	768	32	256	64	0	32	0	384	80	0	0	0	0		1	0	0	320
20516	scripts\Map\南诏皇宫\ai\军阵控制AI相关\近战士兵通用AI.lua	0	768	768	32	256	64	0	32	0	384	80	0	0	0	0		1	0	0	320
20517	scripts\Map\南诏皇宫\ai\军阵控制AI相关\近战士兵通用AI.lua	0	768	768	32	256	64	0	32	0	384	80	0	0	0	0		1	0	0	320
20518	scripts\Map\南诏皇宫\ai\军阵控制AI相关\弓箭手通用AI.lua	0	768	768	32	256	64	0	32	0	384	80	0	0	0	0		1	0	0	320
20519	scripts\Map\南诏皇宫\ai\军阵控制AI相关\近战士兵通用AI.lua	0	768	768	32	256	64	0	32	0	384	80	0	0	0	0		1	0	0	320
20520	scripts\Map\南诏皇宫\ai\军阵控制AI相关\骑兵通用.lua	0	768	768	32	256	64	0	32	0	384	80	0	0	0	0		1	0	0	320
20521	scripts\Map\南诏皇宫\ai\军阵控制AI相关\近战士兵通用AI.lua	0	768	768	32	256	64	0	32	0	384	80	0	0	0	0		1	0	0	320
20522	scripts/ai/StandardAI.lua	0	768	768	32	256	64	0	32	0	384	80	0	0	0	0		1	0	0	320
20523	scripts/ai/StandardAI.lua	0	768	768	32	256	64	0	32	0	384	80	0	0	0	0		1	0	0	320
20524	scripts/ai/StandardAI.lua	0	768	768	32	256	64	0	32	0	384	80	0	0	0	0		1	0	0	320
20525	scripts/ai/StandardAI.lua	0	768	768	32	256	64	0	32	0	384	80	0	0	0	0		1	0	0	320
20526	scripts\Map\南诏皇宫\ai\军阵控制AI相关\阵型控制器.lua	0	768	768	32	256	64	0	32	0	384	80	0	0	0	0		1	0	0	320
20527	scripts\Map\英雄南诏皇宫\ai\2号BOSS将军\命运链接AOE打伤害.lua	0	768	768	32	256	64	0	32	0	384	80	0	0	0	0		1	0	0	320
20528	scripts/ai/StandardAI.lua	0	768	768	32	256	64	0	32	0	384	80	0	0	0	0		1	0	0	320
20529	scripts/ai/StandardAI.lua	0	768	768	32	256	64	0	32	0	384	80	0	0	0	0		1	0	0	320
20530	scripts/ai/StandardAI.lua	0	768	768	32	256	64	0	32	0	384	80	0	0	0	0		1	0	0	320
20531	scripts\Map\南诏皇宫\ai\军阵控制AI相关\进攻总指挥.lua	0	768	768	32	256	64	0	32	0	384	80	0	0	0	0		1	0	0	320
20532	scripts\Map\英雄南诏皇宫\ai\5号BOSS南诏王\毒机关.lua	1	1024	768	32	256	64	0	32	0	384	80	0	0	0	0		1	1	1	320
20533	scripts\Map\英雄南诏皇宫\ai\2号BOSS将军\狂沙子弹.lua	0	768	768	32	256	64	0	32	0	384	80	0	0	0	0		1	0	0	320
20534	scripts\Map\南诏皇宫\ai\友方相关\跟随的军官.lua	0	768	768	32	256	64	0	32	0	384	80	0	0	0	0		1	0	0	320
20535	scripts\Map\英雄南诏皇宫\ai\5号BOSS南诏王\肉毒地藏.lua	1	1024	768	32	256	64	0	32	0	384	80	0	0	0	0		1	1	1	320
20536	scripts/ai/StandardAI.lua	0	768	768	32	256	64	0	32	0	384	80	0	0	0	0		1	0	0	320
20537	scripts\Map\英雄南诏皇宫\ai\特殊小怪\明教旧部刺客.lua	0	768	768	32	256	64	0	32	0	384	80	0	0	0	0		1	0	0	320
20538	scripts\Map\英雄南诏皇宫\ai\3号BOSS龙王\摩呼罗迦.lua	0	768	768	32	256	64	0	32	0	384	80	0	0	0	0		1	0	0	320
20539	scripts/ai/StandardAI.lua	0	768	768	32	256	64	0	32	0	384	80	0	0	0	0		1	0	0	320
20540	scripts\Map\英雄南诏皇宫\ai\3号BOSS龙王\玄天气劲.lua	0	768	768	32	256	64	0	32	0	384	80	0	0	0	0		1	0	0	320
20541	scripts/Map/世界通用/ai/标准无敌免屠杀.lua	0	768	768	32	256	64	0	32	0	384	80	0	0	0	0		1	0	0	320
20542	scripts/ai/StandardAI.lua	0	768	768	32	256	64	0	32	0	384	80	0	0	0	0		1	0	0	320
20543	scripts\Map\英雄南诏皇宫\ai\3号BOSS龙王\边界惩罚神马的.lua	0	768	768	32	256	64	0	32	0	384	80	0	0	0	0		1	0	0	320
20544	scripts\Map\英雄南诏皇宫\ai\3号BOSS龙王\大龙开关专用.lua	0	768	768	32	256	64	0	32	0	384	80	0	0	0	0		1	0	0	320
20545	scripts\Map\英雄南诏皇宫\ai\特殊小怪\毒孔.lua	0	768	768	32	256	64	0	32	0	384	80	0	0	0	0		1	0	0	320
20546	scripts\Map\英雄南诏皇宫\ai\特殊小怪\毒水.lua	0	768	768	32	256	64	0	32	0	384	80	0	0	0	0		1	0	0	320
20547	scripts\Map\英雄南诏皇宫\ai\5号BOSS南诏王\南诏王战斗总控.lua	1	1024	768	32	256	64	0	32	0	384	80	0	0	0	0		1	1	1	320
20548	scripts\Map\英雄南诏皇宫\ai\5号BOSS南诏王\范围总控.lua	1	1024	768	32	256	64	0	32	0	384	80	0	0	0	0		1	1	1	320
20549	scripts\Map\英雄南诏皇宫\ai\5号BOSS南诏王\陈和尚范围总控.lua	1	1024	768	32	256	64	0	32	0	384	80	0	0	0	0		1	1	1	320
20550	scripts\Map\英雄南诏皇宫\ai\5号BOSS南诏王\柳公子范围总控.lua	1	1024	768	32	256	64	0	32	0	384	80	0	0	0	0		1	1	1	320
20551	scripts\Map\英雄南诏皇宫\ai\5号BOSS南诏王\康雪烛范围总控.lua	1	1024	768	32	256	64	0	32	0	384	80	0	0	0	0		1	1	1	320
20552	scripts\Map\成都\ai\表现专用标准AI变型.lua	0	768	768	32	256	64	0	32	0	384	80	0	0	0	0		1	0	0	320
20553	scripts\Map\成都\ai\表现专用标准AI变型.lua	0	768	768	32	256	64	0	32	0	384	80	0	0	0	0		1	0	0	320
20554	scripts\Map\成都\ai\表现专用标准AI变型.lua	0	768	768	32	256	64	0	32	0	384	80	0	0	0	0		1	0	0	320
20555	scripts\Map\英雄南诏皇宫\ai\1号枯荣大师\乐与无乐.lua	1	1024	768	32	256	64	0	32	0	384	80	0	0	0	0		1	1	1	320
20556	scripts\Map\英雄南诏皇宫\ai\5号BOSS南诏王\分身控制.lua	1	1024	768	32	256	64	0	32	0	384	80	0	0	0	0		1	1	1	320
20557	scripts/ai/StandardAI.lua	0	768	768	32	256	64	0	32	512	384	80	0	0	0	0		1	0	0	320
20558	scripts\Map\南诏皇宫\ai\4号象棋\人机象棋残局.lua	0	768	768	32	256	64	0	32	512	384	80	0	0	0	0		1	0	0	320
20559	scripts/ai/StandardAI.lua	0	768	768	32	256	64	0	32	0	384	80	0	0	0	0		1	0	0	320
20560	scripts/ai/StandardAI.lua	0	768	768	32	256	64	0	32	0	384	80	0	0	0	0		1	0	0	320
20561	scripts\Map\英雄南诏皇宫\ai\2号BOSS将军\P2枪斧卫总控.lua	0	768	768	32	256	64	0	32	0	384	80	0	0	0	0		1	0	0	320
20562	scripts\Map\英雄南诏皇宫\ai\友方相关\恐怖处刑者.lua	0	768	768	32	256	64	0	32	0	384	80	0	0	0	0		1	0	0	320
20563	scripts\Map\英雄南诏皇宫\ai\5号BOSS南诏王\分身范围总控.lua	1	1024	768	32	256	64	0	32	0	384	80	0	0	0	0		1	1	1	320
20564	scripts\Map\英雄南诏皇宫\ai\1号枯荣大师\掉落.lua	1	1024	768	32	256	64	0	32	0	384	80	0	0	0	0		1	1	1	320
20565	scripts\Map\英雄南诏皇宫\ai\特殊小怪\毒口.lua	0	768	768	32	256	64	0	32	0	384	80	0	0	0	0		1	0	0	320
20566	scripts\Map\英雄南诏皇宫\ai\特殊小怪\运输车.lua	0	768	768	32	256	64	0	32	0	384	80	0	0	0	0		1	0	0	320
20567	scripts\Map\英雄南诏皇宫\ai\特殊小怪\隐形陷阱.lua	0	768	768	32	256	64	0	32	0	384	80	0	0	0	0		1	0	0	320
20568	scripts\Map\英雄南诏皇宫\ai\5号BOSS南诏王\狼魂.lua	1	5000	5000	32	1000	64	0	32	0	384	80	0	0	0	0		1	1	1	320
20569	scripts\Map\英雄南诏皇宫\ai\特殊小怪\剑圣出现控制.lua	0	768	768	32	256	64	0	32	0	384	80	0	0	0	0		1	0	0	320
20570	scripts/ai/StandardAI.lua	0	768	768	32	256	64	0	32	0	384	80	0	0	0	0		1	0	0	320
20571	scripts/ai/StandardAI.lua	0	768	768	32	256	64	0	32	0	384	80	0	0	0	0		1	0	0	320
20572	scripts\Map\南诏皇宫\ai\友方相关\队列可能总控.lua	0	768	768	32	256	64	0	32	0	384	80	0	0	0	0		1	0	0	320
20573	scripts/ai/StandardAI.lua	0	768	768	32	256	64	0	32	0	384	80	0	0	0	0		1	0	0	320
20574	scripts/ai/StandardAI.lua	0	768	768	32	256	64	0	32	0	384	80	0	0	0	0		1	0	0	320
20575	scripts/ai/StandardAI.lua	0	768	768	32	256	64	0	32	0	384	80	0	0	0	0		1	0	0	320
20576	scripts\Map\南诏皇宫\ai\4号象棋\人机象棋计时.lua	0	768	768	32	256	64	0	32	0	384	80	0	0	0	0		1	0	0	320
20577	scripts\Map\成都\ai\表现专用标准AI变型.lua	0	768	768	32	256	64	0	32	0	384	80	0	0	0	0		1	0	0	320
20578	scripts\Map\英雄南诏皇宫\ai\5号BOSS南诏王\画卷.lua	1	1024	768	32	256	64	0	32	0	384	80	0	0	0	0		1	1	1	320
20579	scripts\Map\英雄南诏皇宫\ai\5号BOSS南诏王\血刀.lua	1	1024	768	32	256	64	0	32	0	384	80	0	0	0	0		1	1	1	320
20580	scripts/ai/StandardAI.lua	0	768	768	32	256	64	0	32	0	384	80	0	0	0	0		1	0	0	320
20581	scripts\Map\南诏皇宫\ai\友方相关\暗杀区域1.lua	0	768	768	32	256	64	0	32	0	384	80	0	0	0	0		1	0	0	320
20582	scripts\Map\英雄南诏皇宫\ai\友方相关\暗杀区域提示.lua	0	768	768	32	256	64	0	32	0	384	80	0	0	0	0		1	0	0	320
20583	scripts\Map\南诏皇宫\ai\友方相关\人质状态总控.lua	0	768	768	32	256	64	0	32	0	384	80	0	0	0	0		1	0	0	320
20584	scripts/ai/DungeonStandardAI.lua	1	1024	768	32	256	64	0	32	0	384	80	0	0	0	0		1	1	1	320
20585	scripts/ai/DungeonStandardAI.lua	1	1024	768	32	256	64	0	32	0	384	80	0	0	0	0		1	1	1	320
20586	scripts/ai/StandardAI.lua	0	768	768	32	256	64	0	32	0	384	80	0	0	0	0		1	0	0	320
20587	scripts\Map\英雄南诏皇宫\ai\5号BOSS南诏王\木柱倒下控制.lua	1	1024	768	32	256	64	0	32	0	384	80	0	0	0	0		1	1	1	320
20588	scripts/ai/StandardAI.lua	0	768	768	32	256	64	0	32	0	384	80	0	0	0	0		1	0	0	320
20589	scripts/ai/StandardAI.lua	0	768	768	32	256	64	0	32	0	384	80	0	0	0	0		1	0	0	320
20590	scripts/ai/StandardAI.lua	0	768	768	32	256	64	0	32	0	384	80	0	0	0	0		1	0	0	320
20591	scripts\Map\世界通用\ai\空.lua	1	1024	768	32	256	64	0	32	0	384	80	0	0	0	0		1	1	1	320
20630	scripts/ai/StandardAI.lua	0	768	768	32	256	64	0	32	0	384	80	0	0	0	0		1	0	0	320
20699	scripts\Map\英雄南诏皇宫\ai\5号BOSS南诏王\南诏王宝箱.lua	1	1024	768	32	256	64	0	32	0	384	80	0	0	0	0		1	1	1	320
20700	scripts/ai/StandardAI.lua	0	768	768	32	256	64	0	32	0	384	80	0	0	0	0		1	0	0	320
20708	scripts\Map\英雄南诏皇宫\ai\3号BOSS龙王\龙王之怒.lua	0	768	768	32	256	64	0	32	0	384	80	0	0	0	0		1	0	0	320
20711	scripts/ai/StandardAI.lua	0	768	768	32	256	64	0	32	0	384	80	0	0	0	0		1	0	0	320
20712	scripts/ai/StandardAI.lua	0	768	768	32	256	64	0	32	0	384	80	0	0	0	0		1	0	0	320
20735	scripts/ai/StandardAI.lua	0	768	768	32	256	64	0	32	0	384	80	0	0	0	0		1	0	0	320
20743	scripts/ai/StandardAI.lua	0	768	768	32	256	64	0	32	0	384	80	0	0	0	0		0	0	0	320
20757	scripts\Map\英雄南诏皇宫\ai\6号BOSS李\宝箱.lua	0	768	768	32	256	64	0	32	0	384	80	0	0	0	0		1	0	0	320
21057	scripts\Map\英雄南诏皇宫\ai\6号BOSS李\弓箭手们.lua	1	1024	768	32	256	64	0	32	0	384	80	0	0	0	0		1	1	1	320
21058	scripts\Map\英雄南诏皇宫\ai\6号BOSS李\弓箭手们.lua	1	1024	768	32	256	64	0	32	0	384	80	0	0	0	0		1	1	1	320
21059	scripts\Map\英雄南诏皇宫\ai\6号BOSS李\刺客.lua	1	1024	768	32	256	64	0	32	0	384	80	0	0	0	0		1	1	1	320
21075	scripts\Map\英雄南诏皇宫\ai\6号BOSS李\肉毒地藏.lua	1	1024	768	32	256	64	0	32	0	384	80	0	0	0	0		1	1	1	320
21080	scripts\Map\英雄南诏皇宫\ai\6号BOSS李\火圈.lua	1	1024	768	32	256	64	0	32	0	384	80	0	0	0	0		1	1	1	320
21255	scripts\Map\英雄南诏皇宫\ai\6号BOSS李\鹰.lua	1	1024	768	32	256	64	0	32	0	384	80	0	0	0	0		1	1	1	320
21256	scripts\Map\英雄南诏皇宫\ai\6号BOSS李\虎.lua	1	1024	768	32	256	64	0	32	0	384	80	0	0	0	0		1	1	1	320
21257	scripts\Map\英雄南诏皇宫\ai\6号BOSS李\蛙.lua	1	1024	768	32	256	64	0	32	0	384	80	0	0	0	0		1	1	1	320
21258	scripts/ai/StandardAI.lua	0	768	768	32	256	64	0	32	0	384	80	0	0	0	0		1	0	0	320
21291	scripts/ai/StandardAI.lua	0	768	768	32	256	64	0	32	0	384	80	0	0	0	0		1	0	0	320
21362	scripts\Map\英雄南诏皇宫\ai\6号BOSS李\李谈分身.lua	1	1024	768	32	256	64	0	32	0	384	80	0	0	0	0		1	1	1	320
21367	scripts/ai/StandardAI.lua	0	768	768	32	256	64	0	32	0	384	80	0	0	0	0		1	0	0	320
21374	scripts\Map\英雄南诏皇宫\ai\6号BOSS李\龙头.lua	1	1024	768	32	256	64	0	32	0	384	80	0	0	0	0		1	1	1	320
21375	scripts\Map\英雄南诏皇宫\ai\6号BOSS李\龙身.lua	1	1024	768	32	256	64	0	32	0	384	80	0	0	0	0		1	1	1	320
21585	scripts\Map\英雄南诏皇宫\ai\6号BOSS李\镜子.lua	1	1024	768	32	256	64	0	32	0	384	80	0	0	0	0		1	1	1	320
21586	scripts\Map\世界通用\ai\空.lua	1	1024	768	32	256	64	0	32	0	384	80	0	0	0	0		1	1	1	320
21589	scripts\Map\英雄南诏皇宫\ai\6号BOSS李\致死散射.lua	1	1024	768	32	256	64	0	32	0	384	80	0	0	0	0		1	1	1	320
21590	scripts\Map\英雄南诏皇宫\ai\6号BOSS李\精确射杀.lua	1	1024	768	32	256	64	0	32	0	384	80	0	0	0	0		1	1	1	320
21594	scripts\Map\英雄南诏皇宫\ai\6号BOSS李\滚石.lua	1	1024	768	32	256	64	0	32	0	384	80	0	0	0	0		1	1	1	320
21595	scripts\Map\英雄南诏皇宫\ai\6号BOSS李\李.lua	1	1024	768	32	256	64	0	32	0	384	80	0	0	0	0		1	1	1	320
21598	scripts/ai/DungeonStandardAI.lua	1	6400	6400	32	256	64	0	32	0	384	80	0	0	0	0		1	1	1	320
21600	scripts\Map\英雄南诏皇宫\ai\6号BOSS李\李复&柳公子.lua	1	1024	768	32	256	64	0	32	0	384	80	0	0	0	0		1	1	1	320
21601	scripts\Map\英雄南诏皇宫\ai\6号BOSS李\莫雨.lua	1	1024	768	32	256	64	0	32	0	384	80	0	0	0	0		1	1	1	320
21602	scripts\Map\世界通用\ai\空.lua	0	768	768	32	256	64	0	32	0	384	80	0	0	0	0		1	0	0	320
21603	scripts/ai/StandardAI.lua	0	768	768	32	256	64	0	32	0	384	80	0	0	0	0		1	0	0	320
21619	scripts\Map\英雄南诏皇宫\ai\6号BOSS李\战斗控制.lua	1	1024	768	32	256	64	0	32	0	384	80	0	0	0	0		1	1	1	320
21620	scripts\Map\英雄南诏皇宫\ai\6号BOSS李\一边走路径，一边放技能.lua	1	1024	768	32	256	64	0	32	0	384	80	0	0	0	0		1	1	1	320
21621	scripts\Map\英雄南诏皇宫\ai\6号BOSS李\狙击手总控.lua	1	1024	768	32	256	64	0	32	0	384	80	0	0	0	0		1	1	1	320
21625	scripts\Map\世界通用\ai\空.lua	1	1024	768	32	256	64	0	32	0	384	80	0	0	0	0		1	1	1	320
21680	scripts\Map\英雄南诏皇宫\ai\6号BOSS李\剧情表现.lua	0	768	768	32	256	64	0	32	0	384	80	0	0	0	0		1	0	0	320
21690	scripts\Map\英雄南诏皇宫\ai\6号BOSS李\宝箱.lua	1	1024	768	32	256	64	0	32	0	384	80	0	0	0	0		1	1	1	320
21693	scripts/ai/StandardAI.lua	0	768	768	32	256	64	0	32	0	384	80	0	0	0	0		1	0	0	320
21776	scripts/ai/StandardAI.lua	1	1024	768	32	256	64	0	32	0	384	80	0	0	0	0		1	0	1	320
21930	scripts/ai/StandardAI.lua	0	768	768	32	256	64	0	32	0	384	80	0	0	0	0		1	0	0	320
21931	scripts/ai/StandardAI.lua	0	768	768	32	256	64	0	32	0	384	80	0	0	0	0		1	0	0	320
22079	scripts/ai/StandardAI.lua	0	768	768	32	256	64	0	32	0	384	80	0	0	0	0		1	0	0	320
64708	scripts\Map\英雄南诏皇宫\ai\特殊小怪\白魂.lua	0	768	768	32	256	64	0	32	0	384	80	0	0	0	0		1	0	0	320
64709	scripts\Map\英雄南诏皇宫\ai\特殊小怪\刀语者.lua	0	768	768	32	256	64	0	32	0	384	80	0	0	0	0		1	0	0	320
64744	scripts/ai/StandardAI.lua	0	768	768	32	256	64	0	32	0	384	80	0	0	0	0		1	0	0	320
64787	scripts/ai/StandardAI.lua	1	2432	2560	32	256	64	0	32	0	384	80	0	0	0	0		1	0	1	320
64788	scripts/ai/StandardAI.lua	1	2432	2560	32	256	64	0	32	0	384	80	0	0	0	0		1	0	1	320
64789	scripts/ai/StandardAI.lua	1	2432	2560	32	256	64	0	32	0	384	80	0	0	0	0		1	0	1	320
64790	scripts/ai/StandardAI.lua	1	2432	2560	32	256	64	0	32	0	384	80	0	0	0	0		1	0	1	320
