AIType	ScriptFile	IsPositive	AlertRange	SearchPlayerDistance	AlertOverTime	AttackRange	EscapeTime	EscapeRange	EscapeInterval	WanderRange	WanderDistance	WanderInterval	PatrolPathID	EscapeLife	PatrolOrderIndex	ReviveTeammate	CustomArguments	IsAutoTurn	NpcSceneType	IsSnarlInFight	DialogIdleTime
101566	scripts\Map\达摩洞\ai\3号_武雪散\武雪散.lua	0	768	768	32	256	64	0	32	0	384	80	0	0	0	0		1	1	0	320
101567	scripts/Map/达摩洞/ai/6号_岳琳/岳琳.lua	0	768	768	32	256	64	0	32	0	384	80	0	0	0	0		1	1	0	320
101568	scripts\Map\达摩洞\ai\3号_武雪散\鬼门针.lua	0	768	1260	32	256	64	0	32	0	384	80	0	0	0	0		0	1	0	320
101569	scripts\Map\达摩洞\ai\3号_武雪散\银丝千织固定点.lua	0	768	768	32	256	64	0	32	0	384	80	0	0	0	0		1	1	0	320
101570	scripts/Map/达摩洞/ai/2号_宓桃/旋转飞刃.lua	0	768	768	32	256	64	0	32	0	384	80	0	0	0	0		1	0	0	320
101571	scripts\Map\达摩洞\ai\5号_哑头陀\哑头陀范围总控.lua	0	768	768	32	256	64	0	32	0	384	80	0	0	0	0		1	1	0	320
101572	scripts/Map/达摩洞/ai/2号_宓桃/曼陀罗.lua	0	768	768	32	256	64	0	32	0	384	80	0	0	0	0		1	0	0	320
101573	scripts/ai/CommonFoolish.lua	0	768	768	32	256	64	0	32	0	384	80	0	0	0	0		1	0	0	320
101574	scripts/Map/达摩洞/ai/5号_哑头陀/哑头陀.lua	0	768	768	32	256	64	0	32	0	384	80	0	0	0	0		1	1	0	320
101575	scripts\Map\达摩洞\ai\3号_武雪散\断脉总控.lua	0	768	768	32	256	64	0	32	0	384	80	0	0	0	0		1	0	0	320
101576	scripts\Map\达摩洞\ai\5号_哑头陀\增长天王技能总控.lua	0	768	768	32	256	64	0	32	0	384	80	0	0	0	0		1	1	0	320
101577	scripts/Map/达摩洞/ai/6号_岳琳/史朝义.lua	0	768	768	32	256	64	0	32	0	384	80	0	0	0	0		1	1	0	320
101578	scripts/Map/达摩洞/ai/5号_哑头陀/广目天王技能总控.lua	0	768	768	32	256	64	0	32	0	384	80	0	0	0	0		1	1	0	320
101579	scripts\Map\达摩洞\ai\3号_武雪散\白霜落.lua	0	768	768	32	256	64	0	32	0	384	80	0	0	0	0		1	1	0	320
101580	scripts\Map\达摩洞\ai\5号_哑头陀\净天眼辅助NPC.lua	0	768	768	32	256	64	0	32	0	384	80	0	0	0	0		1	0	0	320
101581	scripts/ai/StandardAI.lua	0	768	768	32	256	64	0	32	0	384	80	0	0	0	0		1	0	0	320
101582	scripts\Map\达摩洞\ai\周边\七苦一乐\死苦\死苦总控.lua	0	768	768	32	256	64	0	32	0	384	80	0	0	0	0		1	1	0	320
101583	scripts/Map/达摩洞/ai/5号_哑头陀/持国天王技能总控.lua	0	768	768	32	256	64	0	32	0	384	80	0	0	0	0		1	1	0	320
101584	scripts\Map\达摩洞\ai\周边\七苦一乐\爱别离苦.lua	0	768	768	32	256	64	0	32	0	384	80	0	0	0	0		1	1	0	320
101585	scripts/Map/达摩洞/ai/2号_宓桃/宓桃.lua	0	768	768	32	256	64	0	32	0	384	80	0	0	0	0		1	0	0	320
101586	scripts/Map/达摩洞/ai/1号_血斗士/1号_血斗士.lua	0	768	768	32	256	64	0	32	0	384	80	0	0	0	0		1	1	0	320
101587	scripts\Map\达摩洞\ai\周边\七苦一乐\怨憎会苦\怨憎会苦.lua	0	768	768	32	256	64	0	32	0	384	80	0	0	0	0		1	1	0	320
101588	scripts\Map\达摩洞\ai\5号_哑头陀\增长天王.lua	0	768	768	32	256	64	0	32	0	384	80	0	0	0	0		1	1	0	320
101589	scripts\Map\达摩洞\ai\周边\七苦一乐\求不得苦.lua	0	768	768	32	256	64	0	32	0	384	80	0	0	0	0		1	1	0	320
101590	scripts/Map/达摩洞/ai/1号_血斗士/1号_血斗士技能总控.lua	0	768	768	32	256	64	0	32	0	384	80	0	0	0	0		1	1	0	320
101591	scripts/Map/狼牙堡_辉天堑/ai/周边/通用对话AI.lua	0	768	768	32	256	64	0	32	0	384	80	0	0	0	0		1	1	0	320
101592	scripts/Map/达摩洞/ai/2号_宓桃/宓桃范围总控.lua	0	768	768	32	256	64	0	32	0	384	80	0	0	0	0		1	0	0	320
101593	scripts/Map/达摩洞/ai/6号_岳琳/岳琅技能总控.lua	0	768	768	32	256	64	0	32	0	384	80	0	0	0	0		1	0	0	320
101594	scripts/Map/达摩洞/ai/4号_猿飞/猿飞花式aoe.lua	0	768	768	32	256	64	0	32	0	384	80	0	0	0	0		1	0	0	320
101595	scripts\Map\达摩洞\ai\5号_哑头陀\广目天王.lua	0	768	768	32	256	64	0	32	0	384	80	0	0	0	0		1	1	0	320
101596	scripts/Map/达摩洞/ai/1号_血斗士/1号_血斗士总控.lua	0	768	768	32	256	64	0	32	0	384	80	0	0	0	0		1	1	0	320
101597	scripts/Map/达摩洞/ai/5号_哑头陀/矩形AOE辅助NPC.lua	0	768	768	32	256	64	0	32	0	384	80	0	0	0	0		1	0	0	320
101598	scripts/Map/达摩洞/ai/2号_宓桃/宓桃技能总控.lua	0	768	768	32	256	64	0	32	0	384	80	0	0	0	0		1	0	0	320
101599	scripts\Map\达摩洞\ai\5号_哑头陀\持国天王.lua	0	768	768	32	256	64	0	32	0	384	80	0	0	0	0		1	1	0	320
101600	scripts/Map/达摩洞/ai/4号_猿飞/通用预警Npc.lua	0	768	768	32	256	64	0	32	0	384	80	0	0	0	0		1	0	0	320
101601	scripts\Map\达摩洞\ai\5号_哑头陀\蒸汽.lua	1	19200	19200	4	19200	64	0	32	0	384	80	0	0	0	0		1	1	1	320
101602	scripts\Map\达摩洞\ai\5号_哑头陀\多闻天王.lua	0	768	768	32	256	64	0	32	0	384	80	0	0	0	0		1	1	0	320
101603	scripts/ai/CommonFoolish.lua	0	768	0	32	256	64	0	32	0	384	80	0	0	0	0		1	1	0	320
101604	scripts/Map/达摩洞/ai/1号_血斗士/1号_血斗士崇拜值总控.lua	0	768	768	32	256	64	0	32	0	384	80	0	0	0	0		1	1	0	320
101605	scripts/Map/达摩洞/ai/周边/七苦一乐/生苦.lua	0	768	768	32	256	64	0	32	0	384	80	0	0	0	0		1	1	0	320
101606	scripts/Map/达摩洞/ai/5号_哑头陀/法印.lua	0	768	768	32	256	64	0	32	0	384	80	0	0	0	0		1	1	0	320
101607	scripts/ai/CommonFoolish.lua	0	768	0	32	256	64	0	32	0	384	80	0	0	0	0		1	1	0	320
101608	scripts/Map/达摩洞/ai/周边/七苦一乐/老苦.lua	0	768	768	32	256	64	0	32	0	384	80	0	0	0	0		1	1	0	320
101609	scripts\Map\达摩洞\ai\3号_武雪散\飞针.lua	0	768	768	32	256	64	0	32	0	384	80	0	0	0	0		1	1	0	320
101610	scripts/Map/达摩洞/ai/2号_宓桃/飞轮回刃.lua	0	768	768	32	256	64	0	32	0	384	80	0	0	0	0		1	0	0	320
101611	scripts/Map/达摩洞/ai/周边/七苦一乐/病苦.lua	0	768	768	32	256	64	0	32	0	384	80	0	0	0	0		1	1	0	320
101612	scripts/ai/CommonFoolish.lua	0	768	0	32	256	64	0	32	0	384	80	0	0	0	0		1	1	0	320
101613	scripts\Map\达摩洞\ai\3号_武雪散\银丝千织移动点.lua	0	768	768	32	256	64	0	32	0	384	80	0	0	0	0		1	1	0	320
101614	scripts\Map\达摩洞\ai\3号_武雪散\小怪.lua	1	768	768	32	256	64	0	32	0	384	80	0	0	0	0		1	1	1	320
101615	scripts\Map\达摩洞\ai\周边\七苦一乐\通用对话AI.lua	0	768	768	32	256	64	0	32	0	384	80	0	0	0	0		1	0	0	320
101616	scripts/ai/CommonFoolish.lua	0	768	0	32	256	64	0	32	0	384	80	0	0	0	0		1	1	0	320
101617	scripts\Map\达摩洞\ai\3号_武雪散\武雪散技能总控.lua	0	768	768	32	256	64	0	32	0	384	80	0	0	0	0		1	0	0	320
101618	scripts\Map\达摩洞\ai\3号_武雪散\武雪散范围总控.lua	0	768	768	32	256	64	0	32	0	384	80	0	0	0	0		1	0	0	320
101619	scripts/ai/CommonFoolish.lua	0	768	0	32	256	64	0	32	0	384	80	0	0	0	0		1	1	0	320
101621	scripts\Map\达摩洞\ai\3号_武雪散\穿脊牵肌总控.lua	0	768	768	32	256	64	0	32	0	384	80	0	0	0	0		1	0	0	320
101622	scripts/Map/达摩洞/ai/1号_血斗士/1号_血斗士蜂虫_区域控制版本.lua	0	768	768	32	256	64	0	32	0	384	80	0	0	0	0		1	0	0	320
101623	scripts/Map/达摩洞/ai/1号_血斗士/1号_血斗士通知型预警NPC.lua	0	768	768	32	256	64	0	32	0	384	80	0	0	0	0		1	0	0	320
101624	scripts/ai/CommonFoolish.lua	0	768	0	32	256	64	0	32	0	384	80	0	0	0	0		1	1	0	320
101625	scripts\Map\达摩洞\ai\5号_哑头陀\哑头陀范围总控.lua	0	768	768	32	256	64	0	32	0	384	80	0	0	0	0		1	1	0	320
101626	scripts/Map/达摩洞/ai/1号_血斗士/血斗士初见剧情总控.lua	0	768	768	32	256	64	0	32	0	384	80	0	0	0	0		1	1	0	320
101627	scripts/Map/达摩洞/ai/1号_血斗士/1号_血斗士蜂虫_区域控制版本.lua	0	768	768	32	256	64	0	32	0	384	80	0	0	0	0		1	0	0	320
101628	scripts\Map\达摩洞\ai\5号_哑头陀\万剑阵_子剑.lua	1	19200	19200	4	19200	64	0	32	0	384	80	0	0	0	0		1	1	1	320
101629	scripts/Map/达摩洞/ai/4号_猿飞/猿飞惩罚aoe.lua	0	768	768	32	256	64	0	32	0	384	80	0	0	0	0		1	0	0	320
101630	scripts/Map/达摩洞/ai/1号_血斗士/1号_血斗士欢呼观众总控.lua	0	768	768	32	256	64	0	32	0	384	80	0	0	0	0		1	1	0	320
101631	scripts/ai/CommonFoolish.lua	0	768	0	32	256	64	0	32	0	384	80	0	0	0	0		1	1	0	320
101632	scripts\Map\达摩洞\ai\5号_哑头陀\木人・鸠盘茶.lua	1	19200	19200	4	19200	64	0	32	0	384	80	0	0	0	0		1	1	1	320
101633	scripts/Map/达摩洞/ai/1号_血斗士/1号_血斗士蜂虫_区域控制版本.lua	0	768	768	32	256	64	0	32	0	384	80	0	0	0	0		1	0	0	320
101634	scripts\Map\达摩洞\ai\2号_宓桃\木人.lua	0	768	768	32	256	64	0	32	0	384	80	0	0	0	0		1	0	0	320
101635	scripts/ai/StandardAI.lua	0	768	768	32	256	64	0	32	0	384	80	0	0	0	0		1	0	0	320
101636	scripts\Map\达摩洞\ai\2号_宓桃\机关一.lua	0	768	768	32	256	64	0	32	0	384	80	0	0	0	0		1	0	0	320
101637	scripts/Map/达摩洞/ai/6号_岳琳/岳琳刷怪总控.lua	0	768	768	32	256	64	0	32	0	384	80	0	0	0	0		1	0	0	320
101638	scripts/Map/达摩洞/ai/1号_血斗士/1号_血斗士蜂虫_区域控制版本.lua	0	768	768	32	256	64	0	32	0	384	80	0	0	0	0		1	0	0	320
101639	scripts\Map\达摩洞\ai\2号_宓桃\机关二.lua	0	768	768	32	256	64	0	32	0	384	80	0	0	0	0		1	0	0	320
101640	scripts/Map/达摩洞/ai/1号_血斗士/表演木桩.lua	0	768	768	32	256	64	0	32	0	384	80	0	0	0	0		1	0	0	320
101641	scripts/Map/达摩洞/ai/1号_血斗士/1号_血斗士蜂虫_区域控制版本.lua	0	768	768	32	256	64	0	32	0	384	80	0	0	0	0		1	0	0	320
101642	scripts/Map/狼牙堡_辉天堑/ai/周边/通用对话AI.lua	0	768	768	32	256	64	0	32	0	384	80	0	0	0	0		1	1	0	320
101643	scripts/Map/达摩洞/ai/周边/罗刹门/罗刹像.lua	0	768	768	32	256	64	0	32	0	384	80	0	0	0	0		0	0	0	320
101644	scripts/ai/CommonFoolish.lua	0	768	0	32	256	64	0	32	0	384	80	0	0	0	0		1	1	0	320
101645	scripts/ai/StandardAI.lua	0	768	768	32	256	64	0	32	0	384	80	0	0	0	0		1	0	0	320
101646	scripts/Map/达摩洞/ai/1号_血斗士/1号_血斗士蜂虫_区域控制版本.lua	0	768	768	32	256	64	0	32	0	384	80	0	0	0	0		1	0	0	320
101647	scripts/Map/达摩洞/ai/1号_血斗士/表演木桩.lua	0	768	768	32	256	64	0	32	0	384	80	0	0	0	0		1	0	0	320
101648	scripts/Map/副本通用AI/ai/通用无敌对话AI不转向.lua	0	768	768	32	256	64	0	32	0	384	80	0	0	0	0		1	1	0	320
101649	scripts\Map\达摩洞\ai\5号_哑头陀\木人・龙王.lua	1	19200	19200	4	19200	64	0	32	0	384	80	0	0	0	0		1	1	1	320
101650	scripts\Map\达摩洞\ai\2号_宓桃\机关三.lua	0	768	768	32	256	64	0	32	0	384	80	0	0	0	0		1	0	0	320
101651	scripts/ai/CommonFoolish.lua	0	768	0	32	256	64	0	32	0	384	80	0	0	0	0		1	1	0	320
101652	scripts\Map\达摩洞\ai\2号_宓桃\手掌.lua	0	768	768	32	256	64	0	32	0	384	80	0	0	0	0		1	0	0	320
101653	scripts/ai/CommonFoolish.lua	0	768	768	32	256	64	0	32	0	384	80	0	0	0	0		1	0	0	320
101654	scripts/ai/StandardAI.lua	0	768	768	32	256	64	0	32	0	384	80	0	0	0	0		1	0	0	320
101655	scripts/ai/CommonFoolish.lua	0	768	0	32	256	64	0	32	0	384	80	0	0	0	0		1	1	0	320
101656	scripts/ai/StandardAI.lua	0	768	768	32	256	64	0	32	0	384	80	0	0	0	0		1	0	0	320
101657	scripts\Map\达摩洞\ai\2号_宓桃\射线追踪.lua	0	768	768	32	256	64	0	32	0	384	80	0	0	0	0		1	0	0	320
101658	scripts/ai/StandardAI.lua	0	768	768	32	256	64	0	32	0	384	80	0	0	0	0		1	0	0	320
101659	scripts/ai/StandardAI.lua	0	768	768	32	256	64	0	32	0	384	80	0	0	0	0		1	0	0	320
101660	scripts/ai/CommonFoolish.lua	0	768	0	32	256	64	0	32	0	384	80	0	0	0	0		1	1	0	320
101661	scripts/ai/StandardAI.lua	0	768	768	32	256	64	0	32	0	384	80	0	0	0	0		1	0	0	320
101662	scripts/ai/CommonFoolish.lua	0	768	768	32	256	64	0	32	0	384	80	0	0	0	0		1	1	0	320
101663	scripts\Map\达摩洞\ai\2号_宓桃\机关四.lua	0	768	768	32	256	64	0	32	0	384	80	0	0	0	0		1	0	0	320
101664	scripts\Map\达摩洞\ai\5号_哑头陀\逐珠龙.lua	1	19200	19200	4	19200	64	0	32	0	384	80	0	0	0	0		1	1	1	320
101665	scripts/ai/StandardAI.lua	0	768	768	32	256	64	0	32	0	384	80	0	0	0	0		1	0	0	320
101666	scripts/ai/StandardAI.lua	0	768	768	32	256	64	0	32	0	384	80	0	0	0	0		1	0	0	320
101667	scripts/Map/达摩洞/ai/周边/地狱道/冰池.lua	0	768	768	32	256	64	0	32	0	384	80	0	0	0	0		1	1	0	320
101668	scripts/ai/CommonFoolish.lua	0	768	768	32	256	64	0	32	0	384	80	0	0	0	0		1	1	0	320
101669	scripts/Map/达摩洞/ai/4号_猿飞/猿飞工具人.lua	0	768	768	32	256	64	0	32	0	384	80	0	0	0	0		1	0	0	320
101670	scripts/ai/CommonFoolish.lua	0	768	0	32	256	64	0	32	0	384	80	0	0	0	0		1	1	0	320
101671	scripts/ai/CommonFoolish.lua	0	768	0	32	256	64	0	32	0	384	80	0	0	0	0		1	1	0	320
101672	scripts/Map/达摩洞/ai/6号_岳琳/技能替身.lua	0	768	768	32	256	64	0	32	0	384	80	0	0	0	0		1	1	0	320
101673	scripts/Map/达摩洞/ai/周边/罗刹门/宝箱机关.lua	0	768	768	32	256	64	0	32	0	384	80	0	0	0	0		1	1	0	320
101674	scripts/Map/达摩洞/ai/周边/地狱道/火池.lua	0	768	768	32	256	64	0	32	0	384	80	0	0	0	0		1	1	0	320
101675	scripts/Map/达摩洞/ai/周边/罗刹门/宝箱机关.lua	0	768	768	32	256	64	0	32	0	384	80	0	0	0	0		1	1	0	320
101676	scripts/ai/StandardAI.lua	0	768	768	32	256	64	0	32	0	384	80	0	0	0	0		1	0	0	320
101677	scripts\Map\达摩洞\ai\3号_武雪散\武雪散刀墙总控.lua	0	768	768	32	256	64	0	32	0	384	80	0	0	0	0		1	0	0	320
101678	scripts/Map/达摩洞/ai/周边/罗刹门/宝箱机关.lua	0	768	768	32	256	64	0	32	0	384	80	0	0	0	0		1	1	0	320
101679	scripts/ai/StandardAI.lua	0	768	768	32	256	64	0	32	0	384	80	0	0	0	0		1	0	0	320
101680	scripts/ai/StandardAI.lua	0	768	768	32	256	64	0	32	0	384	80	0	0	0	0		1	0	0	320
101681	scripts/ai/CommonFoolish.lua	0	768	0	32	256	64	0	32	0	384	80	0	0	0	0		1	1	0	320
101682	scripts/Map/达摩洞/ai/4号_猿飞/猿飞.lua	0	768	768	32	256	64	0	32	0	384	80	0	0	0	0		1	1	0	320
101683	scripts/ai/CommonFoolish.lua	0	768	0	32	256	64	0	32	0	384	80	0	0	0	0		1	1	0	320
101684	scripts/Map/达摩洞/ai/4号_猿飞/猿飞出平台总控.lua	0	768	768	32	256	64	0	32	0	384	80	0	0	0	0		1	1	0	320
101685	scripts/ai/StandardAI.lua	0	768	768	32	256	64	0	32	0	384	80	0	0	0	0		1	0	0	320
101686	scripts/ai/StandardAI.lua	0	768	768	32	256	64	0	32	0	384	80	0	0	0	0		1	0	0	320
101687	scripts/Map/达摩洞/ai/4号_猿飞/猿飞范围总控.lua	0	768	768	32	256	64	0	32	0	384	80	0	0	0	0		1	1	0	320
101688	scripts/ai/StandardAI.lua	0	768	768	32	256	64	0	32	0	384	80	0	0	0	0		1	0	0	320
101689	scripts/ai/StandardAI.lua	0	768	768	32	256	64	0	32	0	384	80	0	0	0	0		1	0	0	320
101690	scripts/Map/达摩洞/ai/4号_猿飞/猿飞技能总控.lua	0	768	768	32	256	64	0	32	0	384	80	0	0	0	0		1	1	0	320
101691	scripts/ai/CommonFoolish.lua	0	768	0	32	256	64	0	32	0	384	80	0	0	0	0		1	1	0	320
101692	scripts/ai/StandardAI.lua	0	768	768	32	256	64	0	32	0	384	80	0	0	0	0		1	0	0	320
101693	scripts/ai/CommonFoolish.lua	0	768	0	32	256	64	0	32	0	384	80	0	0	0	0		1	1	0	320
101694	scripts/ai/StandardAI.lua	0	768	768	32	256	64	0	32	0	384	80	0	0	0	0		1	0	0	320
101695	scripts/Map/达摩洞/ai/4号_猿飞/猿飞阶段总控.lua	0	768	768	32	256	64	0	32	0	384	80	0	0	0	0		1	1	0	320
101696	scripts/ai/StandardAI.lua	0	768	768	32	256	64	0	32	0	384	80	0	0	0	0		1	0	0	320
101697	scripts/ai/CommonFoolish.lua	0	768	0	32	256	64	0	32	0	384	80	0	0	0	0		1	1	0	320
101698	scripts/Map/达摩洞/ai/4号_猿飞/猿飞气劲.lua	0	768	768	32	256	64	0	32	0	384	80	0	0	0	0		1	0	0	320
101699	scripts/ai/StandardAI.lua	0	768	768	32	256	64	0	32	0	384	80	0	0	0	0		1	0	0	320
101700	scripts/ai/CommonFoolish.lua	0	768	0	32	256	64	0	32	0	384	80	0	0	0	0		1	1	0	320
101701	scripts\Map\达摩洞\ai\5号_哑头陀\充能核心.lua	0	768	768	32	256	64	0	32	0	384	80	0	0	0	0		1	0	0	320
101702	scripts/ai/CommonFoolish.lua	0	768	0	32	256	64	0	32	0	384	80	0	0	0	0		1	1	0	320
101703	scripts/Map/达摩洞/ai/6号_岳琳/蜂刺箭雨.lua	0	768	768	32	256	64	0	32	0	384	80	0	0	0	0		1	1	0	320
101704	scripts/ai/CommonFoolish.lua	0	768	0	32	256	64	0	32	0	384	80	0	0	0	0		1	1	0	320
101705	scripts/ai/CommonFoolish.lua	0	768	0	32	256	64	0	32	0	384	80	0	0	0	0		1	1	0	320
101706	scripts/Map/达摩洞/ai/6号_岳琳/岳琅.lua	0	768	768	32	256	64	0	32	0	384	80	0	0	0	0		1	1	0	320
101707	scripts/ai/CommonFoolish.lua	0	768	0	32	256	64	0	32	0	384	80	0	0	0	0		1	1	0	320
101708	scripts/Map/达摩洞/ai/6号_岳琳/技能替身.lua	0	768	768	32	256	64	0	32	0	384	80	0	0	0	0		1	1	0	320
101709	scripts/ai/CommonFoolish.lua	0	768	0	32	256	64	0	32	0	384	80	0	0	0	0		1	1	0	320
101710	scripts/ai/CommonFoolish.lua	0	768	0	32	256	64	0	32	0	384	80	0	0	0	0		1	1	0	320
101711	scripts/Map/达摩洞/ai/2号_宓桃/缥缈.lua	0	768	768	32	256	64	0	32	0	384	80	0	0	0	0		1	0	0	320
101712	scripts/ai/CommonFoolish.lua	0	768	0	32	256	64	0	32	0	384	80	0	0	0	0		1	1	0	320
101713	scripts/ai/CommonFoolish.lua	0	768	0	32	256	64	0	32	0	384	80	0	0	0	0		1	1	0	320
101714	scripts/Map/达摩洞/ai/2号_宓桃/弟子.lua	0	768	768	32	256	64	0	32	0	384	80	0	0	0	0		1	0	0	320
101715	scripts/ai/CommonFoolish.lua	0	768	0	32	256	64	0	32	0	384	80	0	0	0	0		1	1	0	320
101716	scripts/ai/CommonFoolish.lua	0	768	0	32	256	64	0	32	0	384	80	0	0	0	0		1	1	0	320
101717	scripts/ai/CommonFoolish.lua	0	768	0	32	256	64	0	32	0	384	80	0	0	0	0		1	1	0	320
101718	scripts/Map/达摩洞/ai/2号_宓桃/弟子.lua	0	768	768	32	256	64	0	32	0	384	80	0	0	0	0		1	0	0	320
101719	scripts/ai/CommonFoolish.lua	0	768	0	32	256	64	0	32	0	384	80	0	0	0	0		1	1	0	320
101720	scripts/ai/CommonFoolish.lua	0	768	0	32	256	64	0	32	0	384	80	0	0	0	0		1	1	0	320
101721	scripts/ai/CommonFoolish.lua	0	768	0	32	256	64	0	32	0	384	80	0	0	0	0		1	1	0	320
101722	scripts\Map\达摩洞\ai\5号_哑头陀\音波.lua	0	768	768	32	256	64	0	32	0	384	80	0	0	0	0		1	1	0	320
101723	scripts/ai/CommonFoolish.lua	0	768	0	32	256	64	0	32	0	384	80	0	0	0	0		1	1	0	320
101724	scripts\Map\达摩洞\ai\5号_哑头陀\木人・乾闼婆.lua	1	19200	19200	4	19200	64	0	32	0	384	80	0	0	0	0		1	1	1	320
101725	scripts/ai/CommonFoolish.lua	0	768	0	32	256	64	0	32	0	384	80	0	0	0	0		1	1	0	320
101726	scripts/ai/CommonFoolish.lua	0	768	0	32	256	64	0	32	0	384	80	0	0	0	0		1	1	0	320
101727	scripts/Map/达摩洞/ai/6号_岳琳/被吸附的兵刃.lua	0	768	768	32	256	64	0	32	0	384	80	0	0	0	0		1	1	0	320
101728	scripts/ai/CommonFoolish.lua	0	768	0	32	256	64	0	32	0	384	80	0	0	0	0		1	1	0	320
101729	scripts/ai/CommonFoolish.lua	0	768	0	32	256	64	0	32	0	384	80	0	0	0	0		1	1	0	320
101730	scripts/ai/CommonFoolish.lua	0	768	0	32	256	64	0	32	0	384	80	0	0	0	0		1	1	0	320
101731	scripts/ai/DungeonStandardAI.lua	1	768	768	32	256	64	0	32	0	384	80	0	0	0	0		1	1	0	320
101732	scripts/ai/CommonFoolish.lua	0	768	0	32	256	64	0	32	0	384	80	0	0	0	0		1	1	0	320
101733	scripts/ai/CommonFoolish.lua	0	768	0	32	256	64	0	32	0	384	80	0	0	0	0		1	1	0	320
101734	scripts/ai/CommonFoolish.lua	0	768	0	32	256	64	0	32	0	384	80	0	0	0	0		1	1	0	320
101735	scripts/Map/达摩洞/ai/6号_岳琳/曳影剑.lua	0	768	768	32	256	64	0	32	0	384	80	0	0	0	0		1	1	0	320
101736	scripts/ai/CommonFoolish.lua	0	768	0	32	256	64	0	32	0	384	80	0	0	0	0		1	1	0	320
101737	scripts/ai/CommonFoolish.lua	0	768	0	32	256	64	0	32	0	384	80	0	0	0	0		1	1	0	320
101738	scripts/ai/CommonFoolish.lua	0	768	0	32	256	64	0	32	0	384	80	0	0	0	0		1	1	0	320
101739	scripts/Map/达摩洞/ai/6号_岳琳/曳影剑争夺总控.lua	0	768	768	32	256	64	0	32	0	384	80	0	0	0	0		1	1	0	320
101740	scripts/ai/CommonFoolish.lua	0	768	0	32	256	64	0	32	0	384	80	0	0	0	0		1	1	0	320
101741	scripts/Map/达摩洞/ai/6号_岳琳/蜂群排队者.lua	1	768	768	32	256	64	0	32	0	384	80	0	0	0	0		1	1	0	320
101742	scripts/ai/CommonFoolish.lua	0	768	0	32	256	64	0	32	0	384	80	0	0	0	0		1	1	0	320
101743	scripts\Map\达摩洞\ai\周边\七苦一乐\怨憎会苦\怨憎会boss.lua	0	768	768	32	256	64	0	32	0	384	80	0	0	0	0		1	1	0	320
101744	scripts/ai/DungeonStandardAI.lua	1	768	768	32	256	64	0	32	0	384	80	0	0	0	0		1	1	0	320
101745	scripts\Map\达摩洞\ai\周边\七苦一乐\怨憎会苦\怨憎会boss.lua	0	768	768	32	256	64	0	32	0	384	80	0	0	0	0		1	1	0	320
101746	scripts/Map/达摩洞/ai/6号_岳琳/蜂群胖墩.lua	1	768	768	32	256	64	0	32	0	384	80	0	0	0	0		1	1	0	320
101748	scripts\Map\达摩洞\ai\周边\七苦一乐\怨憎会苦\怨憎会boss.lua	0	768	768	32	256	64	0	32	0	384	80	0	0	0	0		1	1	0	320
101749	scripts/Map/达摩洞/ai/6号_岳琳/蜂群莽夫.lua	1	768	768	32	256	64	0	32	0	384	80	0	0	0	0		1	1	0	320
101750	scripts/Map/狼牙堡_辉天堑/ai/周边/通用对话AI.lua	0	768	768	32	256	64	0	32	0	384	80	0	0	0	0		1	1	0	320
101751	scripts/Map/达摩洞/ai/6号_岳琳/聂无极.lua	0	768	768	32	256	64	0	32	0	384	80	0	0	0	0		1	1	0	320
101752	scripts/Map/狼牙堡_辉天堑/ai/周边/通用对话AI.lua	0	768	768	32	256	64	0	32	0	384	80	0	0	0	0		1	1	0	320
101753	scripts/Map/狼牙堡_辉天堑/ai/周边/通用对话AI.lua	0	768	768	32	256	64	0	32	0	384	80	0	0	0	0		1	1	0	320
101754	scripts/Map/狼牙堡_辉天堑/ai/周边/通用对话AI.lua	0	768	768	32	256	64	0	32	0	384	80	0	0	0	0		1	1	0	320
101755	scripts/Map/达摩洞/ai/6号_岳琳/岳琳范围总控.lua	0	768	768	32	256	64	0	32	0	384	80	0	0	0	0		1	1	0	320
101756	scripts/Map/狼牙堡_辉天堑/ai/周边/通用对话AI.lua	0	768	768	32	256	64	0	32	0	384	80	0	0	0	0		1	1	0	320
101757	scripts/Map/达摩洞/ai/6号_岳琳/岳琳技能总控暂停版.lua	0	768	768	32	256	64	0	32	0	384	80	0	0	0	0		1	0	0	320
101758	scripts/Map/达摩洞/ai/6号_岳琳/岳琳阶段总控.lua	0	768	768	32	256	64	0	32	0	384	80	0	0	0	0		1	1	0	320
101759	scripts/Map/达摩洞/ai/2号_宓桃/石楠花.lua	0	768	768	32	256	64	0	32	0	384	80	0	0	0	0		1	0	0	320
102233	scripts/ai/CommonFoolish.lua	0	768	768	32	256	64	0	32	0	384	80	0	0	0	0		1	1	0	320
102268	scripts\Map\达摩洞\ai\周边\七苦一乐\通用对话AI.lua	0	768	768	32	256	64	0	32	0	384	80	0	0	0	0		1	0	0	320
102309	scripts/Map/达摩洞/ai/周边/区域传送/传送Npc.lua	0	768	768	32	256	64	0	32	0	384	80	0	0	0	0		1	0	0	320
102326	scripts/ai/StandardAI.lua	0	768	768	32	256	64	0	32	0	384	80	0	0	0	0		1	0	0	320
102454	scripts/Map/达摩洞/ai/周边/罗刹门/小怪_可飞游泳_无瞎眼.lua	1	9600	9600	4	9600	64	0	32	0	384	80	0	0	0	0		1	1	1	320
102493	scripts/Map/达摩洞/ai/周边/罗刹门/小怪_可飞游泳_无瞎眼.lua	1	9600	9600	4	9600	64	0	32	0	384	80	0	0	0	0		1	1	1	320
102494	scripts/Map/达摩洞/ai/周边/罗刹门/天雷.lua	1	3200	3200	4	3200	64	0	32	0	384	80	0	0	0	0		1	1	1	320
102674	scripts\Map\达摩洞\ai\周边\罗刹门\多闻天王_罗刹门.lua	0	768	768	32	256	64	0	32	0	384	80	0	0	0	0		1	1	0	320
102789	scripts/ai/DungeonStandardAI.lua	1	768	768	32	256	64	0	32	0	384	80	0	0	0	0		1	1	0	320
102790	scripts/ai/DungeonStandardAI.lua	1	768	768	32	256	64	0	32	0	384	80	0	0	0	0		1	1	0	320
102791	scripts/ai/DungeonStandardAI.lua	0	768	768	32	256	64	0	32	0	384	80	0	0	0	0		1	1	0	320
102792	scripts/ai/StandardAI_CanSwim.lua	1	768	768	32	256	64	0	32	0	384	80	0	0	0	0		1	1	0	320
102793	scripts/ai/StandardAI_CanSwim.lua	1	768	768	32	256	64	0	32	0	384	80	0	0	0	0		1	1	0	320
102794	scripts/ai/DungeonStandardAI.lua	1	768	768	32	256	64	0	32	0	384	80	0	0	0	0		1	1	0	320
102795	scripts/ai/DungeonStandardAI.lua	1	768	768	32	256	64	0	32	0	384	80	0	0	0	0		1	1	0	320
103045	scripts/Map/达摩洞/ai/周边/区域传送/传送指引Npc.lua	0	768	768	32	256	64	0	32	0	384	80	0	0	0	0		1	0	0	320
103060	scripts/Map/达摩洞/ai/周边/饿鬼道/小饿怪_可飞游泳_无瞎眼.lua	1	768	768	32	256	64	0	32	0	384	80	0	0	0	0		1	1	0	320
103071	scripts\Map\达摩洞\ai\周边\罗刹门\纵尸囚犯.lua	1	9600	9600	4	9600	64	0	32	0	384	80	0	0	0	0		1	1	1	320
103072	scripts\Map\达摩洞\ai\周边\罗刹门\小怪_可飞游泳_无瞎眼_大距离.lua	1	9600	9600	4	9600	64	0	32	0	384	80	0	0	0	0		1	1	1	320
103142	scripts/ai/DungeonStandardAI.lua	1	768	768	32	256	64	0	32	0	384	80	0	0	0	0		1	1	0	320
103149	scripts/Map/达摩洞/ai/周边/夜叉门/水中污秽.lua	0	768	768	32	256	64	0	32	0	384	80	0	0	0	0		1	1	0	320
103166	scripts/Map/达摩洞/ai/周边/区域传送/传送激活判断Npc.lua	0	768	768	32	256	64	0	32	0	384	80	0	0	0	0		1	0	0	320
103181	scripts/Map/狼牙堡_辉天堑/ai/周边/通用对话AI.lua	0	768	768	32	256	64	0	32	0	384	80	0	0	0	0		1	1	0	320
103202	scripts/Map/达摩洞/ai/周边/罗刹门/宝箱机关.lua	0	768	768	32	256	64	0	32	0	384	80	0	0	0	0		1	1	0	320
