AIType	ScriptFile	IsPositive	AlertRange	SearchPlayerDistance	AlertOverTime	AttackRange	EscapeTime	EscapeRange	EscapeInterval	WanderRange	WanderDistance	WanderInterval	PatrolPathID	EscapeLife	PatrolOrderIndex	ReviveTeammate	CustomArguments	IsAutoTurn	NpcSceneType	IsSnarlInFight	DialogIdleTime
60704	scripts/Map/英雄狼牙堡_狼神殿/ai/乌索/乌索.lua	0	768	768	32	256	64	0	32	0	384	80	0	0	0	0		1	1	0	320
60705	scripts/Map/英雄狼牙堡_狼神殿/ai/乌索/化骨吞噬.lua	0	768	768	32	256	64	0	32	0	384	80	0	0	0	0		1	1	0	320
60706	scripts/Map/英雄狼牙堡_狼神殿/ai/乌索/粘性水铁炮.lua	0	768	768	32	256	64	0	32	0	384	80	0	0	0	0		1	1	0	320
60707	scripts/Map/英雄狼牙堡_狼神殿/ai/史思明/史思明.lua	0	1280	1280	32	256	64	0	32	0	384	80	0	0	0	0		1	0	0	320
60708	scripts/Map/英雄狼牙堡_狼神殿/ai/乌索/毒腺骤雨.lua	0	768	768	32	256	64	0	32	0	384	80	0	0	0	0		1	1	0	320
60709	scripts/Map/英雄狼牙堡_狼神殿/ai/史思明/十方藏杀.lua	0	768	768	32	256	64	0	32	0	384	80	0	0	0	0		1	0	0	320
60710	scripts/Map/英雄狼牙堡_狼神殿/ai/史思明/AOE载体.lua	0	768	768	32	256	64	0	32	0	384	80	0	0	0	0		1	1	0	320
60711	scripts/Map/英雄狼牙堡_狼神殿/ai/乌索/乌索范围总控.lua	0	768	768	32	256	64	0	32	0	384	80	0	0	0	0		1	0	0	320
60712	scripts/Map/英雄狼牙堡_狼神殿/ai/乌索/乌索技能控制.lua	0	768	768	32	256	64	0	32	0	384	80	0	0	0	0		1	0	0	320
60713	scripts/Map/英雄狼牙堡_狼神殿/ai/乌索/空投减速.lua	0	768	768	32	256	64	0	32	0	384	80	0	0	0	0		1	1	0	320
60714	scripts\Map\英雄狼牙堡_狼神殿\ai\史思明\史思明通用无敌.lua	0	768	768	32	256	64	0	32	0	384	80	0	0	0	0		1	0	0	320
60715	scripts/ai/DungeonStandardAI.lua	1	4000	4000	32	256	64	0	32	0	384	80	0	0	0	0		1	1	1	320
60716	scripts/Map/英雄狼牙堡_狼神殿/ai/乌索/旋石.lua	1	768	768	32	256	64	0	32	0	384	80	0	0	0	0		1	1	1	320
60717	scripts/Map/英雄狼牙堡_狼神殿/ai/乌索/淤泥地.lua	0	768	768	32	256	64	0	32	0	384	80	0	0	0	0		1	1	0	320
60718	scripts/Map/狼牙堡_狼神殿/ai/靳空明/靳空明.lua	0	768	768	32	256	64	0	32	0	384	80	0	0	0	0		1	1	0	320
60719	scripts/Map/狼牙堡_狼神殿/ai/靳空明/枪盾兵.lua	0	768	768	32	256	64	0	32	0	384	80	0	0	0	0		1	1	0	320
60720	scripts/Map/狼牙堡_狼神殿/ai/靳空明/弓箭手.lua	0	768	768	32	256	64	0	32	0	384	80	0	0	0	0		1	1	0	320
60721	scripts/Map/狼牙堡_狼神殿/ai/靳空明/狼狗.lua	0	768	768	32	256	64	0	32	0	384	80	0	0	0	0		1	1	0	320
60722	scripts/Map/狼牙堡_狼神殿/ai/靳空明/枪盾兵阵总控.lua	0	768	768	32	256	64	0	32	0	384	80	0	0	0	0		1	0	0	320
60723	scripts/Map/狼牙堡_狼神殿/ai/靳空明/范围总控.lua	0	768	768	32	256	64	0	32	0	384	80	0	0	0	0		1	0	0	320
60724	scripts/Map/英雄狼牙堡_狼神殿/ai/周边/毛毛与可人.lua	0	768	768	32	256	64	0	32	0	384	80	0	0	0	0		1	0	0	320
60725	scripts/Map/狼牙堡_狼神殿/ai/靳空明/火狼箭雨.lua	1	768	768	32	256	64	0	32	0	384	80	0	0	0	0		1	1	1	320
60726	scripts/Map/英雄狼牙堡_狼神殿/ai/史思明/血奴.lua	0	768	768	32	256	64	0	32	0	384	80	0	0	0	0		1	0	0	320
60727	scripts/Map/英雄狼牙堡_狼神殿/ai/史思明/迷乱之奴.lua	0	768	768	32	256	64	0	32	0	384	80	0	0	0	0		1	0	0	320
60728	scripts/ai/DungeonStandardAI.lua	1	1500	1500	32	256	64	0	32	512	384	80	0	0	0	0		1	1	1	320
60729	scripts/Map/英雄狼牙堡_狼神殿/ai/史思明/史思明技能总控.lua	0	768	768	32	256	64	0	32	0	384	80	0	0	0	0		1	0	0	320
60730	scripts/Map/英雄狼牙堡_狼神殿/ai/史思明/史思明范围总控1.lua	0	768	768	32	256	64	0	32	0	384	80	0	0	0	0		1	0	0	320
60731	scripts/Map/英雄狼牙堡_狼神殿/ai/史思明/史思明范围总控2.lua	0	768	768	32	256	64	0	32	0	384	80	0	0	0	0		1	0	0	320
60732	scripts/Map/英雄狼牙堡_狼神殿/ai/史思明/史思明阶段总控.lua	0	768	768	32	256	64	0	32	0	384	80	0	0	0	0		1	0	0	320
60733	scripts/Map/英雄狼牙堡_狼神殿/ai/史思明/周期召唤血奴.lua	0	768	768	32	256	64	0	32	0	384	80	0	0	0	0		1	0	0	320
60734	scripts/Map/英雄狼牙堡_狼神殿/ai/史思明/周期召唤狂乱巨鳄.lua	0	768	768	32	256	64	0	32	0	384	80	0	0	0	0		1	0	0	320
60735	scripts/Map/英雄狼牙堡_狼神殿/ai/史思明/血奴.lua	0	768	768	32	256	64	0	32	0	384	80	0	0	0	0		1	0	0	320
60736	scripts/Map/英雄狼牙堡_狼神殿/ai/周边/空.lua	0	768	768	32	256	64	0	32	0	384	80	0	0	0	0		1	0	0	320
60737	scripts/Map/英雄狼牙堡_狼神殿/ai/周边/曲云与德夯.lua	0	768	768	32	256	64	0	32	0	384	80	0	0	0	0		1	0	0	320
60738	scripts/Map/英雄狼牙堡_狼神殿/ai/周边/空.lua	0	768	768	32	256	64	0	32	0	384	80	0	0	0	0		1	0	0	320
60739	scripts/ai/StandardAI.lua	0	768	768	32	256	64	0	32	0	384	80	0	0	0	0		1	0	0	320
60740	scripts/ai/StandardAI.lua	0	768	768	32	256	64	0	32	0	384	80	0	0	0	0		1	0	0	320
60741	scripts/Map/英雄狼牙堡_狼神殿/ai/周边/狼牙宦官.lua	0	768	768	32	256	64	0	32	0	384	80	0	0	0	0		1	0	0	320
60742	scripts/Map/英雄狼牙堡_狼神殿/ai/周边/狼牙宦官.lua	0	768	768	32	256	64	0	32	0	384	80	0	0	0	0		1	0	0	320
60743	scripts/Map/英雄狼牙堡_狼神殿/ai/周边/恐惧的女子.lua	0	768	768	32	256	64	0	32	0	384	80	0	0	0	0		1	0	0	320
60744	scripts/ai/StandardAI.lua	0	768	768	32	256	64	0	32	0	384	80	0	0	0	0		1	0	0	320
60745	scripts/ai/StandardAI.lua	0	768	768	32	256	64	0	32	0	384	80	0	0	0	0		1	0	0	320
60746	scripts/Map/英雄狼牙堡_狼神殿/ai/周边/恐惧的女子.lua	0	768	768	32	256	64	0	32	0	384	80	0	0	0	0		1	0	0	320
60747	scripts/ai/DungeonStandardAI.lua	1	768	768	32	256	64	0	32	0	384	80	0	0	0	0		1	1	1	320
60748	scripts/ai/StandardAI.lua	1	768	768	32	256	64	0	32	0	384	80	0	0	0	0		1	0	1	320
60749	scripts/ai/DungeonStandardAI.lua	1	768	768	32	256	64	0	32	0	384	80	0	0	0	0		1	1	1	320
60750	scripts/ai/DungeonStandardAI.lua	1	768	768	32	256	64	0	32	0	384	80	0	0	0	0		1	1	0	320
60751	scripts/ai/StandardAI.lua	0	768	768	32	256	64	0	32	0	384	80	0	0	0	0		1	0	0	320
60752	scripts/ai/StandardAI.lua	0	768	768	32	256	64	0	32	0	384	80	0	0	0	0		1	0	0	320
60753	scripts/ai/StandardAI.lua	0	768	768	32	256	64	0	32	0	384	80	0	0	0	0		1	0	0	320
60754	scripts/ai/StandardAI.lua	0	768	768	32	256	64	0	32	0	384	80	0	0	0	0		1	0	0	320
60755	scripts/Map/英雄狼牙堡_狼神殿/ai/周边/高阶官员.lua	0	768	768	32	256	64	0	32	0	384	80	0	0	0	0		1	0	0	320
60756	scripts/Map/英雄狼牙堡_狼神殿/ai/周边/附带官员.lua	0	768	768	32	256	64	0	32	0	384	80	0	0	0	0		1	0	0	320
60757	scripts/ai/StandardAI.lua	0	768	768	32	256	64	0	32	0	384	80	0	0	0	0		1	0	0	320
60758	scripts/ai/StandardAI.lua	0	768	768	32	256	64	0	32	0	384	80	0	0	0	0		1	0	0	320
60759	scripts/ai/StandardAI.lua	0	768	768	32	256	64	0	32	0	384	80	0	0	0	0		1	0	0	320
60760	scripts/ai/DungeonStandardAI.lua	0	768	768	32	256	64	0	32	0	384	80	0	0	0	0		1	1	0	320
60761	scripts/ai/StandardAI.lua	0	768	768	32	256	64	0	32	0	384	80	0	0	0	0		1	0	0	320
60762	scripts/ai/StandardAI.lua	0	768	768	32	256	64	0	32	0	384	80	0	0	0	0		1	0	0	320
60763	scripts/ai/StandardAI.lua	0	768	768	32	256	64	0	32	0	384	80	0	0	0	0		1	0	0	320
60764	scripts/ai/StandardAI.lua	0	768	768	32	256	64	0	32	0	384	80	0	0	0	0		1	0	0	320
60765	scripts/ai/StandardAI.lua	0	768	768	32	256	64	0	32	0	384	80	0	0	0	0		1	0	0	320
60766	scripts/Map/英雄狼牙堡_狼神殿/ai/周边/狡狐.lua	0	768	768	32	256	64	0	32	0	384	80	0	0	0	0		1	0	0	320
60767	scripts/ai/StandardAI.lua	0	768	768	32	256	64	0	32	0	384	80	0	0	0	0		1	0	0	320
60768	scripts/Map/英雄狼牙堡_狼神殿/ai/周边/附带官员.lua	0	768	768	32	256	64	0	32	0	384	80	0	0	0	0		1	0	0	320
60769	scripts/Map/英雄狼牙堡_狼神殿/ai/史思明/血球.lua	0	768	768	32	256	64	0	32	0	384	80	0	0	0	0		1	0	0	320
60770	scripts/Map/英雄狼牙堡_狼神殿/ai/史思明/血球总控.lua	0	768	768	32	256	64	0	32	0	384	80	0	0	0	0		1	0	0	320
60771	scripts/Map/英雄狼牙堡_狼神殿/ai/史思明/血印共鸣总控.lua	0	768	768	32	256	64	0	32	0	384	80	0	0	0	0		1	0	0	320
60772	scripts/Map/英雄狼牙堡_狼神殿/ai/周边/高阶官员.lua	0	768	768	32	256	64	0	32	0	384	80	0	0	0	0		1	0	0	320
60773	scripts/ai/StandardAI.lua	0	768	768	32	256	64	0	32	0	384	80	0	0	0	0		1	0	0	320
60774	scripts/Map/英雄狼牙堡_狼神殿/ai/周边/附带官员.lua	0	768	768	32	256	64	0	32	0	384	80	0	0	0	0		1	0	0	320
60775	scripts/Map/英雄狼牙堡_狼神殿/ai/周边/附带官员.lua	0	768	768	32	256	64	0	32	0	384	80	0	0	0	0		1	0	0	320
60776	scripts/ai/StandardAI.lua	0	768	768	32	256	64	0	32	0	384	80	0	0	0	0		1	0	0	320
60777	scripts/ai/StandardAI.lua	1	768	768	32	256	64	0	32	0	384	80	0	0	0	0		1	0	1	320
60778	scripts/ai/StandardAI.lua	0	768	768	32	256	64	0	32	0	384	80	0	0	0	0		1	0	0	320
60779	scripts/ai/StandardAI.lua	0	768	768	32	256	64	0	32	0	384	80	0	0	0	0		1	0	0	320
60780	scripts/Map/英雄狼牙堡_狼神殿/ai/史思明/血果实总控.lua	0	768	768	32	256	64	0	32	0	384	80	0	0	0	0		1	0	0	320
60781	scripts/Map/狼牙堡_狼神殿/ai/靳空明/轮枪旋涡.lua	0	768	768	32	256	64	0	32	0	384	80	0	0	0	0		1	1	0	320
60782	scripts/Map/狼牙堡_狼神殿/ai/靳空明/防空弓箭手.lua	0	768	768	32	256	64	0	32	0	384	80	0	0	0	0		1	1	0	320
60783	scripts/ai/CommonFoolish.lua	0	768	768	32	256	64	0	32	0	384	80	0	0	0	0		1	1	0	320
60784	scripts/Map/狼牙堡_狼神殿/ai/靳空明/后排补兵总控.lua	0	768	768	32	256	64	0	32	0	384	80	0	0	0	0		1	1	0	320
60785	scripts/Map/狼牙堡_狼神殿/ai/靳空明/技能总控.lua	0	768	768	32	256	64	0	32	0	384	80	0	0	0	0		1	1	0	320
60786	scripts/Map/狼牙堡_狼神殿/ai/靳空明/枪盾兵强化控制.lua	0	768	768	32	256	64	0	32	0	384	80	0	0	0	0		1	1	0	320
60787	scripts/Map/狼牙堡_狼神殿/ai/靳空明/血量阶段总控.lua	0	768	768	32	256	64	0	32	0	384	80	0	0	0	0		1	1	0	320
60788	scripts/Map/英雄狼牙堡_狼神殿/ai/周边/狙击手.lua	0	768	768	32	256	64	0	32	0	384	80	0	0	0	0		1	0	0	320
60789	scripts/Map/英雄狼牙堡_狼神殿/ai/乌索/乌蒙贵.lua	0	768	768	32	256	64	0	32	0	384	80	0	0	0	0		1	1	0	320
60790	scripts/Map/英雄狼牙堡_狼神殿/ai/乌索/无支祁.lua	0	768	768	32	256	64	0	32	0	384	80	0	0	0	0		1	0	0	320
60791	scripts/Map/英雄狼牙堡_狼神殿/ai/周边/慕容追风与无支祁.lua	0	768	768	32	256	64	0	32	0	384	80	0	0	0	0		1	0	0	320
60792	scripts/ai/StandardAI.lua	0	768	768	32	256	64	0	32	0	384	80	0	0	0	0		1	0	0	320
60793	scripts/Map/英雄狼牙堡_狼神殿/ai/乌索/裂缝.lua	0	768	768	32	256	64	0	32	0	384	80	0	0	0	0		1	1	0	320
60794	scripts/Map/英雄狼牙堡_狼神殿/ai/周边/2号BOSS前流沙.lua	0	768	768	32	256	64	0	32	0	384	80	0	0	0	0		1	0	0	320
60795	scripts/Map/狼牙堡_辉天堑/ai/周边/通用对话AI.lua	0	768	768	32	256	64	0	32	0	384	80	0	0	0	0		1	0	0	320
60796	scripts/Map/英雄狼牙堡_狼神殿/ai/史思明/十方藏杀总控.lua	0	768	768	32	256	64	0	32	0	384	80	0	0	0	0		1	0	0	320
60797	scripts/Map/英雄狼牙堡_狼神殿/ai/乌索/幻影飞虫.lua	1	4000	4000	32	256	64	0	32	0	384	80	0	0	0	0		1	1	1	320
60799	scripts/Map/英雄狼牙堡_狼神殿/ai/史思明/血树总控.lua	0	768	768	32	256	64	0	32	0	384	80	0	0	0	0		1	1	0	320
60802	scripts/Map/狼牙堡_辉天堑/ai/周边/通用对话AI.lua	0	768	768	32	256	64	0	32	0	384	80	0	0	0	0		1	1	0	320
60804	scripts/ai/CommonFoolish.lua	0	768	0	32	256	64	0	32	0	384	80	0	0	0	0		1	1	0	320
60805	scripts/ai/CommonFoolish.lua	0	768	0	32	256	64	0	32	0	384	80	0	0	0	0		1	1	0	320
60806	scripts/ai/CommonFoolish.lua	0	768	0	32	256	64	0	32	0	384	80	0	0	0	0		1	1	0	320
60807	scripts/ai/CommonFoolish.lua	0	768	0	32	256	64	0	32	0	384	80	0	0	0	0		1	1	0	320
60808	scripts/ai/CommonFoolish.lua	0	768	0	32	256	64	0	32	0	384	80	0	0	0	0		1	1	0	320
60809	scripts/ai/CommonFoolish.lua	0	768	0	32	256	64	0	32	0	384	80	0	0	0	0		1	1	0	320
60810	scripts/ai/CommonFoolish.lua	0	768	0	32	256	64	0	32	0	384	80	0	0	0	0		1	1	0	320
60811	scripts/ai/CommonFoolish.lua	0	768	0	32	256	64	0	32	0	384	80	0	0	0	0		1	1	0	320
60812	scripts/ai/CommonFoolish.lua	0	768	0	32	256	64	0	32	0	384	80	0	0	0	0		1	1	0	320
60813	scripts/ai/CommonFoolish.lua	0	768	768	32	256	64	0	32	0	384	80	0	0	0	0		1	1	0	320
60949	scripts/ai/CommonFoolish.lua	0	768	0	32	256	64	0	32	0	384	80	0	0	0	0		1	1	0	320
60952	scripts/Map/狼牙堡_辉天堑/ai/周边/通用对话AI.lua	0	768	768	32	256	64	0	32	0	384	80	0	0	0	0		1	1	0	320
60953	scripts/ai/CommonFoolish.lua	0	768	768	32	256	64	0	32	0	384	80	0	0	0	0		1	1	0	320
60957	scripts/Map/英雄狼牙堡_狼神殿/ai/周边/追踪任务结尾NPC.lua	0	768	768	32	256	64	0	32	0	384	80	0	0	0	0		1	1	0	320
