ID
1877
127
128
371
444
515
518
519
520
668
672
1232
2596
153
154
155
2597
2598
2599
2600
2601
2602
2603
2604
1351
1849
1803
1804
1805
1806
1992
603
604
605
606
607
608
609
610
611
915
1912
1913
1914
1915
1916
1433
614
615
616
617
618
619
916
917
2048
2424
1439
1410
1403
1556
1557
1558
1559
1454
1451
1443
1447
1546
2020
613
612
918
919
1279
1284
1285
1286
1287
1288
2446
2447
2448
2449
2450
2451
2452
2453
2454
2455
2456
2457
2458
2459
2461
2462
2463
2566
2567
2568
2569
2570
2571
2572
2870
2574
2575
2576
2577
2578
2579
2580
2581
2582
2583
2871
2585
2586
2587
884
865
875
876
877
878
879
880
881
882
883
884
920
921
620
621
1424
2716
2717
2689
2690
1
2
3
4
5
6
7
706
131
132
35
90
374
99
100
101
102
103
1423
117
118
119
120
121
122
123
124
125
126
1801
1987
543
544
545
836
756
757
367
368
369
370
1897
1919
2851
758
397
398
399
563
564
565
394
395
396
1921
2445
502
517
2998
2999
3000
3001
3002
3003
3004
2767
2768
2916
2917
2918
2919
2920
2921
2922
2923
2950
2924
2981
2925
2926
2927
2928
2929
2930
2931
2932
2933
2934
2935
2936
2937
2938
2939
2940
2941
2942
2943
2944
2945
2946
2947
2948
2949
3308
3309
3310
3311
3312
3313
3314
3315
3307
