ID	AnnounceType	CoolDownID	OwnDuration	BuffID	BuffLevel	Type	TitleID	SFXID
1	1							
2	1							
3	1							
4	1							
5	1							
6	1							
7	1							
8	1							
9	1							
10	1							
11	1							
12	1							
13	1							
14	1							
15	1							
16	1							
17	1							
18	1							
19	1							
20	1							
21	1							
22	1							
23	1							
24	1							
25	1							
26	1							
27	1							
28	1							
29	1							
30	1							
31	1							
32	1							
33	1							
34	1							
35	1							
36	1							
37	1							
38	1							
39	1							
40	1							
41	1							
42	1							
43	1							
44	1							
45	1							
46	1							
47	1							
48	1							
49	1							
50	1							
51	1							
52	1							
53	1							
54	1							
55	1							
56	1							
57	1							
58	1							
59	1							
60	1							
61	1							
62	1							
63	1							
64	1							
65	1							
66	1							
67	1							
68	1							
69	1							
70	1							
71	1							
72	1							
73	1							
74	1							
75	1							
76	1							
77	1							
78	1							
79	1							
80	1							
81	3	380	2592000			1		
82	3	380	2592000			1		
83	3		604800			2		
84	3		604800			2		
85	1		604800			2		
86	1		604800			2		
87	1		604800			2		
88	1		604800			2		
89	1		604800			2		
90	1		604800			2		
91	1		604800			2		
92	1		604800			2		
93	1		604800			2		
94	1		604800			2		
95	1		604800			2		
96	1		604800			2		
97	3		604800			2		
98	3		604800			2		
99	1		604800			2		
100	1		604800			2		
101	1		604800			2		
102	1		604800			2		
103	1		604800			2		
104	1		604800			2		
105	1		604800			2		
106	1		604800			2		
107	1		604800			2		
108	1		604800			2		
109	1		604800			2		
110	1		604800			2		
111	1		5184000			1		
112	1		5184000			1		
113	1		5184000			1		
114	1		5184000			1		
115	1		5184000			1		
116	1		1296000			1		
117	1		604800			1		
118	1					1		
119	1		2678400	2474	1	1		
120	1	419		2620	1	1		
121	1							
122	1	380	2419200			1		
123	1	380	2419200	2744	1	1		
124	1							
125	1							
126	1							
127	1							
128	1							
129	1							
130	1							
131	1							
132	1							
133	1							
134	1							
135	1							
136	1							
137	1							
138	1	380	86400			1		
139	1			3069	1	1		
140	1		2592000	3063	1	1		
141	1		2592000	3064	1	1		
142	1		2592000	3065	1	1		
143	1	380						
144	1	380						
145	1			3357	1	1		
146	1			3358	1	1		
147	1							
148	1							
149	1							
150	1							
151	1							
152	1							
153	1							
154	1							
155	1							
156	1							
157	1							
158	1							
159	1							
160	1							
161	1							
162	1							
163	1	380	604800	3874	1	1		
164	1	380	604800			1		
165	1	380	604800			1		
166	1	380	604800			1		
167	1	380	86400			1		
168	1					1		1
169	1							
170	1							
171	1							
172	1							
173	1							
174	1							
175	1							
176	1							
177	1							
178	1		604800			1		
179	1		604800			1		
180	1							
181	1							
182	1							
183	1					1		
184	1		2592000			1		
185	1	380	604800	4843	3	1		
186	1	380	604800	4843	2	1		
187	1	380	604800	4843	1	1		
188	1	380				1		
189	1					1		
190	1		1209600			1		
191	1		1209600			1		
192	1		1209600			1		
193	1		1209600			1		
194	1		1209600			1		
195	1	380	2592000			1		
196	1	380	2592000			1		
197	1							
198	1							
199	1							
200	1							
201	1							
202	1							
203	1							
204	1							
205	1							
206	1							
207	1							
208	1							
209	1					1		
210	1					1		
211	1							
212	1							
213	1							
214	1							
215	1							
216	1							
217	1					1		
218	1	380		7785	1	1	1	
219	1	380		7785	2	1	2	
220	1	380		7785	2	1	3	
221	1	380		7785	2	1	4	
222	1	380		7785	2	1	5	
223	1	380		7785	2	1	6	
224	1	380		7785	2	1	7	
225	1	380		7785	3	1	8	
226	1	380		7785	3	1	9	
227	1	380		7785	3	1	10	
228	1	380		7785	3	1	11	
229	1	380		7785	3	1	12	
230	1	380		7785	3	1	13	
231	1	380		7785	3	1	14	
232	1	380		7785	3	1	15	
233	1	380		7785	3	1	16	
234	1	380		7785	3	1	17	
235	1	380		7785	3	1	18	
236	1	380		7785	3	1	19	
237	1	380		7785	2	1	20	
238	1	380		7785	2	1	21	
239	1	380		7785	2	1	22	
240	1	380		7785	2	1	23	
241	1	380		7785	2	1	24	
242	1	380		7785	2	1	25	
243	1	380		7785	1	1	26	
244	3	380	7776000			1		
245	3	380	7776000			1		
246	3	380	7776000			1		
247	3	380	7776000			1		
248	3	380	7776000			1		
249	3	380	7776000			1		
250	1		604800					
251	1		604800					
252	1		604800					
253	1		604800					
254	1		604800					
255	1		2592000					
256	1		2592000					
257	1		2592000					
258	1		2592000					
259	1		2592000					
260	1		7776000					
261	1		7776000					
262	1		7776000					
263	1		7776000					
264	1		7776000					
265	1					1		
266	1							2
267	1							
268	1							
269	1							
270	1					1		
271	1					1		
272	1					1		
273	1					1		
274	1					1		
275	1					1		
276	1					1		
277	0					1		
278	0					1		
279	0					1		
280	0					1		
281	0					1		
282	0					1		
283	0					1		
284	0					1		
285	0					1		
286	0					1		
287	1					1		
288	1					1		
289	1					1		
290	1					1		
291	1					1		
292	1					1		
293	1					1		
294	1					1		
295	1					1		
296	1					1		
297	1					1		
298	1							
299	1					1		
300	1					1		3
301	3	380				1		100
302	3	380				1		101
303	3	380				1		102
304	3	380				1		103
305	3	380				1		104
306	3	380				1		105
307	0							
308	0							
309	0							
310	0							
311	1							
312	1							
313	1							
314	1							
315	1							
316	1							
317	1							
318	1							
319	1							
320	1							
321	1					1		
322	1							
323	1					1		4
324	1							
325	3							
326	3							
327	3							
328	3							
329	3					1		
330	3					1		
331	3					1		
332	3					1		
333	1							
335	3		604800			1	27	
336	3		604800			1	28	
337	3		604800			1	29	
338	3		604800			1	30	
339	3		604800			1	31	
340	3		604800			1	32	
341	3		604800			1	33	
342	3		604800			1	34	
343	3		604800			1	35	
344	3		604800			1	36	
345	3		604800			1	37	
346	3		604800			1	38	
347	3		604800			1	39	
348	3		604800			1	40	
349	3		604800			1	41	
350	3					1		
351	3					1		
352	3					1		
353	3					1		
354	3					1		
355	1							
356	1					1		
357	1							
358	1							
359	1							
360	1					1		
361	1							5
362	1					1		
363	1							6
364	1					1		
365	1					1		
366	1					1		
367	1					1		
368	1					1		
369	1					1		
370	1							
371	1					1		
372	1					1		
373	1					1		
374	1					1		
375	1					1		
376	1					1		
377	1					1		7
378	1					1		8
379	1					1		9
380	1					1		10
381	1					1		11
382	1					1		12
383	1					1		13
384	1					1		14
385	1					1		15
386	1					1		16
387	1					1		17
388	1					1		18
389	1					1		19
390	3	380				1		106
391	3	380				1		107
392	3	380				1		108
393	3	380				1		109
394	1		604800	13209	1	1		
395	3		900			1		
396	1					1		
397	1					1		
398	3		5184000			1		
399	3		5184000			1		
400	3					1		
401	3					1		
402	3					1		
403	3					1		
404	3							110
405	1							
406	1					1		
407	3		7200			1	42	
408	3		7200			1	43	
409	3		2592000			1		
410	3		2592000			1		
411	1					1		
412	1					1		
413	1					1		
414	1		432000			1		
415	1		432000			1		
416	1					1		
417	1					1		
418	1							
419	1					1		
420	1		7776000			1		
421	3					1		
422	1					1		20
423	1					1		
424	3					1		
425	3					1		
426	1					1		21
427	1		7776000			1		
428	1		7776000			1		
429	1		7776000			1		
430	1							
431	1							
432	3					1		
433	3					1		
434	1		2592000			1	44	
435	3					1		
436	1					1		
437	1							
438	1							
439	1							
440	1							
441	1							
442	1							
443	1							
444	1							
445	1							
446	1							
447	1							
448	1							
449	1							
450	1							
451	1					1		22
452	1					1		23
453	1							
454	1							
455	1					1		
456	1							
457	1							
458	1					1		
459	1					1		24
460	1					1		25
461	1					1		26
462	1					1		27
463	1					1		28
464	1					1		29
465	1					1		30
466	1					1		31
467	1					1		32
468	1					1		33
469	1					1		34
470	1					1		35
471	1					1		36
472	1					1		37
473	1					1		38
474	1					1		
475	1					1		
476	1					1		
477	1					1		
478	1					1		
479	1					1		
480	1							
481	1							
482	1							
483	1							
484	1							
485	1					1		
486	1					1		
487	1					1		
488	1					1		
489	1					1		
490	1					1		39
491	1							
492	1							
493	1							40
494	1					1		
495	3					1		
496	3					1		
497	1							
498	1							
499	1							
500	1					1		
501	1					1		
502	1							
503	1							
504	1							
505	1					1		41
506	1					1		42
507	3					1		
508	3					1		
509	3					1		
510	3					1		
511	3					1		
512	3					1		
513	3					1		
514	3					1		
515	3					1		
516	3					1		
517	3					1		
518	1							
519	3					1		43
520	3					1		44
521	3					1		45
522	3					1		46
523	3					1		47
524	3					1		48
525	3					1		49
526	3					1		50
527	3					1		51
528	3					1		
529	1							
530	3					1		
531	3					1		52
532	1					1		
533	3					1		
534	3					1		
535	3					1		53
536	3					1		
537	3					1		
538	3					1		
539	3					1		54
540	3					1		55
541	1					1		56
542	1					1		57
543	1					1		58
544	1					1		59
545	1					1		60
546	1					1		61
547	1					1		62
548	1					1		63
549	1					1		64
550	1					1		65
551	1					1		66
552	1					1		67
553	1					1		68
554	1					1		69
555	1					1		70
556	1					1		71
557	1							
558	1		7776000			1		
559	1		7776000			1		
560	1		7776000			1		
561	1		7776000			1		
562	1					1		
563	3					1		
564	3					1		
565	3					1		
566	3					1		
567	3					1		
568	3					1		
569	3					1		
570	3					1		
571	3					1		
572	1							
573	1							
574	1							
575	1							
576	3					1		
577	1							
578	1							
579	1					1		
580	1					1		
581	1							
582	1					1		
583	1					1		72
584	1							
585	1							
586	1							
587	1					1		73
588	1					1		74
589	1							
590	1					1		
591	1					1		
592	1					1		
593	1		172800	23145	1	1	45	
594	1							
595	1					1		
596	1					1		
597	1					1		
598	1					1		
599	1					1		
600	1					1		
601	3					1		
602	3					1		
603	3					1		
604	3					1		
605	3					1		
606	3					1		
607	3					1		
608	3					1		
609	3					1		
610	1					1		75
611	1					1		
612	1					1		
613	1					1		76
614	1					1		77
615	1					1		78
616	1					1		79
617	1					1		80
618	1					1		81
619	1					1		82
620	1					1		83
621	1					1		84
622	1					1		85
623	1					1		86
624	1					1		87
625	1					1		88
626	1					1		89
627	1					1		90
628	1					1		91
629	1					1		92
630	1					1		
631	1					1		
632	1					1		
633	1							
634	1							
635	1					1		
636	1					1		
637	1					1		93
638	1							
639	1							
640	1					1		
641	1					1		
642	1					1		
643	1		604800			1	46	
644	1		5443200			1	47	
645	1					1		123
646	1		10800			1	48	
647	1					1		
648	1							
649	1					1		
650	1							
651	1							
652	1							
653	1					1		
654	1					1		
655	1					1		
656	1					1		
657	1							
658	1					1		125
659	1							
660	1					1		
661	1							
662	1							
663	1							
664	1							
665	1							
666	1							
667	1							
668	3					1		
669	3					1		
670	3					1		
671	3					1		
672	3					1		
673	3					1		
674	3					1		
675	3					1		
676	3					1		
677	1					1		
678	1							126
679	1							
680	1					1		
681	1							
682	1					1		127
683	1					1		128
684	1					1		129
685	1					1		130
686	1					1		131
687	1					1		132
688	1					1		133
689	1					1		134
690	1					1		135
691	1					1		136
692	1					1		137
693	1					1		138
694	1					1		139
695	1					1		140
696	1					1		141
697	1					1		142
698	1					1		143
699	1					1		144
700	1					1		
701	1							
702	1							
703	1					1		
704	1							
705	1					1		
706	1					1		
707	1							145
708	1					1		
709	1					1		
710	1					1		146
