GroupID	NpcTemplateID	MaxCount	PlayerDiff	RandomDiff	Daily	ScriptName	Quest1	Quest2	Quest3	Quest4	Quest5	Quest6	Quest7	Quest8	Quest9	Quest10	Quest11	Quest12	Quest13	Quest14	Quest15	Quest16	Quest17	Quest18	Quest19	Quest20	Quest21	Quest22	Quest23	Quest24	Quest25	Quest26	Quest27	Quest28	Quest29	Quest30	Quest31	Quest32	PrepGroupID	PrepGroupCount
1	869	1	0	0	0		0	0	0	0	0	0																												
2	14211	1	0	0	0		19432	19433	19434	19435	19436	19376	19376	19376	19425	19425	19425	19427	19427	19427	22788	22788	22788	22788	22787	22787	22787	22787		0	0	0	0	0	0					
3	7731	1	0	0	0		6465	6466	6467																															
4	7744	1	0	0	0		6456	6457																																
8	10729	1	0	0	0		6459	6460	6461																															
10	10252	1	0	0	0		6777	6778	6779	6780	6781	6783																												
11	14211	1	0	0	0		19424	19424	19426	19426	19428	19428	19429	19430	19431	22789	22789	22789	22790	22790	22790																			
12	109	1	0	0	0		4494																																	
13	109	1	0	0	0		4629																																	
14	109	1	0	0	0		4630																																	
15	571	1	0	0	0		4491																																	
16	571	1	0	0	0		4647																																	
17	571	1	0	0	0		4648																																	
18	768	1	0	0	0		4506																																	
19	768	1	0	0	0		4653																																	
20	768	1	0	0	0		4654																																	
21	869	1	0	0	0		0																																	
22	869	1	0	0	0		0																																	
23	869	1	0	0	0		0																																	
24	869	1	0	0	0		0																																	
25	869	1	0	0	0		0																																	
26	869	1	0	0	0		0																																	
27	869	1	0	0	0		0																																	
28	869	1	0	0	0		0																																	
29	869	1	0	0	0		0																																	
30	869	1	0	0	0		0																																	
31	876	1	0	0	0		4198																																	
32	876	1	0	0	0		5645																																	
33	1365	1	0	0	0		4237																																	
34	1365	1	0	0	0		4239																																	
35	1365	1	0	0	0		5655																																	
36	1365	1	0	0	0		5657																																	
37	1399	1	0	0	0		4236																																	
38	1399	1	0	0	0		4238																																	
39	1399	1	0	0	0		5654																																	
40	1399	1	0	0	0		5656																																	
41	1570	1	0	0	0		4212																																	
42	1570	1	0	0	0		4213																																	
43	1570	1	0	0	0		4214																																	
44	1570	1	0	0	0		4215																																	
45	1581	1	0	0	0		4192																																	
46	1581	1	0	0	0		4195																																	
47	1581	1	0	0	0		5650																																	
48	1581	1	0	0	0		5653																																	
49	1594	1	0	0	0		4193																																	
50	1594	1	0	0	0		4194																																	
51	1594	1	0	0	0		5651																																	
52	1594	1	0	0	0		5652																																	
53	1595	1	0	0	0		4225																																	
54	1596	1	0	0	0		4203																																	
55	1596	1	0	0	0		4206																																	
56	1596	1	0	0	0		5646																																	
57	1596	1	0	0	0		5648																																	
58	1600	1	0	0	0		4205																																	
59	1600	1	0	0	0		4296																																	
60	1600	1	0	0	0		5647																																	
61	1600	1	0	0	0		5649																																	
62	1627	1	0	0	0		4226																																	
63	1701	1	0	0	0		4227																																	
64	1701	1	0	0	0		4228																																	
65	1737	1	0	0	0		4199																																	
66	1737	1	0	0	0		4200																																	
67	1737	1	0	0	0		4201																																	
68	1737	1	0	0	0		5642																																	
69	1737	1	0	0	0		5643																																	
70	1737	1	0	0	0		5644																																	
71	2209	1	0	0	0		5567																																	
72	2576	1	0	0	0		2932																																	
73	2576	1	0	0	0		4627																																	
74	2576	1	0	0	0		4628																																	
75	2638	1	0	0	0		4508																																	
76	2638	1	0	0	0		4650																																	
77	2638	1	0	0	0		4651																																	
78	3485	1	0	0	0		4665																																	
79	3485	1	0	0	0		4666																																	
80	3485	1	0	0	0		4667																																	
81	3485	1	0	0	0		4671																																	
82	3485	1	0	0	0		4795																																	
83	3640	1	0	0	0		4669																																	
84	3640	1	0	0	0		4670																																	
85	3640	1	0	0	0		4672																																	
86	3640	1	0	0	0		4673																																	
87	3640	1	0	0	0		4794																																	
88	3716	1	0	0	0		4661																																	
89	3716	1	0	0	0		4662																																	
90	3716	1	0	0	0		4663																																	
91	3716	1	0	0	0		4664																																	
92	3716	1	0	0	0		4796																																	
93	3804	1	0	0	0		0																																	
94	4519	1	0	0	0		2303																																	
95	5709	1	0	0	0		2309																																	
96	5709	1	0	0	0		2311																																	
97	5709	1	0	0	0		2350																																	
98	6271	1	0	0	0		4591																																	
99	6271	1	0	0	0		4592																																	
100	6271	1	0	0	0		4593																																	
101	6271	1	0	0	0		4594																																	
102	6271	1	0	0	0		0																																	
103	6271	1	0	0	0		0																																	
104	6271	1	0	0	0		0																																	
105	6271	1	0	0	0		0																																	
106	6271	1	0	0	0		0																																	
107	6271	1	0	0	0		0																																	
108	6271	1	0	0	0		0																																	
109	6514	1	0	0	0		4766																																	
110	6557	1	0	0	0		4767																																	
111	6557	1	0	0	0		7966																																	
112	6561	1	0	0	0		4762																																	
113	6561	1	0	0	0		0																																	
114	6561	1	0	0	0		4764																																	
115	6561	1	0	0	0		4765																																	
116	6561	1	0	0	0		0																																	
117	6561	1	0	0	0		0																																	
118	6561	1	0	0	0		0																																	
119	6561	1	0	0	0		0																																	
120	6561	1	0	0	0		0																																	
121	6561	1	0	0	0		0																																	
122	6561	1	0	0	0		0																																	
123	6804	1	0	0	0		8035																																	
124	7280	1	0	0	0		5328																																	
125	7280	1	0	0	0		5576																																	
126	7280	1	0	0	0		5577																																	
127	7392	1	0	0	0		7317																																	
128	7604	1	0	0	0		5552																																	
129	7605	1	0	0	0		5553																																	
130	7606	1	0	0	0		5549																																	
131	7607	1	0	0	0		5550																																	
132	7706	1	0	0	0		5589																																	
133	7707	1	0	0	0		5594																																	
134	7709	1	0	0	0		5584																																	
135	7710	1	0	0	0		5592																																	
136	7712	1	0	0	0		5591																																	
137	7722	1	0	0	0		6481																																	
138	7789	1	0	0	0		5640																																	
139	7968	1	0	0	0		6755																																	
140	7968	1	0	0	0		7281																																	
141	7968	1	0	0	0		7282																																	
142	7968	1	0	0	0		7283																																	
143	7968	1	0	0	0		7284																																	
144	7968	1	0	0	0		7418																																	
145	9443	1	0	0	0		7307																																	
146	9473	1	0	0	0		7288																																	
147	9473	1	0	0	0		7290																																	
148	9473	1	0	0	0		7291																																	
149	9727	1	0	0	0		6463																																	
150	10393	1	0	0	0		6648																																	
151	6804	1	0	0	0		6649																																	
152	10502	1	0	0	0		6655																																	
153	10502	1	0	0	0		6657																																	
154	10502	1	0	0	0		6660																																	
156	11718	1	0	0	0		6911																																	
157	11718	1	0	0	0		6914																																	
158	11718	1	0	0	0		6915																																	
159	11718	1	0	0	0		6937																																	
162	14211	1	0	0	0		6010																																	
167	14211	1	0	0	0		7982																																	
168	14443	1	0	0	0		7351																																	
169	14452	1	0	0	0		7037																																	
170	15223	1	0	0	0		7938																																	
171	15530	1	0	0	0		0																																	
172	15531	1	0	0	0		0																																	
173	15532	1	0	0	0		0																																	
174	15533	1	0	0	0		0																																	
175	15534	1	0	0	0		0																																	
176	15535	1	0	0	0		0																																	
177	15536	1	0	0	0		0																																	
178	15537	1	0	0	0		7449																																	
179	7606	1	0	0	0		7500																																	
180	7606	1	0	0	0		7533																																	
181	7606	1	0	0	0		7534																																	
182	7606	1	0	0	0		7535																																	
183	7606	1	0	0	0		7536																																	
184	7604	1	0	0	0		7504																																	
185	7604	1	0	0	0		7538																																	
186	7604	1	0	0	0		7539																																	
187	7604	1	0	0	0		7540																																	
188	7604	1	0	0	0		7541																																	
189	7607	1	0	0	0		4230																																	
190	7607	1	0	0	0		4231																																	
191	7607	1	0	0	0		4232																																	
192	7607	1	0	0	0		4233																																	
193	7607	1	0	0	0		7503																																	
194	7605	1	0	0	0		4197																																	
195	7605	1	0	0	0		4208																																	
196	7605	1	0	0	0		4210																																	
197	7605	1	0	0	0		4211																																	
198	7605	1	0	0	0		7502																																	
199	15926	1	0	0	0		7768																																	
200	15927	1	0	0	0		7770																																	
201	16349	1	0	0	0		7896																																	
202	16491	1	0	0	0		7990																																	
203	16491	1	0	0	0		7993																																	
204	16491	1	0	0	0		7994																																	
205	16491	1	0	0	0		7995																																	
206	16492	1	0	0	0		7997																																	
207	16492	1	0	0	0		7998																																	
208	16492	1	0	0	0		7999																																	
209	16492	1	0	0	0		8001																																	
212	16701	1	0	0	0		8090																																	
213	113370	1	0	0	0	scripts/RandomQuest/美人图限制场景.lua	7669																																	
214	16747	1	0	0	0		0																																	
215	16747	1	0	0	0	scripts/RandomQuest/门派任务限制场景.lua	8206																																	
216	113370	1	0	0	0	scripts/RandomQuest/瞿塘飞影限制场景.lua	8332																																	
217	16747	1	0	0	0	scripts/RandomQuest/门派任务限制场景.lua	8347																																	
218	16747	1	0	0	0	scripts/RandomQuest/门派任务限制场景.lua	8348																																	
219	16747	1	0	0	0	scripts/RandomQuest/门派任务限制场景.lua	8349																																	
220	16747	1	0	0	0	scripts/RandomQuest/门派任务限制场景.lua	8350																																	
221	16747	1	0	0	0	scripts/RandomQuest/门派任务限制场景.lua	8351																																	
222	16747	1	0	0	0	scripts/RandomQuest/门派任务限制场景.lua	8352																																	
223	16747	1	0	0	0	scripts/RandomQuest/门派任务限制场景.lua	8353																																	
225	16747	1	0	0	0	scripts/RandomQuest/门派任务限制场景.lua	8398																																	
226	16747	1	0	0	0	scripts/RandomQuest/门派任务限制场景.lua	8399																																	
227	16747	1	0	0	0	scripts/RandomQuest/门派任务限制场景.lua	8400																																	
228	16747	1	0	0	0	scripts/RandomQuest/门派任务限制场景.lua	8401																																	
229	16747	1	0	0	0	scripts/RandomQuest/门派任务限制场景.lua	8402																																	
230	16747	1	0	0	0	scripts/RandomQuest/门派任务限制场景.lua	8403																																	
231	16747	1	0	0	0	scripts/RandomQuest/门派任务限制场景.lua	8404																																	
232	16134	10	1	1	0		7821	7822	7843	7844	7845	7846	7847	7832	7833	7834	7835	7836	7837	7838	7840	7842	9963	7827	7828	7829	7830	7831												
233	15675	5	0	0	0	scripts/RandomQuest/美人图限制场景.lua	8440																																	
234	7708	3	1	1	0		8197	8199	8200	8204	8252	8244	8273																											
235	7707	3	1	1	0		8220	8221	8222	8223	8224	8225	8226																											
236	7706	3	1	1	0		8245	8246	8247	8248	8249	8250	8251																											
237	7712	3	1	1	0		8237	8238	8239	8240	8241	8242	8243																											
238	7709	3	1	1	0		8229	8230	8231	8232	8233	8234	8235																											
239	7710	3	1	1	0		8256	8257	8258	8259	8260	8261	8262																											
240	102973	3	1	1	0		8274	8306	8330	8331	8334	8338	8433	8339																										
241	15223	3	1	1	0		8208	8209	8212	8213	8435	8436	8437																											
242	16103	1	0	0	0		7716																																	
243	16110	1	0	0	0		7717																																	
244	16110	1	0	0	0		7940																																	
245	16105	1	0	0	0		7718																																	
246	16105	1	0	0	0		7719																																	
247	16584	1	0	0	0		7721																																	
248	16105	1	0	0	0		7927																																	
249	16206	1	0	0	0		7731																																	
250	16207	1	0	0	0		7747																																	
251	16213	1	0	0	0		7749																																	
252	15451	1	0	0	0		7756																																	
253	17086	1	0	0	0		7758																																	
254	15451	1	0	0	0		7760																																	
255	16220	1	0	0	0		7761																																	
256	16206	1	0	0	0		8024																																	
257	16405	1	0	0	0		7724																																	
258	17612	1	0	0	0	scripts/RandomQuest/试炼之地限制场景.lua	8613																																	
259	16134	1	0	0	0		8656																																	
260	16509	1	0	0	0		8630																																	
261	15546	5	1	1	0		7465	7466	7467	7468	7469																													
262	19426	1	0	0	0		9271																																	
263	19402	1	0	0	0		9237																																	
264	19402	1	0	0	0		9238																																	
265	19402	1	0	0	0		9239																																	
266	19402	1	0	0	0		9240																																	
267	19402	1	0	0	0		9241																																	
268	19499	1	0	0	0		9437																																	
269	19544	1	0	0	0		9481																																	
270	20072	1	0	0	0	scripts/RandomQuest/七秀-白依依.lua	9744																																	
271	20072	1	0	0	0		9745																																	
272	20072	1	0	0	0		9746																																	
273	20072	1	0	0	0		9747																																	
274	20070	1	0	0	0		9743																																	
275	20662	5	1	1	0	scripts/RandomQuest/五毒-艾黎.lua	9785	9786	9787	9788	9789																													
276	19238	3	1	1	0		9791	9792	9793	9794	9795	9799	9800																											
277	16747	1	0	0	0	scripts/RandomQuest/门派任务限制场景.lua	9797																																	
278	16747	1	0	0	0	scripts/RandomQuest/门派任务限制场景.lua	9796																																	
279	19747	1	0	0	0		11264																																	
280	20072	1	0	0	0		9809																																	
281	20072	1	0	0	0		9810																																	
282	20072	1	0	0	0		9811																																	
283	20072	1	0	0	0		9812																																	
284	20072	1	0	0	0		9813																																	
285	20072	1	0	0	0		9814																																	
286	20072	1	0	0	0		9815																																	
287	20072	1	0	0	0		9816																																	
288	20768	1	0	0	0		9837																																	
289	20662	5	1	1	0		9839	9840	9841	9842	9843																													
290	20662	5	1	1	0		9844	9845	9846	9847	9848																													
291	19187	1	0	0	0		9736																																	
292	20768	1	0	0	0		9836																																	
293	20768	1	0	0	0		9855																																	
294	20768	1	0	0	0	scripts/RandomQuest/少林-慧曾.lua	9856																																	
295	20768	1	0	0	0	scripts/RandomQuest/少林-慧曾.lua	9857																																	
296	20768	1	0	0	0		9858																																	
297	20768	1	0	0	0		9838																																	
298	20768	1	0	0	0		9853																																	
299	20768	1	0	0	0	scripts/RandomQuest/少林-慧曾.lua	9859																																	
300	16540	1	0	0	0		8028																																	
301	16539	1	0	0	0		8027																																	
302	16539	1	0	0	0		8029																																	
303	14453	1	0	0	0		8032																																	
304	21623	1	0	0	0		10224																																	
305	21623	1	0	0	0		10225																																	
306	17010	1	0	0	0		10271																																	
307	17082	1	0	0	0		10274																																	
308	17011	1	0	0	0		10275																																	
309	21878	1	0	0	0		10270																																	
310	21879	1	0	0	0		10272																																	
311	21926	4	0	0	0		10348																																	
312	21927	4	0	0	0		10356																																	
316	22958	1	0	0	0		10581																																	
317	20949	1	0	0	0		10627																																	
318	23669	10	1	1	0		10851	10854	10885	10890	10808	10815	10887	10853	10849	10888	10813	10850	10884	10779	10778	10811																		
321	23523	1	1	1	0		11022	11023	11024	11026																														
322	24087	1	0	0	0		11032																																	
323	23669	1	0	0	0		11115																																	
325	24530	1	0	0	0		11131																																	
326	24528	1	0	0	0		11132																																	
327	24550	1	0	0	0		11133																																	
328	24531	1	0	0	0		11136																																	
329	24796	4	1	1	0	scripts/RandomQuest/乱世天策-朱剑秋.lua	11195	11196	11197	11198																														
331	24444	3	1	1	0		11169	11173	11174	11175	11176	11193																												
332	25513	3	1	1	0		11247	11248	11249	11250	11251	11252	11253																											
333	16747	1	0	0	0	scripts/RandomQuest/门派任务限制场景.lua	11254																																	
334	16747	1	0	0	0	scripts/RandomQuest/门派任务限制场景.lua	11255																																	
335	16747	1	0	0	0	scripts/RandomQuest/门派任务限制场景.lua	11245																																	
336	16747	1	0	0	0	scripts/RandomQuest/门派任务限制场景.lua	11246																																	
337	23878	1	0	0	0		11167																																	
338	20882	1	0	0	0		9604	0																																
339	20882	1	0	0	0		9600																																	
340	20882	1	0	0	0		9638																																	
341	25406	1	0	0	0		11229																																	
342	24579	1	0	0	0		11177	0	0	0																														
343	25517	1	0	0	0		11261																																	
344	24796	2	1	1	0		11270	11271	11272	11273																														
345	25559	1	0	0	0		11230																																	
346	25559	1	0	0	0		11319																																	
347	25530	1	0	0	0		11334																																	
348	24579	1	0	0	0		11178																																	
349	24579	1	0	0	0		11179																																	
350	24579	1	0	0	0		11180																																	
351	23878	1	0	0	0		11168																																	
352	23878	1	0	0	0		11170																																	
353	22677	1	0	0	0		11288																																	
354	24966	1	0	0	0		11298																																	
355	25559	1	0	0	0		11425	0	0																															
356	25559	1	0	0	0		11426																																	
357	25559	1	0	0	0		11428																																	
358	24579	1	0	0	0		11480																																	
359	16101	50	0	0	0		7864																																199	1
360	16102	50	0	0	0		7865																																200	1
361	16350	50	0	0	0		7897																																201	1
362	25809	1	1	1	0		11660	11672	11673	11674	0	0																												
363	25681	1	1	1	0		11514	11515	11516	11517	11676																													
366	25942	1	1	1	0		11679	11687	11688	11690																														
367	25690	1	0	0	0		11662																																	
368	25934	1	0	0	0		11656																																	
370	25942	1	1	1	0		11670	11677																																
371	25942	1	1	1	0		11655	11671																																
372	25942	1	1	1	0		11680	11681																																
373	25809	1	0	0	0		11675																																	
374	25809	1	1	1	0		11691	0																																
375	26215	1	1	1	0		11684	11686	0																															
376	26591	50	0	0	0		11706																																	
377	26591	50	0	0	0		11707																																	
378	25722	1	1	1	0		11535																																	
379	26591	50	0	0	0		11715																																	
380	14211	1	0	0	0		11718																																	
381	25722	1	1	1	0		11536																																	
382	25722	1	1	1	0		11537																																	
383	25722	1	1	1	0		11538																																	
385	27012	1	0	0	0		11747																																	
386	27082	1	0	0	0		11787																																	
387	25942	1	0	0	0		11802																																	
389	25809	1	0	0	0		11804																																	
390	25809	1	0	0	0		11805																																	
391	25722	1	1	1	0		11798																																	
392	25722	1	1	1	0		11799																																	
393	25722	1	1	1	0		11800																																	
394	25722	1	1	1	0		11801																																	
395	27543	1	0	0	0		11826																																	
396	27547	1	0	0	0		11827																																	
397	6803	1	1	1	0		11841																																	
398	36388	3	0	0	0	scripts/RandomQuest/个人贸易时间控制.lua	11864																																	
399	30412	1	0	0	0		11879																																	
400	30482	1	0	0	0		11878																																	
401	30420	1	0	0	0		11913																																	
402	30420	1	0	0	0		11914																																	
403	25635	1	0	0	0		11916																																	
412	36387	3	0	0	0	scripts/RandomQuest/个人贸易时间控制.lua	11991																																	
415	36495	1	0	0	0		12010																																	
416	36498	1	0	0	0		12013																																	
417	36504	1	0	0	0		12011																																	
419	36503	1	0	0	0		12012																																	
421	7707	1	0	0	0	scripts/RandomQuest/门派事件接任务限制.lua	9817																																	
422	7708	1	0	0	0	scripts/RandomQuest/门派事件接任务限制.lua	9824																																	
423	7709	1	0	0	0	scripts/RandomQuest/门派事件接任务限制.lua	9825																																	
424	7706	1	0	0	0	scripts/RandomQuest/门派事件接任务限制.lua	9826																																	
425	7710	1	0	0	0	scripts/RandomQuest/门派事件接任务限制.lua	9827																																	
426	15223	1	0	0	0	scripts/RandomQuest/门派事件接任务限制.lua	9828																																	
427	9443	1	0	0	0	scripts/RandomQuest/门派事件接任务限制.lua	9829																																	
428	7712	1	0	0	0	scripts/RandomQuest/门派事件接任务限制.lua	9830																																	
429	19238	1	0	0	0	scripts/RandomQuest/门派事件接任务限制.lua	9831																																	
430	25513	1	0	0	0	scripts/RandomQuest/门派事件接任务限制.lua	11184																																	
431	24444	1	0	0	0	scripts/RandomQuest/门派事件接任务限制.lua	11185																																	
432	36801	1	0	0	0		12094																																	
433	36818	1	0	0	0		12114																																	
434	37148	1	0	0	0		12261																																	
435	37149	1	0	0	0		12263																																	
436	37149	1	0	0	0		12276																																	
437	37597	1	0	0	0		12501																																	
438	37699	1	0	0	0		12626																																	
439	40853	1	0	0	0		12739																																	
440	40853	1	0	0	0		12742																																	
441	40853	1	0	0	0		12743																																	
442	40853	2	0	0	0		12745																																	
443	40853	4	0	0	0		12746																																	
444	40853	2	0	0	0		12747																																	
445	40853	4	0	0	0		12748																																	
446	40853	4	0	0	0		12749																																	
447	40853	2	0	0	0		12750																																	
448	39421	2	0	0	0		12752																																	
449	39421	4	0	0	0		12755																																	
450	39421	2	0	0	0		12756																																	
451	39421	4	0	0	0		12757																																	
452	39421	4	0	0	0		12758																																	
453	39421	2	0	0	0		12759																																	
454	40850	1	0	0	0		12760																																	
455	40850	1	0	0	0		12761																																	
456	40850	1	0	0	0		12763																																	
457	40850	2	0	0	0		12764																																	
458	40850	4	0	0	0		12765																																	
459	40850	2	0	0	0		12766																																	
460	40850	4	0	0	0		12767																																	
461	40850	4	0	0	0		12768																																	
462	40850	2	0	0	0		12769																																	
463	40849	1	1	0	0		12770	13182																																
464	40849	1	1	0	0		12771	13183																																
465	40849	1	1	0	0		12772	13184																																
466	40849	2	0	0	0		12773																																	
467	40849	4	0	0	0		12774																																	
468	40849	2	0	0	0		12775																																	
469	40849	4	0	0	0		12776																																	
470	40849	4	0	0	0		12777																																	
471	40849	2	0	0	0		12778																																	
472	40848	1	0	0	0		12779																																	
473	40848	1	0	0	0		12780																																	
474	40848	1	0	0	0		12781																																	
475	40848	2	0	0	0		12782																																	
476	40848	4	0	0	0		12786																																	
477	40848	2	0	0	0		12787																																	
478	40848	4	0	0	0		12788																																	
479	40848	4	0	0	0		12789																																	
480	40848	2	0	0	0		12790																																	
481	40854	1	0	0	0		12791																																	
482	40854	1	0	0	0		12792																																	
483	40854	1	0	0	0		12795																																	
484	40854	2	0	0	0		12796																																	
485	40854	4	0	0	0		12798																																	
486	40854	2	0	0	0		12799																																	
487	40854	4	0	0	0		12800																																	
488	40854	4	0	0	0		12802																																	
489	40854	2	0	0	0		12803																																	
490	40884	3	1	1	0		12703	12704	12706	12707	12708	12710	12711																											
491	16747	1	0	0	0	scripts/RandomQuest/门派任务限制场景.lua	12701																																	
492	16747	1	0	0	0	scripts/RandomQuest/门派任务限制场景.lua	12702																																	
493	41126	1	0	0	0		12889																																	
494	41130	1	0	0	0		12907																																	
495	41049	1	0	0	0		12725																																	
496	41049	1	0	0	0		12797																																	
497	37803	1	0	0	0		12724																																	
498	37803	10	0	0	0		12845																																	
499	40884	1	0	1	0	scripts/RandomQuest/门派事件接任务限制.lua	12965																																	
500	41752	1	0	0	0		13224																																	
501	40853	1	0	0	0		13227																																	
502	39421	1	0	0	0		13228																																	
503	40850	1	0	0	0		13229																																	
504	40849	1	0	0	0		13230																																	
505	40848	1	0	0	0		13226																																	
506	40854	1	0	0	0		13231																																	
507	16701	1	0	0	0		13439																																	
508	40849	1	1	0	0		13543	13557																																
509	40849	4	0	0	0		13547																																	
510	40849	4	0	0	0		13548																																	
511	40849	2	0	0	0		13549																																	
512	40848	1	0	0	0		13551																																	
513	40848	4	0	0	0		13558																																	
514	40848	4	0	0	0		13550																																	
515	40848	2	0	0	0		13552																																	
516	40854	1	0	0	0		13553																																	
517	40854	4	0	0	0		13554																																	
518	40854	4	0	0	0		13555																																	
519	40854	2	0	0	0		13556																																	
520	25947	1	0	0	0		13566																																	
521	42871	1	0	0	0		13582																																	
522	43074	1	0	0	0		13608																																	
523	7392	1	0	0	0		13895																																	
524	113370	1	0	0	0	scripts/RandomQuest/寻龙勘脉窥天机.lua	13600																																	
526	45660	2	0	0	0		14603																																	
527	45660	2	0	0	0		14604																																	
528	45660	2	0	0	0		14605																																	
529	45660	2	0	0	0		14606																																	
530	45660	2	0	0	0		14607																																	
531	50431	4	0	0	0		14608																																	
532	45661	2	0	0	0		14609																																	
533	45661	2	0	0	0		14610																																	
534	45661	2	0	0	0		14611																																	
535	45661	2	0	0	0		14612																																	
536	45661	2	0	0	0		14613																																	
537	50358	4	0	0	0		14614																																	
539	46161	1	1	0	0		14649	14646	14647	14648																														
540	46161	1	0	0	0		14645																																	
541	46161	1	0	0	0		14654																																	
542	45015	10	1	1	0		14258	14259	14658	14261	14263	14661	14260	14657	14659	14660																								
543	45014	1	1	1	0		14274	14275	14272	14787	14788																													
544	45015	10	1	1	0		14270	14667	14669	14786	14265	14262	14668	14264	14671	14670	14268	14249	14250	14251	14252	14253	14254																	
545	45009	1	0	0	0		14246																																	
546	46968	1	0	0	0		14727																																	
547	46969	1	0	0	0		14728																																	
548	46968	1	0	0	0		14729																																	
549	46969	1	0	0	0		14730																																	
550	16747	1	0	0	0	scripts/RandomQuest/门派任务限制场景.lua	14731																																	
551	16747	1	0	0	0	scripts/RandomQuest/门派任务限制场景.lua	14732																																	
552	47069	3	1	1	0		14733	14734	14735	14736	14737																													
553	869	1	0	0	0		0	0	0	0	0																													
554	46330	50	0	0	0		14785																																	
555	46331	50	0	0	0		14782																																	
556	46332	50	0	0	0		14783																																	
557	47857	50	0	0	0		14784																																	
558	869	1	0	0	0		14831																																	
559	47947	1	0	0	0		14801																																	
560	51132	1	0	0	0		15223																																	
561	51233	1	0	0	0		15256																																	
562	6691	1	0	0	0		15273																																	
563	2783	1	0	0	0		15286																																	
564	51233	1	0	0	0		15270																																	
565	51226	1	0	0	0		15237																																	
566	6691	1	0	0	0		15302																																	
567	9344	1	0	0	0		15336																																	
568	51268	1	0	0	0		15289																																	
569	753	1	0	0	0		15257																																	
570	753	1	0	0	0		15271																																	
571	51272	1	0	0	0		15310																																	
572	51272	1	0	0	0		15316																																	
573	36946	1	0	0	0		15322																																	
574	7393	1	0	0	0		15453																																	
575	51733	1	0	0	0		15511																																	
577	51737	1	0	0	0		15597																																	
578	52008	1	0	0	0		15604																																	
579	52021	1	0	0	0		15609																																	
580	52530	1	0	0	0		15786																																	
581	51339	50	0	0	0		15905																																	
583	53753	1	0	0	0		16051																																	
584	53379	1	1	1	0		16104	16107	16108	16109																														
585	53237	1	0	0	0		16123																																	
586	53379	1	0	0	0		16251																																	
587	53528	3	1	1	0		16207	16208	16209	16210	16211	16212																												
588	52537	1	0	0	0		16192																																	
589	16747	1	0	0	0	scripts/RandomQuest/门派任务限制场景.lua	16205																																	
590	16747	1	0	0	0	scripts/RandomQuest/门派任务限制场景.lua	16206																																	
591	52538	1	0	0	0		16241																																	
592	53593	2	0	0	0		16134																																	
593	25952	3	1	1	0		16355	16356	16357																															
594	55775	1	0	0	0		16476																																	
595	56027	1	0	0	0		16661																																	
596	56027	1	0	0	0		16662																																	
597	56027	1	0	0	0		16648																																	
598	56212	1	0	0	0		16812																																	
600	57717	1	0	0	0		17430																																	
601	58135	1	0	0	0		17507																																	
602	58135	1	0	0	0		17509																																	
603	58136	1	0	0	0		17508																																	
604	58136	1	0	0	0		17510																																	
605	58625	1	0	0	0		17654																																	
606	869	1	0	0	0		17816	17817	17818	17819	17820																													
607	64489	1	0	0	0		17895																																	
608	16701	1	1	1	0		17998	17999	18000	18001	18002	18003	18004	18005	18006	18007	18008	18009	18010	18011	19833	19835	24404																	
609	11716	1	0	0	0		18015																																	
612	59891	1	0	0	0		18295																																	
613	64489	1	0	0	0		18317																																	
614	51800	3	0	0	0		18827																																	
616	62002	1	0	0	0		18904																																	
617	62039	1	0	0	0		18936																																	
618	62789	1	1	1	0		19121	19122	19123	19124	19125	19126																												
619	62002	1	0	0	0		19200																																	
620	62039	1	0	0	0		19201																																	
621	14211	1	0	1	0		19299	19297	19285	20595	21697	19293	19277	19286	19291	19284	19281	19295	19283	19288	19662	20147	22938	23642	24150															
622	63024	3	1	1	0		19227	19228	19229	19230	19231	19232	19233																											
623	16747	1	0	0	0	scripts/RandomQuest/门派任务限制场景.lua	19225																																	
624	16747	1	0	0	0	scripts/RandomQuest/门派任务限制场景.lua	19226																																	
625	14211	1	0	1	0		19199	19243	19244	19245	19246	19618	19262	19264	19260	19259	22943	22944	22945	25439	25441	25442																		
626	14211	1	0	1	0		19300	19298	19282	20596	19219	19294	19220	19278	19292	19276	19280	19296	19661	19287	20221	19279	24700	25447	25854															
628	62002	1	0	0	0		19310																																	
629	62039	1	0	0	0		19311																																	
630	58135	1	0	0	0		19308																																	
631	58136	1	0	0	0		19309																																	
632	46968	1	0	0	0		19306																																	
633	46969	1	0	0	0		19307																																	
634	5501	1	0	0	0		19332	0																																
635	5501	1	0	0	0		19333																																	
636	46332	1	0	0	0		19335																																	
637	46331	1	0	0	0		19336																																	
638	47857	1	0	0	0		19339																																	
639	46330	1	0	0	0		19342																																	
640	51339	1	0	0	0		19343																																	
641	26591	1	0	0	0		19469																																	
642	26591	1	0	0	0		19470																																	
643	26591	1	0	0	0		19471																																	
644	62358	1	0	0	0		19322																																	
645	62258	1	0	0	0		19474																																	
646	63728	10	1	1	0		19476	19477	19478	19485	19486	19487	19488	19489	19490	19491	19492	19493	19494	19495																				
647	63728	10	1	1	0		19532	19533	19534	19535	19536	19537	19538	19539	19540	19541																								
648	63734	1	0	0	0		19514																																	
649	63732	1	1	1	0		19570	19571	19573	19576	19580	19564	19565	19563	19601	19610	19613	22902	19804	19805	19707	22880	22884	22890	22894															
650	63732	1	1	1	0		19569	19575	19577	19578	19567	19587	19584	19672	19611	19614	19806	19706	22876	22881	22885	22891	22892	22900	22903															
651	63732	1	1	1	0		19566	19574	19562	19579	19568	19572	19585	19615	19612	19671	19807	19708	22879	22886	22888	22893	22899	22901																
652	14211	1	0	1	0		19265	19267	19266	19268	19269	19616	19271	19261	19273	19274	19255	22946	22949	25443	25444																			
653	14211	1	0	1	0		19622	19253	19619	19272	19270	19617	19247	19263	19620	19621	19623	22947	22948	25446	25445																			
654	869	1	0	1	0		25449	25450	25451	25452	25851	26338																												
655	14211	1	0	1	0		26346																																	
656	64623	1	0	0	0		19690																																	
657	61877	4	0	0	0		19700																																	
658	63754	4	0	0	0		19701																																	
659	64460	4	0	0	0		19702																																	
660	64556	4	0	0	0		19703																																	
661	7606	1	0	0	0		19744																																	
662	7605	1	0	0	0		19734																																	
663	7605	1	0	0	0		19736																																	
664	7605	1	0	0	0		19737																																	
665	7605	1	0	0	0		19738																																	
666	7605	1	0	0	0		19739																																	
667	7606	1	0	0	0		19740																																	
668	7606	1	0	0	0		19741																																	
669	7606	1	0	0	0		19742																																	
670	7606	1	0	0	0		19743																																	
671	7604	1	0	0	0		19745																																	
672	7604	1	0	0	0		19746																																	
673	7604	1	0	0	0		19747																																	
674	7604	1	0	0	0		19748																																	
675	7604	1	0	0	0		19749																																	
676	7607	1	0	0	0		19750																																	
677	7607	1	0	0	0		19751																																	
678	7607	1	0	0	0		19752																																	
679	7607	1	0	0	0		19753																																	
680	7607	1	0	0	0		19754																																	
681	55775	1	0	0	0		19817																																	
682	65006	1	0	0	0		19881																																	
683	65596	1	0	0	0		20097																																	
684	65920	1	0	0	0		20125																																	
685	65920	1	0	0	0		20141																																	
686	65920	1	0	0	0		20140																																	
687	65920	1	0	0	0		20139																																	
688	65920	1	0	0	0		20148																																	
689	65920	1	0	0	0		20149																																	
690	65920	1	0	0	0		20150																																	
691	65920	1	0	0	0		20151																																	
692	64489	1	0	0	0		20220																																	
693	25637	1	0	0	1		20294	20295	20296	20297	20298	20299	20300	20302	20303																									
694	99583	1	0	0	0		22169																																	
695	67195	1	0	0	0		20306																																	
696	67195	1	0	0	0		20307																																	
697	67195	1	0	0	0		20308																																	
698	67196	1	0	0	0		20309																																	
699	67196	1	0	0	0		20310																																	
700	67196	1	0	0	0		20311																																	
701	67267	1	0	0	0		20372																																	
702	68801	1	1	1	0		21070	21071	21072	21073	21074	21075	21076	21077	21078	21079																								
703	16747	1	0	0	0	scripts/RandomQuest/门派任务限制场景.lua	21068																																	
706	68608	1	1	1	0		21034	21035																																
707	68608	1	1	1	0		21103	21107																																
708	68608	1	1	1	0		21036	21037																																
709	68608	1	1	1	0		21116	21105																																
710	68608	1	1	1	0		21039	21040																																
711	68608	1	1	1	0		21104	21108																																
712	68608	1	1	1	0		21041	21042																																
713	68608	1	1	1	0		21117	21106																																
714	69603	1	0	0	0		21433																																	
715	70035	1	0	0	0		21596																																	
716	70035	1	0	0	0		21597																																	
717	69886	1	0	0	0		21595																																	
718	99195	1	0	0	0		21776																																	
719	70720	1	0	0	0		21751																																	
720	99203	1	0	0	0		21752																																	
721	99271	1	1	1	0		21808	21809	21810	21811	21812	21813	21814	21815	21816	21817	21818	21819																						
722	99203	1	0	0	0		21882																																	
723	99483	1	0	0	0		21924																																	
724	100127	1	0	0	0		22072																																	
725	100179	1	1	1	0		22316	22317	22318																															
726	101011	1	0	0	0		22450																																	
727	101012	1	0	0	0		22451																																	
728	100967	1	0	0	0		22195																																	
729	100967	1	0	0	0		22196																																	
730	100967	1	0	0	0		22197																																	
731	100961	1	0	0	0		22198																																	
732	100961	1	0	0	0		22199																																	
733	100961	1	0	0	0		22200																																	
734	16747	1	0	0	0	scripts/RandomQuest/门派任务限制场景.lua	22757																																	
735	16747	1	0	0	0	scripts/RandomQuest/门派任务限制场景.lua	22758																																	
736	102143	3	1	1	0		22760	22761	22762	22763	22764	22765																												
737	16747	1	0	0	0	scripts/RandomQuest/门派任务限制场景.lua	22766																																	
738	16747	1	0	0	0	scripts/RandomQuest/门派任务限制场景.lua	22767																																	
739	102144	3	1	1	0		22769	22774	22771	22772	22773																													
740	16747	1	0	0	0	scripts/RandomQuest/门派任务限制场景.lua	22775																																	
741	16747	1	0	0	0	scripts/RandomQuest/门派任务限制场景.lua	22776																																	
742	102148	3	1	1	0		22778	22779	22780	22781	22782	22783																												
743	101195	1	0	0	0		22700																																	
744	101182	8	1	1	0		22823	22824	22825	22826	22827	22828	22829	22830	22832																									
745	101182	8	1	1	0		22684	22686	22687	22688	22689	22690	22692	22693	22694	22695	22696	22697	22698	22699	22833																			
746	101189	1	1	1	0		22875	22882	22908	22897	22889	22910	22911																											
747	101189	1	1	1	0		22907	22877	22887	22898	22912	22895																												
748	101189	1	1	1	0		22878	22883	22906	22909	22896	22913																												
750	16747	1	0	0	0	scripts/RandomQuest/门派任务限制场景.lua	21067																																	
751	102364	3	1	1	0		22835	22836	22837	22838	22839	22840	22841																											
752	16747	1	0	0	0	scripts/RandomQuest/门派任务限制场景.lua	22842																																	
753	16747	1	0	0	0	scripts/RandomQuest/门派任务限制场景.lua	22929																																	
754	102534	3	1	1	0		22844	22845	22846	22847	22848	22849	22850																											
755	16747	1	0	0	0	scripts/RandomQuest/门派任务限制场景.lua	22851																																	
756	16747	1	0	0	0	scripts/RandomQuest/门派任务限制场景.lua	22930																																	
757	102800	1	0	0	0		23015																																	
758	102801	1	0	0	0		23016																																	
759	102802	1	0	0	0		23018																																	
760	102803	1	0	0	0		23017																																	
761	101154	1	0	0	0		23055																																	
763	9727	1	0	0	0		23153																																	
764	7731	1	0	0	0		23157																																	
765	7744	1	0	0	0		23156																																	
766	10729	1	0	0	0		23155																																	
767	99269	1	0	0	0		23154																																	
768	103333	1	0	0	0		23210																																	
769	103330	1	0	0	0		23235																																	
770	103623	1	0	0	0		23267																																	
771	104327	1	0	0	0																																			
772	104325	1	0	1	0		25148																																	
773	99203	1	0	0	0		23701																																	
774	106245	1	0	0	0		23808																																	
775	106004	1	1	1	0		23893	23894	23895	23896	23897	23898	23899	23900	23901	23902																								
776	106004	1	1	1	0		23890																																	
777	106004	1	1	1	0		23905	23904																																
778	106004	1	1	1	0		23907	23908																																
779	106937	2	1	1	0		23910	23911	23913	23914																														
780	106933	1	0	0	0		23892																																	
781	106004	1	1	1	0		23915	23916	23917	23918	23919	23920	23921	23922	23923	23924																								
782	106004	1	1	1	0		23930																																	
783	106004	1	1	1	0		23925	23929																																
784	106004	1	1	1	0		23927	23928																																
785	16747	1	0	0	0	scripts/RandomQuest/门派任务限制场景.lua	24002																																	
786	16747	1	0	0	0	scripts/RandomQuest/门派任务限制场景.lua	24004																																	
787	105016	1	1	1	0		24010	24011	24012	24013																														
788	105016	3	1	1	0		24018	24019	24020																															
789	104671	3	1	1	0		24021	24022	24023																															
790	105152	3	1	1	0		24024	24025	24026																															
791	105149	3	1	1	0		24027	24028	24029																															
792	106007	1	0	0	0		24113																																	
793	107829	1	0	0	0		24220																																	
794	107829	1	0	0	0		24221																																	
795	107829	1	0	0	0		24218																																	
796	107829	1	0	0	0		24219																																	
797	107829	1	0	0	0		24224																																	
798	107829	1	0	0	0		24225																																	
799	107829	1	0	0	0		24222																																	
800	107829	1	0	0	0		24223																																	
801	107829	1	0	0	0		24226																																	
802	107829	1	0	0	0		24227																																	
803	107829	1	0	0	0		24232																																	
804	107829	1	0	0	0		24233																																	
805	107829	1	0	0	0		24228																																	
806	107829	1	0	0	0		24229																																	
807	107829	1	0	0	0		24230																																	
808	107829	1	0	0	0		24231																																	
809	107829	1	0	0	0		24236																																	
810	107829	1	0	0	0		24237																																	
811	107829	1	0	0	0		24234																																	
812	107829	1	0	0	0		24235																																	
813	107829	1	0	0	0		24238																																	
814	107829	1	0	0	0		24239																																	
815	107829	1	0	0	0		24240																																	
816	107829	1	0	0	0		24241																																	
817	107829	1	0	0	0		24242																																	
818	107829	1	0	0	0		24243																																	
819	107829	1	0	0	0		24244																																	
820	107829	1	0	0	0		24245																																	
821	107829	1	0	0	0		24246																																	
822	107829	1	0	0	0		24247																																	
823	107829	1	0	0	0		24248																																	
824	107829	1	0	0	0		24249																																	
825	107829	1	0	0	0		24250																																	
826	107829	1	0	0	0		24251																																	
828	69820	1	1	1	0		24351	24352	24353																															
829	69820	1	0	0	0		24355																																	
831	108309	1	0	0	0		24382																																	
832	108309	1	0	0	0		24406																																	
833	108309	1	0	0	0		24407																																	
834	110590	1					25033																																	
835	110590	1					25034																																	
836	110590	1					25035																																	
837	110591	1					25036																																	
838	110591	1					25037																																	
839	110591	1					25038																																	
840	111156	1					25160																																	
841	111192	1	1	1			25167	25168																																
842	111195	1					25169																																	
843	111116	1					25172																																	
844	111040	1					25180																																	
845	111341	1					25185																																	
846	111341	1					25186																																	
847	111341	1					25187																																	
848	111341	1					25188																																	
849	111341	1					25189																																	
850	111764	6	1	1			25222	25329	25332	25233	25224	25226	25320	25321	25322	25323	25324	25336	25223	25339	25333	25334	25335	25225																
851	111762	1			0		25220																																	
852	111763	1	1	1			25360	25363	25366	25369	25370	25374	25499	25376	25379																									
853	111763	1	1	1			25361	25365	25367	25371	25373	25383	25355	25380	25382																									
854	111763	1	1	1			25362	25364	25368	25372	25375	25498	25377	25378	25381																									
855	111764	6	1	1			25350	25351	25352	25353	25354	25356	25357	25359																										
856	112577	1					25346																																	
857	112779	1					25384																																	
858	112983	3	1	1			25429	25430	25431	25432	25433	25434	25435																											
859	16747	1				scripts/RandomQuest/门派任务限制场景.lua	25436																																	
860	16747	1				scripts/RandomQuest/门派任务限制场景.lua	25437																																	
861	111455	1					25574																																	
862	120622	1					25589																																	
863	120631	1					25584																																	
864	113625	1					25724																																	
865	120916	1					25732																																	
866	122092	1					25780																																	
867	123176	21	1	1			25868	25869	25868	25869	25868	25869	25868	25869	25868	25869	25868	25869	25868	25869	25868	25869	25868	25869	25868	25869	25868	25869												
868	123185	21	1	1			25920	25921	25920	25921	25920	25921	25920	25921	25920	25921	25920	25921	25920	25921	25920	25921	25920	25921	25920	25921	25920	25921												
869	123177	21	1	1			25906	25907	25906	25907	25906	25907	25906	25907	25906	25907	25906	25907	25906	25907	25906	25907	25906	25907	25906	25907	25906	25907												
870	123187	21	1	1			25932	25933	25932	25933	25932	25933	25932	25933	25932	25933	25932	25933	25932	25933	25932	25933	25932	25933	25932	25933	25932	25933												
871	123186	21	1	1			25941	25943	25941	25943	25941	25943	25941	25943	25941	25943	25941	25943	25941	25943	25941	25943	25941	25943	25941	25943	25941	25943												
872	123188	21	1	1			25948	25949	25948	25949	25948	25949	25948	25949	25948	25949	25948	25949	25948	25949	25948	25949	25948	25949	25948	25949	25948	25949												
873	123189	21	1	1			25936	25937	25936	25937	25936	25937	25936	25937	25936	25937	25936	25937	25936	25937	25936	25937	25936	25937	25936	25937	25936	25937												
874	123600	1	0	0	0		26084																																	
875	123600	1	0	0	0		26087																																	
876	123600	1	0	0	0		26090																																	
877	123914	1	0	0	0		26214																																	
878	124053	1	0	0	0		26261																																	
879	124530	3	1	1	0		26299	26300	26301																															
880	125949	3	1	1	0		26396	26397	26398	26399	26400	26401																												
881	16747	1	0	0	0	scripts/RandomQuest/门派任务限制场景.lua	26402																																	
882	16747	1	0	0	0	scripts/RandomQuest/门派任务限制场景.lua	26403																																	
883	125850	1	0	0	0		26464																																	
884	125850	1	0	0	0		26477																																	
885	126017	1	0	0	0		26455																																	
