CityID	MapID	X	Y	Z	Name
1	2	48061	47973	1160988	三星望月
2	2	44294	56143	1136774	聋哑村
3	2	85459	73133	1169674	凌云梯
4	2	78401	53718	1103839	落星湖
5	2	40199	18318	1081882	天工坊
6	2	19148	63354	1110365	仙迹岩
7	2	31676	34436	1115177	水月宫
8	2	66283	18868	1101316	生死树
9	5	7736	14150	1048692	齐华村
10	5	44371	32952	1122409	山门
11	5	32044	53035	1127284	伙房
12	5	27736	83510	1166028	灵霄峡
13	5	55374	45816	1122685	达摩院
14	5	59010	21238	1124715	俞村
15	5	84534	50197	1171456	藏经阁
16	6	64444	46070	1052352	扬州城
17	6	48617	32470	1049024	再来镇
18	6	81390	14413	1049600	东漓寨
19	6	39894	57256	1047770	紫薇岗
20	6	31780	34128	1059807	野猪林
21	6	38835	13547	1056203	虎剑岭
22	6	59490	14314	1053817	龙剑岭
23	7	25303	17137	1164232	太极广场
24	7	26764	49016	1174654	莲花峰
25	7	6663	32497	1201503	九老洞
26	7	47001	74440	1206869	论剑峰
27	7	33191	81914	1224584	坐忘峰
28	7	13262	81122	1226448	火石洞
29	7	56175	89251	1243200	论剑台
30	7	46116	27707	1153872	老君宫
31	7	68923	35397	1150006	灵犀谷道
32	7	61893	13985	1176958	落雁峰
33	7	81810	57022	1164967	空雾峰
34	7	70124	57136	1163892	紫霄宫
35	8	34068	68031	1058005	洛阳城
36	8	53864	23995	1085975	风雨镇
37	8	76286	20273	1093927	蝉鸣林
38	8	56025	40778	1073861	龙飞大营
39	8	77611	66539	1091264	听泉私塾
40	8	79411	89261	1080436	武牢关
41	8	36875	44151	1083267	溪北矿山
42	9	28796	66778	1128763	红衣教圣殿
43	9	19521	32713	1063243	江津村
44	9	58633	77211	1066514	竹林木屋
45	9	24015	12158	1062751	长守村外
46	9	36377	47759	1066448	绝谷
47	9	15867	56733	1093440	升仙谷
48	9	49411	10497	1073518	李渡城外
49	10	12441	34110	1049280	寇岛码头
50	10	13712	77496	1055481	日轮山城
51	10	28707	51976	1057280	尾名滨
52	10	42981	23833	1054124	清水岛
53	10	40207	63687	1090824	星野神社
54	10	40945	37989	1055266	留萌滨
55	10	46425	81745	1055004	细樽湾
56	11	60340	8951	1055895	天策府
57	11	30594	22293	1053755	羽猎营
58	11	28167	45996	1061512	隐士居
59	11	44949	47794	1059272	飞马营
60	11	52019	56870	1062531	飞马营分营
61	11	21988	57576	1078935	药师观
62	11	83565	26154	1066233	天策大营
63	12	79066	46746	1085499	平顶村
64	12	8337	37175	1088146	午阳岗
65	12	50783	25169	1089856	枫林深处
66	12	19830	14726	1105078	神策南营
67	12	16984	49968	1088049	紫源山
68	12	40774	44585	1091090	沁枫谷
69	12	65658	38946	1068793	枫叶泽
70	12	65764	9504	1107874	乱葬岗
71	13	76921	16744	1061855	贡橘林
72	13	63997	63200	1056249	金水镇
73	13	12999	61578	1057416	天龙寨
74	13	6909	21667	1081408	曲亭山
75	13	23795	35479	1058445	古罗岛
76	13	75687	41729	1066696	浩气盟营地
77	13	35877	69509	1066632	垂香林
78	15	40681	92230	1067579	长安城
79	15	28646	44825	1068869	红衣教营地
80	15	5212	22200	1081096	骆宾王墓
81	15	31369	69801	1075679	武德营
82	15	45499	21747	1072602	凤翔赌庄
83	15	73592	20991	1060048	抚琴台
84	15	70825	48435	1092892	烈焰庄
85	16	21809	10732	1056897	秀坊码头
86	16	23245	34051	1057356	听香坊
87	16	14550	48060	1055876	绿杨湾
88	16	26846	69538	1057491	桃花村
89	16	61153	71011	1067537	浣花溪
90	16	84011	78853	1059711	燕子坞
91	16	65261	49820	1057601	内坊后门
92	16	82637	52334	1062053	甲鱼村
93	16	60097	19851	1058427	灵龟坞
94	16	61189	48046	1057569	内坊码头
95	16	31424	34141	1056907	仙乐码头
96	16	58360	18173	1056576	灵龟岛
97	21	75033	48493	1079007	白首山
98	21	44780	43487	1065434	巴陵镇
99	21	58093	32533	1063063	鹏香村
100	21	19395	37696	1057922	潇湘岛
101	21	6367	8323	1060800	桃丘
102	21	64830	18033	1060017	通天泽
103	21	31666	57779	1072269	招魂岗外
104	22	89705	73176	1126728	倌塘驿站
105	22	79602	30256	1089288	凛风峡
106	23	86224	7382	1061399	龙门峡谷
107	23	28505	26241	1059833	楼兰古城外
108	23	38780	40679	1054651	龙门客栈
109	23	69306	55488	1059536	血衣魔鬼城外
110	23	11966	73805	1054600	玉门关
111	23	12677	41244	1059572	银沙石林
112	23	44476	88012	1059136	孔雀海
113	30	56541	4810	1059075	长乐
114	30	54715	71059	1130463	昆仑山下
115	35	92767	105667	1154788	孤山集
116	35	73172	65165	1174746	白帝城
117	35	100067	113032	1124424	戏龙滩
118	35	52704	42405	1127273	江流集
119	35	25698	114201	1256604	金汤寨
120	35	71146	29010	1189246	鱼木寨
121	35	105760	64624	1200192	清风寨
122	49	64340	61084	1119097	大门
123	49	65283	28149	1122420	名剑大会
124	49	48403	27853	1132736	虎跑庄
125	49	43737	42960	1128661	龙井茶园
126	49	37011	64840	1120090	满龙西村
127	49	25317	61145	1134539	灵隐寺
128	49	62056	76555	1117643	山庄侧门
129	49	44874	82296	1138104	剑冢
130	100	11429	14763	1105145	流云寺
131	100	72796	28367	1106978	归雨寨
132	100	41734	114846	1127816	龙隐村
133	100	54132	55893	1120740	卧龙丘
134	100	112030	54459	1055824	龙缘山
135	100	101096	80856	1055532	迷津渡
136	100	103860	50872	1049088	盘龙谷
137	101	27373	119191	1059177	无量宫
138	101	45923	121486	1058317	归林泽
139	101	9119	78083	1058880	观澜亭
140	101	21865	65158	1059316	天下第一楼
141	101	65963	35796	1058358	澜沧江畔
142	101	91465	45826	1059669	花山节
143	101	118362	67544	1098949	神木谷
144	102	25237	61204	1059863	树村驿站
145	102	26725	46223	1065874	药谷前营
146	102	32072	13193	1057032	无心岭
147	102	41202	80382	1058199	树村码头
148	102	107166	87409	1057196	溪山渡口
149	102	106139	42694	1056684	幽魂草泽
150	102	69532	65723	1063493	祈圣岭
151	103	71365	104928	1191959	望乡坪
152	103	36170	95338	1117868	补天石
153	103	54674	38161	1223836	出云岭
154	103	44177	15276	1183900	浩气盟据点
155	103	27549	17348	1190700	恶人谷据点
156	103	98063	40427	1181064	断肠丘
157	103	120969	81049	1184259	祝融岭
158	104	30111	14019	1136110	金盆岭轩辕社营地
159	104	13316	14659	1128297	苗人村
160	104	47844	5996	1166820	仰天岭轩辕社营地
161	104	59956	58403	1093415	龙心泽驿站
162	104	24500	70260	1110403	五仙岭轩辕社营地
163	104	90548	62298	1117059	祭仙坛轩辕社营地
164	104	112462	81405	1062567	乌路泽轩辕社营地
165	104	49595	118460	1068091	绝迹泽轩辕社营地
166	104	77918	28669	1096773	护法营轩辕社营地
167	105	64672	113298	1075445	洱月村西
168	105	76930	102350	1092966	洱月村东
169	105	64106	23935	1067241	风城西
170	105	89278	31238	1120801	风城东
171	105	23261	13722	1141424	山巅牧场
172	105	49970	47121	1055359	码头
173	105	22462	68699	1154306	大理山城
174	108	73846	65860	1075356	广都镇
175	108	65493	11244	1061753	锦枫村
176	108	21330	98772	1121959	落雪峰
177	108	28082	58715	1094075	巫蛊丘
178	108	89371	46202	1066724	蜀军大营
179	108	96693	126329	1121155	莫家堡
180	108	60006	91789	1091392	成都城
181	122	77511	56407	1065920	三岔口
182	122	64986	47407	1081905	欧冶子别院
183	122	58194	14432	1072520	唐门至苍山洱海小路
184	122	105845	77927	1092688	唐家集
185	122	108596	111641	1089480	黑山谷
186	122	71485	78049	1076959	唐家堡
187	122	41440	59416	1091771	饮露峡
188	122	30870	47822	1107592	问道坡
189	139	86262	52516	1098130	平顶村
190	139	69057	30790	1080881	红叶湖
191	139	59683	42846	1066268	枫叶泽
192	139	20880	12827	1106471	玄风营
193	139	18772	48055	1075674	紫源泽
194	139	8430	37912	1087844	午阳岗
195	150	15737	9354	1108114	明教入口
196	150	26948	25008	1093760	遥远绿洲
197	150	61841	67100	1164229	明教圣殿外
198	150	37169	91541	1149768	三生树
199	150	84952	88344	1139664	死亡之海
200	150	103434	24351	1144392	胡杨林
201	150	56622	45235	1130473	三择路
202	150	53136	102055	1068475	往生涧
203	151	11264	57310	1054943	牢营
204	151	33528	66960	1057913	城门
205	151	38909	43136	1084475	矿山
206	151	55934	23782	1086636	风雨镇
207	151	72953	7753	1096732	豹隐洞
208	151	76337	50866	1123326	辎重营
209	151	74380	70529	1093087	曹雪阳据点
210	153	112097	29690	1221189	官驿
211	153	96334	17843	1243840	南河村
212	153	80051	41304	1231757	便桥北
213	153	84722	45586	1226263	望咸宫
214	153	86702	60352	1247578	茂陵村
215	153	49507	41339	1219198	黄山宫
216	153	46495	60175	1249201	扶风郡
217	153	28463	68723	1278820	羽林营
218	153	44654	77508	1273316	马嵬村
219	153	64707	77608	1252324	清梵寺
220	153	20022	110567	1377237	一线天
221	156	44713	66585	1068537	茶馆
222	156	47642	76365	1067779	公共任务区
223	156	31492	70220	1074507	武德营
224	156	34905	50995	1070032	红衣营地
225	156	17093	36372	1070994	无忌营
226	156	11437	10356	1070283	骆宾王墓
227	156	46340	21467	1071644	凤翔义庄
228	156	59482	52700	1072039	烈焰庄
229	156	67620	69390	1069832	流民巷
230	156	47473	37403	1068419	天都镇
231	158	18976	70183	1085806	药师观
232	158	58840	23581	1065122	天策府
233	158	81103	14348	1059858	天策大营
234	158	27689	21687	1054600	羽猎营
235	158	58524	68771	1078690	神策战俘营
236	158	69727	50424	1057570	迷失营地
237	158	80468	33200	1065823	天策大营中部
238	5	27502	82386	1168149	lingxiaoxia
239	2	37936	17776	1091064	tiangongfang
240	16	31603	34215	1067979	wuyandao
241	7	80579	57535	1169586	kongwufeng
242	11	55224	70315	1071391	sancaizhen
243	12	44000	10715	1131192	dihuagong
244	10	13996	77474	1050560	rilunshancheng
245	8	58115	77078	1114296	战宝
246	22	81849	30423	1084672	天子峰  
247	49	37927	93684	1128192	藏剑剑冢
248	5	22314	74791	1175323	持国天王殿
249	10	14012	77630	1061522	宫中神武
250	12	44000	10715	1131192	荻花圣殿后山
251	12	39485	12894	1123345	荻花圣殿
252	104	15418	47771	1133740	毒神殿
253	100	123307	60350	1108062	法王窟
254	101	11277	119808	1071605	无量宫
255	108	124812	10979	1055080	龙源泽
256	103	128004	83670	1177688	寂灭厅
257	102	51708	69875	1051520	仙踪林
258	12	44000	10715	1131192	普通荻花洞窟
259	122	72798	111188	1078088	低级唐门密室
260	122	72798	111188	1078088	唐门密室
261	12	44000	10715	1131192	英雄荻花洞窟
262	104	25474	54096	1119304	烛龙殿25
263	104	18256	56264	1130312	烛龙殿10
264	105	120789	83355	1181576	南诏10
265	150	62983	92794	1054792	80明教密道
266	150	62983	92794	1054792	25明教密道
267	105	120789	83355	1181576	南诏25
268	151	59023	77014	1107528	战宝军械库
269	156	46871	127180	1071936	华清宫
270	156	46871	127180	1071936	英雄华清宫
271	156	46871	127180	1071936	华清宫回忆录
272	156	49331	127408	1071936	大明宫
273	22	25276	7044	1102976	南屏山浩气盟据点
274	22	10834	73066	1096000	南屏山恶人谷据点
275	30	91366	42324	1144393	昆仑山浩气盟据点
276	30	23778	50825	1128474	昆仑山恶人谷据点
277	27	40148	65474	1094256	烈风集
278	25	35785	46087	1084528	落雁城
279	151	88142	96525	1077960	血战天策
280	172	55045	73067	1167472	直城门
281	159	15247	93231	1093732	流离岛
282	153	21852	109706	1376136	一线天
283	159	72811	59122	1093445	丐帮总舵
284	159	79429	88412	1093645	君山竹林
285	159	98625	59310	1093659	太平村
286	159	74840	107777	1093612	龙首山
287	159	50171	104850	1093808	轩辕台
288	159	33287	46038	1093786	罗汉山
289	159	122949	18393	1093376	芦苇香榭
290	159	71532	34528	1093757	归雁泽
291	172	63123	48210	1126856	长安内城
292	74	14855	4650	1104904	帮会领地
293	172	66712	57395	1119872	秦皇陵
294	172	66712	57395	1119872	墨家秘殿
295	9	61954	25184	1071360	风雪稻香村
296	172	75547	73051	1162688	春明门
297	49	65880	49093	1116544	满陇东村
298	7	33121	38808	1163584	苍龙岭
299	193	42404	26663	1070720	雁门关之役
300	193	46038	31673	1072373	雁门关
301	193	56458	21800	1071063	广武镇
302	193	25050	45439	1161113	西侧长城
303	193	23515	109834	1144226	雁塔
304	193	50817	56892	1057809	古战场
305	193	89369	17215	1140466	李牧祠
306	193	104273	49240	1077206	东陉关
307	193	96063	102435	1061948	奚人牧场
308	193	75962	105984	1061518	映雪湖
309	193	37494	4304	1124447	南侧长城
310	194	43268	10394	1105728	河谷
311	194	67253	17688	1124736	杏花村
312	194	30963	24372	1143040	晋祠
313	194	51606	60543	1113984	太原东城
314	194	30216	96726	1143296	溜柁贮木场
315	194	86007	109212	1129408	东山矿场
316	194	69058	115673	1119808	赤塘关
317	194	65441	47306	1112233	汾桥
318	194	23369	63069	1133660	太原西城
319	194	52773	58860	1113921	太原之战・夜守孤城 
320	194	68461	65612	1129776	太原之战・逐虎驱狼
321	49	37927	93684	1128192	神剑冢
322	35	76216	73050	1139200	璨翠海厅
323	213	93385	41004	1057973	微山书院
324	213	82009	49918	1057627	赏翠屏
325	213	86968	34778	1057686	思齐书市
326	213	67345	35606	1057917	御射场
327	213	62803	56193	1057893	若水书斋
328	213	72804	68062	1058084	漱心堂
329	213	72159	91596	1057819	傍山村
330	213	93158	92672	1057881	怀仁斋
331	216	9413	13284	1067706	沼泽驿站
332	216	41924	60079	1079537	阴山黑市
333	216	94952	50122	1080494	牧人部落
334	216	95793	83910	1079822	回纥部落
335	214	41055	22271	1054638	缘居林茶馆
336	214	76692	30968	1059052	清凉河据点
337	214	85698	94648	1102238	五尺潭
338	214	59317	103179	1116748	台怀镇
339	215	116178	120248	1156334	凌波渡
340	215	72527	97912	1156352	新安村
341	215	69084	113190	1156939	贺城
342	215	53877	59922	1156929	鹿尾岛
343	215	23462	95095	1156153	惊鸿岛
344	215	102755	29753	1157581	青鱼港
345	215	97421	68913	1156346	汤岛
346	217	119181	15084	1081598	如晦营
347	217	93092	50884	1079531	星星海
348	217	52750	97434	1085094	阴风峡
349	217	26315	68805	1087453	不惑居
350	217	53946	34869	1080674	黑水城
351	215	102807	29154	1157632	永王行宫・仙侣庭园
352	215	102807	29154	1157632	永王行宫・花月别院
353	215	102807	29154	1157632	引仙水榭
354	216	11864	122967	1147648	阴山圣泉
355	213	119876	34653	1075392	微山书院
356	214	126087	77850	1092160	梵空禅院
357	194	7552	87082	1158848	天泣林
358	213	39025	78811	1058921	海心晖
359	213	45239	51969	1057788	翠湄居
360	216	14243	79049	1099162	干涸之地
361	35	76045	65454	1166400	白帝水宫
362	243	101025	77067	1315155	柳祠
363	243	88173	115346	1186426	落枫谷
364	243	35190	90762	1212516	冰炎谷
365	243	47438	58536	1151256	定风岗
366	243	115318	54112	1147953	兰亭斋
367	243	81792	40316	1120886	鹰扬谷
368	243	72351	102737	1178997	琅玉庭院
369	243	76329	92346	1171554	琅玉庭院码头
370	243	81228	65652	1170531	鹰扬谷码头
371	239	38215	69369	1105984	上阳宫・观风殿
372	239	37924	64806	1099392	上阳宫・双曜亭
373	243	82236	96972	1170496	夕颜阁
374	239	64781	35705	1088077	洛阳城・洛阳城内
375	239	49932	47947	1082945	洛阳城・渡口
376	239	69593	49443	1088418	洛阳城・唐军大营
377	239	99588	57594	1131798	洛阳城・白马寺
378	239	97181	97114	1138805	洛阳城・暗哨
379	243	19815	61978	1136832	刀轮海厅
380	243	10172	51606	1118016	风雷刀谷・锻刀厅
381	243	13076	57724	1121792	风雷刀谷・千雷殿
382	159	54296	84679	1144294	关帝庙
383	159	59007	88865	1107700	幽竹径
384	159	77563	89719	1093725	竹林码头
385	16	28958	32412	1057328	仙乐码头
386	16	33111	21185	1057201	二十四桥
387	16	43800	56837	1056392	内坊正门
388	2	60790	63603	1114500	逍遥林
389	5	38608	72361	1131008	戒律院
390	5	14750	54018	1144653	习武场
391	5	15093	43581	1131545	塔林
392	5	92404	72523	1185114	少林寺旧址
393	5	52941	72564	1131412	后山
394	5	24684	73821	1164441	达摩洞
395	122	96397	57300	1054528	唐家集码头
396	102	24437	104568	1094029	祝融神殿
397	102	28998	78638	1061640	五毒总坛
398	102	43772	88715	1051933	圣兽潭
399	9	58891	24836	1066688	稻香秘事
400	9	66093	40208	1049152	银雾湖
401	194	116685	110047	1171776	狼牙堡・战兽山
402	194	116685	110047	1171776	狼牙堡・燕然峰
403	325	119872	3484	1050925	绛珠镇
404	325	81694	27338	1055295	饮露园
405	325	80685	48990	1086592	康镇
406	325	34209	43871	1053497	赢鱼滩
407	334	6508	45105	1050232	半碗岛
408	334	32038	71482	1049553	天心岛
409	334	33153	85857	1048643	夔龙岛
410	334	65768	58917	1050054	归泽渡
411	334	85910	84174	1080186	乾元居
412	334	97478	59600	1098758	含章小筑
413	334	91574	38140	1081920	金蚕林
414	334	112307	16755	1053504	巽风岛
415	334	120060	62425	1112704	瞻宇阁
416	194	115924	113975	1151232	狼牙堡・辉天堑
417	194	115924	113975	1151232	狼牙堡・狼神殿
418	334	115503	100601	1066496	大衍盘丝洞
419	325	86673	120208	1048384	泥兰果树
420	332	59062	110163	1051840	迷渊岛
421	330	24537	52884	1201856	镜泊湖
422	333	41648	125213	1241920	九辩馆
423	332	75262	20062	1048768	冰火岛・荒血路
424	332	75262	20062	1048768	冰火岛・青莲狱
425	325	67450	69267	1144403	云中谷
426	333	41832	45249	1048896	九章别院
427	333	84628	87504	1048704	太一神宫
428	333	41682	21386	1048640	九歌岛
429	333	102175	111875	1048704	聚灵渊
430	333	38599	95101	1177984	回心苑
431	333	75417	61889	1049024	悟剑谷
432	333	13982	58528	1049024	远游渡
433	330	19607	87334	1203392	驿站
434	330	49434	99735	1195200	比武大会会场
435	330	32188	120350	1199744	西江镇
436	330	31114	59363	1204224	造船厂
437	330	33814	33260	1204864	宁晚镇北门
438	330	22542	15866	1200448	宁晚镇码头
439	330	75829	15112	1200768	石佛寺
440	330	82587	84920	1201280	集市育苗地
441	330	76947	118667	1202816	皇城内
442	330	108779	113504	1197504	放马场
443	332	73068	25906	1050100	珍货港
444	332	77120	41518	1050868	安平村
445	332	95336	55781	1051373	问心居
446	214	114233	98924	1116480	范阳夜变
447	332	103793	80017	1049279	玉心湖外
448	332	120400	103893	1115381	玉心湖
449	332	104462	108597	1066080	天水轩
450	332	91702	92626	1049174	天地港
451	332	68584	102433	1053979	沧海集
452	411	88687	81645	1053312	尘归海・饕餮洞
453	411	56736	82854	1141184	周天屿
454	411	53542	26362	1049654	乾坤港
455	411	65665	31282	1057319	易珍集
456	411	69000	50236	1067750	会武居
457	411	34641	78139	1074277	鼎言堂
458	411	43433	54407	1062022	霸王擂
459	411	88687	81645	1053312	尘归海・巨冥湾
460	23	39513	37948	1049792	风雨稻香村
461	5	44593	54700	1127488	持国天王回忆录
462	108	54483	66891	1073664	会战唐门
463	444	108131	62330	1067206	忘忧岛
464	444	115211	93798	1112850	海门关
465	444	58595	86928	1063232	百川港
466	444	46165	58265	1086598	思存居
467	444	56398	43169	1060708	蔷薇园
468	444	77956	58667	1049375	日月汀
469	444	93141	100052	1116899	藤原营地
470	419	57704	33280	1546494	主阁
471	419	60278	24624	1496299	明山馆
472	419	101947	50147	1564424	机枢府
473	419	68126	63357	1565625	肃命庭
474	419	98986	69944	1549960	鸟不归
475	419	105388	126275	1502259	墓林
476	419	60070	69708	1600746	厌兵院
477	444	28313	108460	1049481	不归涯
478	419	56209	32294	1546560	玄鹤别院
479	444	63515	15129	1049152	木兰洲
480	333	5630	58476	1051264	敖龙岛
481	156	49754	115103	1065152	长安城
482	475	7465	13935	1048916	齐华村
483	475	44108	32754	1122412	山门
484	475	31944	53390	1127300	伙房
485	475	38325	72471	1130781	戒律院
486	475	55259	46202	1122461	达摩院
487	475	51358	73734	1133824	后山
488	475	83759	52526	1167673	藏经阁
489	475	14870	54127	1144642	习武场
490	475	15334	44484	1131318	塔林
491	475	92385	72759	1184710	少林寺旧址
492	475	58428	25772	1124303	庙街
493	475	40312	94659	1133585	灵霄峡
494	475	11843	110836	1199165	达摩洞
495	475	3410	125641	1215808	罗汉门、达摩洞
496	474	69841	10542	1055808	梧桐山庄
497	488	104465	55380	1112704	观澜泽浩气盟
498	488	103267	37471	1112704	观澜泽恶人谷
499	488	109305	47530	1112512	观澜泽战斗区域
500	473	66036	24181	1131571	绝情谷
501	473	65269	80176	1104391	三星望月
502	473	85881	114246	1169674	万花谷谷口
503	473	76662	95806	1101863	落星湖
504	473	47937	112929	1110736	聋哑村
505	473	29050	72701	1115490	水月宫
506	473	18940	103815	1110237	仙迹岩
507	473	94772	57202	1110542	药王柱
508	464	98402	61902	1049984	梦入集真岛
509	474	71915	64353	1057569	七秀内坊
511	474	49808	85655	1057476	桃花村口
512	474	34163	85597	1064764	青萝山下
514	474	31341	65720	1056157	绿杨湾
515	474	38704	50242	1057315	听香坊
516	474	50766	40100	1057197	二十四桥
517	474	111280	61418	1080272	灵龟山
518	474	94749	76693	1058253	甲鱼村外
519	474	81107	35334	1058183	烟舟集
520	473	91026	124378	1171629	谷口
521	474	100218	43735	1068269	烟舟集外
522	473	54979	85403	1133760	月落三星
523	464	37920	90061	1137361	紫微垣西北
524	464	64338	110268	1131253	太微垣
525	464	66138	82894	1125829	紫微垣东北
526	464	15870	72307	1125317	灵台府
527	464	8267	92545	1129450	天关城
528	464	88897	81678	1052572	天市垣
529	464	55740	65763	1054009	阴阳界
530	464	47662	52819	1049764	少微垣
531	464	61599	56261	1048668	星移渡
532	464	81614	40808	1048708	寻木之森
533	488	21741	64410	1128408	灵隐寺
534	488	26916	53116	1127072	龙井茶园
535	488	48842	27117	1126933	虎跑山庄
536	488	23243	22420	1132261	九溪十八涧
537	488	64956	49418	1116880	满陇村东
538	488	50908	63095	1118600	满陇村西
539	488	62223	76652	1113051	藏剑山庄前侧
540	488	60753	64518	1114203	藏剑山庄后侧
541	488	40534	72289	1119413	剑冢
542	488	83431	87386	1113322	藏剑码头
543	488	93688	82397	1112817	剑庐
544	488	6107	99128	1168363	九曲回长
545	488	62299	76820	1113051	藏剑山庄前门
546	488	38055	93099	1128320	剑冢惊变
547	194	34375	18698	1089984	漳水南路
548	35	74631	87321	1145792	白帝江关
549	526	22190	2167	1852532	白河村
550	526	43193	20000	1855611	回风谷
551	526	54112	34842	1896520	谷口遗址
552	526	85058	16907	1938971	去疾院
553	526	94299	45639	1978587	百会阁
554	526	40437	58538	1925680	阿占特部落
555	526	24492	86343	1943132	神农苑
556	526	82158	65006	1969358	青石冰库
557	526	98460	84228	2032198	垂荫殿
558	525	95858	130045	1038313	茶马驿站
559	525	109370	123276	1080400	蚕丛寨西
560	525	116970	112290	1091358	蚕丛寨南
561	525	29181	103719	1092525	朝曦村
562	525	23612	68431	1048254	迷障沼泽
563	525	34849	27899	1107823	凤栖花坪
564	525	63163	2427	941204	雷域大泽
565	525	101217	22487	962832	贝芽幽谷
566	526	81665	109592	2189481	长白山巅
567	526	63014	57016	1921691	长白山麓
568	526	106793	102341	2024175	天池
569	578	74529	22211	1054674	了直门
570	578	95764	32462	1049255	海食湾
571	578	98794	83065	1051479	寰宇殿
572	578	102848	109728	1051651	缺一书阁
573	578	68373	71283	1049412	观心武场
574	578	46378	64243	1053775	万象武场
575	578	37758	72278	1072968	百川武场
576	578	61405	94062	1049817	幽藤馆
577	158	13711	66810	1080064	北瀑口
578	580	89944	123477	1254656	沃石院
579	580	32257	18278	1061604	溪明镇
580	580	26020	21741	1061487	竹扇山庄・山脚
581	580	14128	38993	1099712	竹扇山庄
582	580	17855	81391	1061824	竹扇山庄・后山
583	580	64591	25036	1061007	凌天寺・山脚
584	580	79899	36888	1105803	凌天寺
585	580	59930	91045	1157063	废弃瓷窑
586	580	91389	34753	1069161	烂柯山鬼寨
587	580	109557	56642	1076089	关隘
588	579	97117	77787	1048665	港口
589	579	54379	49156	1047833	船场
590	579	29246	34829	1046925	流木村
591	579	59607	86653	1046901	镇海阁
592	579	24015	117119	1047091	千丝镇
593	582	21804	28469	1047808	白菰里西南
594	582	29663	43278	1047872	白菰里中
595	582	59992	58082	1047616	白菰里东北
596	582	77712	64441	1047104	晟江治
597	582	99812	63293	1047744	云渠港
598	582	99212	78290	1047616	叛军大营对岸
599	582	51552	66798	1047040	白菰里北门
600	582	38739	92551	1082112	正觉寺
601	582	96909	37363	1059586	黄槲镇
602	581	32945	118953	1049014	渡口
603	581	93468	110451	1049648	盐场
604	581	52743	82421	1052996	南辕镇
605	581	28502	47909	1050035	沧浪洲
606	581	81811	39932	1102322	永宁寺
607	582	102172	66471	1049024	西津渡
608	581	17587	34641	1048832	江天夜宴
609	579	38872	85237	1068096	镇海阁地井
610	621	13739	12523	1092224	古剑台
611	621	29268	29923	1073117	埋骨径
612	239	45516	50820	1079552	鹿桥驿
613	581	87194	40746	1118080	武狱黑牢
614	122	55830	110741	1054080	幽冥渊
615	122	96524	57532	1054464	唐家集码头
616	643	27975	25248	1100672	黄龙洞
617	647	43208	27816	1600190	隐者客栈
618	647	18271	41381	1649202	青牛谷
619	647	9649	78997	1673611	双峦洞
620	647	27228	100897	1741997	小青峰
621	647	42141	94461	1737134	洞心坪
622	647	79979	92762	1752473	凉天观
623	647	104253	67736	1835161	七返泉
624	647	100896	34045	1742828	长生雪野
625	647	71307	17694	1690626	玉英谷
626	647	128382	104671	1784613	九老洞
627	642	119400	80902	927798	栖灵洞天・旧事
628	642	30849	94897	846138	万灵殿
629	642	43405	72010	830704	明风野
630	642	119747	122156	908016	栖灵洞天
631	642	51021	83648	822459	缀星泽
