AIType	ScriptFile	IsPositive	AlertRange	SearchPlayerDistance	AlertOverTime	AttackRange	EscapeTime	EscapeRange	EscapeInterval	WanderRange	WanderDistance	WanderInterval	PatrolPathID	EscapeLife	PatrolOrderIndex	ReviveTeammate	CustomArguments	IsAutoTurn	NpcSceneType	IsSnarlInFight	DialogIdleTime
-1677721599	scripts/ai/StandardAI.lua	0	768	768	32	256	64	0	32	0	384	80	0	0	0	0		0	0	0	
-1677721598	scripts/ai/StandardAI.lua	1	768	768	32	256	64	0	32	0	384	80	8	0	1	0		1	0	1	
-1677721597	scripts/ai/StandardAI.lua	1	768	768	32	256	64	0	32	0	384	80	1	0	2	0		1	0	0	
-1677721596	scripts/ai/StandardAI.lua	1	768	768	32	256	64	0	32	0	384	80	1	0	3	0		1	0	0	
-1677721595	scripts/ai/StandardAI.lua	1	768	768	32	256	64	0	32	0	384	80	2	0	3	0		1	0	0	
-1677721594	scripts/ai/StandardAI.lua	1	768	768	32	256	64	0	32	0	384	80	3	0	2	0		1	0	0	
-1677721593	scripts/ai/StandardAI.lua	1	768	768	32	256	64	0	32	0	384	80	6	0	2	0		1	0	0	
-1677721592	scripts/ai/StandardAI.lua	1	768	768	32	256	64	0	32	0	384	80	6	0	1	0		1	0	0	
-1677721591	scripts/ai/StandardAI.lua	1	768	768	32	256	64	0	32	0	384	80	7	0	3	0		1	0	0	
-1677721590	scripts/ai/StandardAI.lua	1	768	768	32	256	64	0	32	0	384	80	7	0	2	0		1	0	0	
-1677721589	scripts/ai/StandardAI.lua	1	768	768	32	256	64	0	32	0	384	80	312	0	0	0		1	0	1	
-1677721588	scripts/ai/StandardAI.lua	1	768	768	32	256	64	0	32	0	384	80	311	0	0	0		1	0	1	
-1677721587	scripts/ai/StandardAI.lua	1	768	768	32	256	64	0	32	0	384	80	36	0	1	0		1	0	0	
-1677721586	scripts/ai/StandardAI.lua	1	768	768	32	256	64	0	32	0	384	80	36	0	2	0		1	0	1	
-1677721585	scripts/ai/StandardAI.lua	1	768	768	32	256	64	0	32	512	384	80	37	0	1	0		1	0	1	
-1677721584	scripts/ai/StandardAI.lua	1	768	768	32	256	64	0	32	0	384	80	39	0	2	0		1	0	1	
-1677721583	scripts/ai/StandardAI.lua	1	768	768	32	256	64	0	32	0	384	80	38	0	2	0		1	0	1	
-1677721582	scripts/ai/StandardAI.lua	1	768	768	32	256	64	0	32	0	384	80	41	0	3	0		1	0	1	
-1677721581	scripts/ai/StandardAI.lua	1	768	768	32	256	64	0	32	512	384	80	41	0	1	0		1	0	1	
-1677721580	scripts/ai/StandardAI.lua	1	768	768	32	256	64	0	32	0	384	80	4	0	3	0		1	0	0	
-1677721579	scripts/ai/StandardAI.lua	1	768	768	32	256	64	0	32	0	384	80	4	0	2	0		1	0	0	
-1677721578	scripts/ai/StandardAI.lua	1	768	768	32	256	64	0	32	0	384	80	0	0	1	0		1	0	0	
-1677721577	scripts/ai/StandardAI.lua	1	768	768	32	256	64	0	32	0	384	80	308	0	0	0		1	0	1	
-1677721576	scripts/ai/StandardAI.lua	1	768	768	32	256	64	0	32	0	384	80	307	0	0	0		1	0	1	
-1677721575	scripts/ai/StandardAI.lua	1	768	768	32	256	64	0	32	0	384	80	313	0	0	0		1	0	1	
-1677721574	scripts/ai/StandardAI.lua	1	768	768	32	256	64	0	32	0	384	80	314	0	0	0		1	0	1	
-1677721573	scripts/ai/StandardAI.lua	1	768	768	32	256	64	0	32	0	384	80	12	0	3	0		1	0	1	
-1677721572	scripts/ai/StandardAI.lua	1	768	768	32	256	64	0	32	0	384	80	12	0	1	0		1	0	1	
-1677721571	scripts/ai/StandardAI.lua	0	768	768	32	256	64	0	32	512	384	80	281	0	0	0		1	0	0	
-1677721570	scripts/ai/StandardAI.lua	0	768	768	32	256	64	0	32	0	384	80	16	0	2	0		1	0	0	
-1677721569	scripts/ai/StandardAI.lua	0	768	768	32	256	64	0	32	0	384	80	16	0	3	0		1	0	0	
-1677721568	scripts/ai/StandardAI.lua	1	768	768	32	256	64	0	32	0	384	80	20	0	2	0		1	0	0	
-1677721567	scripts/ai/StandardAI.lua	1	768	768	32	256	64	0	32	0	384	80	20	0	3	0		1	0	0	
-1677721566	scripts/ai/StandardAI.lua	0	768	768	32	256	64	0	32	0	384	80	21	0	2	0		1	0	0	
-1677721565	scripts/ai/StandardAI.lua	0	768	768	32	256	64	0	32	0	384	80	21	0	3	0		1	0	0	
-1677721564	scripts/ai/StandardAI.lua	1	768	768	32	256	64	0	32	0	384	80	24	0	1	0		1	0	1	
-1677721563	scripts/ai/StandardAI.lua	1	768	768	32	256	64	0	32	0	384	80	24	0	3	0		1	0	1	
-1677721562	scripts/ai/StandardAI.lua	0	768	768	32	256	64	0	32	0	384	80	15	0	2	0		1	0	0	
-1677721561	scripts/ai/StandardAI.lua	0	768	768	32	256	64	0	32	0	384	80	14	0	1	0		1	0	0	
-1677721560	scripts/ai/StandardAI.lua	0	768	768	32	256	64	0	32	0	384	80	17	0	2	0		1	0	0	
-1677721559	scripts/ai/StandardAI.lua	0	768	768	32	256	64	0	32	0	384	80	18	0	2	0		1	0	0	
-1677721558	scripts/ai/StandardAI.lua	0	768	768	32	256	64	0	32	0	384	80	18	0	3	0		1	0	0	
-1677721557	scripts/ai/StandardAI.lua	0	768	768	32	256	64	0	32	0	384	80	19	0	2	0		1	0	0	
-1677721556	scripts/ai/StandardAI.lua	0	768	768	32	256	64	0	32	0	384	80	19	0	3	0		1	0	0	
-1677721555	scripts/ai/StandardAI.lua	0	768	768	32	256	64	0	32	0	384	80	60	0	0	0		1	0	0	
-1677721554	scripts/ai/StandardAI.lua	0	768	768	32	256	64	0	32	0	384	80	126	0	0	0		1	0	0	
-1677721553	scripts/ai/StandardAI.lua	0	768	768	32	256	64	0	32	0	384	80	69	0	0	0		1	0	0	
-1677721552	scripts/ai/StandardAI.lua	1	768	768	32	256	64	0	32	0	384	80	0	0	0	0		0	0	1	
-1677721551	scripts/ai/StandardAI.lua	1	768	768	32	256	64	0	32	0	384	80	29	0	0	0		1	0	1	
-1677721550	scripts/Map/世界通用/ai/标准无敌免屠杀.lua	0	768	768	32	256	64	0	32	0	384	80	0	0	0	0		0	0	0	
-1677721549	scripts/ai/StandardAI.lua	1	768	768	32	256	64	0	32	0	384	80	30	0	0	0		1	0	1	
-1677721548	scripts/ai/StandardAI.lua	0	768	768	32	256	64	0	32	0	384	80	31	0	0	0		0	0	0	
-1677721547	scripts/ai/StandardAI.lua	1	768	768	32	256	64	0	32	0	384	80	31	0	0	0		1	0	1	
-1677721546	scripts/ai/StandardAI.lua	1	768	768	32	256	64	0	32	0	384	80	33	0	0	0		1	0	1	
-1677721545	scripts/ai/StandardAI.lua	1	768	768	32	256	64	0	32	0	384	80	34	0	0	0		1	0	1	
-1677721544	scripts/ai/StandardAI.lua	0	768	768	32	256	64	0	32	0	384	80	35	0	2	0		1	0	0	
-1677721543	scripts/ai/StandardAI.lua	1	768	768	32	256	64	0	32	512	384	80	38	0	1	0		1	0	1	
-1677721542	scripts/ai/StandardAI.lua	1	768	768	32	256	64	0	32	512	384	80	39	0	1	0		1	0	1	
-1677721541	scripts/ai/StandardAI.lua	1	768	768	32	256	64	0	32	512	384	80	40	0	1	0		1	0	1	
-1677721540	scripts/ai/StandardAI.lua	1	768	768	32	256	64	0	32	0	384	80	41	0	2	0		1	0	1	
-1677721539	scripts/ai/StandardAI.lua	1	768	768	32	256	64	0	32	0	384	80	43	0	1	0		1	0	1	
-1677721538	scripts/ai/StandardAI.lua	1	768	768	32	256	64	0	32	0	384	80	44	0	1	0		1	0	1	
-1677721537	scripts/ai/StandardAI.lua	1	768	768	32	256	64	0	32	0	384	80	45	0	1	0		1	0	1	
-1677721536	scripts/ai/StandardAI.lua	1	768	768	32	256	64	0	32	0	384	80	46	0	1	0		1	0	1	
-1677721535	scripts/ai/StandardAI.lua	1	768	768	32	256	64	0	32	0	384	80	47	0	3	0		1	0	1	
-1677721534	scripts/ai/StandardAI.lua	1	768	768	32	256	64	0	32	0	384	80	47	0	2	0		1	0	1	
-1677721533	scripts/ai/StandardAI.lua	1	768	768	32	256	64	0	32	0	384	80	57	0	2	0		1	0	0	
-1677721532	scripts/ai/StandardAI.lua	1	768	768	32	256	64	0	32	0	384	80	57	0	3	0		1	0	0	
-1677721531	scripts/ai/StandardAI.lua	1	768	768	32	256	64	0	32	0	384	80	55	0	2	0		1	0	0	
-1677721530	scripts/ai/StandardAI.lua	1	768	768	32	256	64	0	32	0	384	80	55	0	3	0		1	0	0	
-1677721529	scripts/ai/StandardAI.lua	1	768	768	32	256	64	0	32	0	384	80	59	0	2	0		1	0	0	
-1677721528	scripts/ai/StandardAI.lua	1	768	768	32	256	64	0	32	0	384	80	59	0	3	0		1	0	0	
-1677721527	scripts/ai/StandardAI.lua	1	768	768	32	256	64	0	32	0	384	80	56	0	2	0		1	0	0	
-1677721526	scripts/ai/StandardAI.lua	1	768	768	32	256	64	0	32	0	384	80	56	0	3	0		1	0	0	
-1677721525	scripts/ai/StandardAI.lua	1	768	768	32	256	64	0	32	0	384	80	62	0	2	0		1	0	0	
-1677721524	scripts/ai/StandardAI.lua	1	768	768	32	256	64	0	32	0	384	80	62	0	3	0		1	0	0	
-1677721523	scripts/ai/StandardAI.lua	1	768	768	32	256	64	0	32	0	384	80	63	0	3	0		1	0	0	
-1677721522	scripts/ai/StandardAI.lua	1	768	768	32	256	64	0	32	0	384	80	63	0	2	0		1	0	0	
-1677721521	scripts/ai/StandardAI.lua	1	768	768	32	256	64	0	32	0	384	80	64	0	2	0		1	0	0	
-1677721520	scripts/ai/StandardAI.lua	1	768	768	32	256	64	0	32	0	384	80	64	0	3	0		1	0	0	
-1677721519	scripts/ai/StandardAI.lua	1	768	768	32	256	64	0	32	0	384	80	66	0	2	0		1	0	0	
-1677721518	scripts/ai/StandardAI.lua	1	768	768	32	256	64	0	32	0	384	80	66	0	3	0		1	0	0	
-1677721517	scripts/ai/StandardAI.lua	0	768	768	32	256	64	0	32	0	384	80	67	0	2	0		1	0	0	
-1677721516	scripts/ai/StandardAI.lua	0	768	768	32	256	64	0	32	0	384	80	118	0	0	0		1	0	0	
-1677721515	scripts/ai/StandardAI.lua	1	768	768	32	256	64	0	32	0	384	80	0	0	2	0		1	0	1	
-1677721514	scripts/ai/StandardAI.lua	1	768	768	32	256	64	0	32	0	384	80	68	0	3	0		1	0	1	
-1677721513	scripts/ai/StandardAI.lua	0	768	768	32	256	64	0	32	0	384	80	106	0	2	0		1	0	0	
-1677721512	scripts/ai/StandardAI.lua	0	768	768	32	256	64	0	32	0	384	80	127	0	0	0		1	0	0	
-1677721511	scripts/ai/StandardAI.lua	0	768	768	32	256	64	0	32	0	384	80	0	0	3	0		1	0	0	
-1677721510	scripts/ai/StandardAI.lua	0	768	768	32	256	64	0	32	0	384	80	114	0	0	0		1	0	0	
-1677721509	scripts/ai/StandardAI.lua	1	768	768	32	256	64	0	32	0	384	80	115	0	0	0		1	0	1	
-1677721508	scripts/ai/StandardAI.lua	0	768	768	32	256	64	0	32	0	384	80	119	0	0	0		1	0	0	
-1677721507	scripts/ai/StandardAI.lua	0	768	768	32	256	64	0	32	0	384	80	77	0	2	0		1	0	0	
-1677721506	scripts/ai/StandardAI.lua	0	768	768	32	256	64	0	32	0	384	80	17	0	3	0		1	0	0	
-1677721505	scripts/ai/StandardAI.lua	0	768	768	32	256	64	0	32	0	384	80	15	0	3	0		1	0	0	
-1677721504	scripts/ai/StandardAI.lua	1	768	768	32	256	64	0	32	0	384	80	111	0	3	0		1	0	1	
-1677721503	scripts/ai/StandardAI.lua	1	768	768	32	256	64	0	32	0	384	80	110	0	2	0		1	0	1	
-1677721502	scripts/ai/StandardAI.lua	1	768	768	32	256	64	0	32	0	384	80	79	0	0	0		1	0	1	
-1677721501	scripts/ai/StandardAI.lua	1	768	768	32	256	64	0	32	0	384	80	80	0	0	0		1	0	1	
-1677721500	scripts/ai/StandardAI.lua	1	768	768	32	256	64	0	32	0	384	80	84	0	2	0		1	0	1	
-1677721499	scripts/ai/StandardAI.lua	1	768	768	32	256	64	0	32	0	384	80	84	0	0	0		1	0	1	
-1677721498	scripts/ai/StandardAI.lua	1	768	768	32	256	64	0	32	0	384	80	85	0	3	0		1	0	1	
-1677721497	scripts/ai/StandardAI.lua	1	768	768	32	256	64	0	32	0	384	80	400	0	0	0		1	0	1	
-1677721496	scripts/ai/StandardAI.lua	0	768	768	32	256	64	0	32	0	384	80	91	0	0	0		1	0	0	
-1677721495	scripts/ai/StandardAI.lua	0	768	768	32	256	64	0	32	0	384	80	92	0	0	0		1	0	0	
-1677721494	scripts/ai/StandardAI.lua	0	768	768	32	256	64	0	32	0	384	80	93	0	3	0		1	0	0	
-1677721493	scripts/ai/StandardAI.lua	0	768	768	32	256	64	0	32	0	384	80	93	0	2	0		1	0	0	
-1677721492	scripts/ai/StandardAI.lua	0	768	768	32	256	64	0	32	0	384	80	94	0	3	0		1	0	0	
-1677721491	scripts/ai/StandardAI.lua	0	768	768	32	256	64	0	32	0	384	80	94	0	2	0		1	0	0	
-1677721490	scripts/ai/StandardAI.lua	0	768	768	32	256	64	0	32	0	384	80	95	0	0	0		1	0	0	
-1677721489	scripts/ai/StandardAI.lua	0	768	768	32	256	64	0	32	0	384	80	29	0	0	0		1	0	0	
-1677721488	scripts/ai/StandardAI.lua	0	768	768	32	256	64	0	32	0	384	80	96	0	3	0		1	0	0	
-1677721487	scripts/ai/StandardAI.lua	0	768	768	32	256	64	0	32	0	384	80	96	0	2	0		1	0	0	
-1677721486	scripts/ai/StandardAI.lua	0	768	768	32	256	64	0	32	0	384	80	97	0	2	0		1	0	0	
-1677721485	scripts/ai/StandardAI.lua	0	768	768	32	256	64	0	32	0	384	80	97	0	3	0		1	0	0	
-1677721484	scripts/ai/StandardAI.lua	0	768	768	32	256	64	0	32	0	384	80	274	0	0	0		1	0	0	
-1677721483	scripts/ai/StandardAI.lua	0	768	768	32	256	64	0	32	0	384	80	275	0	0	0		1	0	0	
-1677721482	scripts/ai/StandardAI.lua	0	768	768	32	256	64	0	32	0	384	80	100	0	2	0		1	0	0	
-1677721481	scripts/ai/StandardAI.lua	0	768	768	32	256	64	0	32	0	384	80	100	0	3	0		1	0	0	
-1677721480	scripts/ai/StandardAI.lua	0	768	768	32	256	64	0	32	0	384	80	101	0	2	0		1	0	0	
-1677721479	scripts/ai/StandardAI.lua	0	768	768	32	256	64	0	32	0	384	80	101	0	3	0		1	0	0	
-1677721478	scripts/ai/StandardAI.lua	1	768	768	32	256	64	0	32	0	384	80	112	0	3	0		1	0	1	
-1677721477	scripts/ai/StandardAI.lua	0	768	768	32	256	64	0	32	0	384	80	113	0	0	0		1	0	0	
-1677721476	scripts/ai/StandardAI.lua	1	768	768	32	256	64	0	32	0	384	80	116	0	0	0		1	0	1	
-1677721475	scripts/ai/StandardAI.lua	1	768	768	32	256	64	0	32	0	384	80	117	0	0	0		1	0	1	
-1677721474	scripts/ai/StandardAI.lua	1	768	768	32	256	64	0	32	0	384	80	121	0	0	0		1	0	1	
-1677721473	scripts/ai/StandardAI.lua	1	768	768	32	256	64	0	32	0	384	80	122	0	0	0		1	0	1	
-1677721472	scripts/ai/StandardAI.lua	0	768	768	32	256	64	0	32	0	384	80	124	0	0	0		1	0	0	
-1677721471	scripts/ai/StandardAI.lua	0	768	768	32	256	64	0	32	0	384	80	125	0	0	0		1	0	0	
-1677721470	scripts/ai/StandardAI.lua	0	768	768	32	256	64	0	32	0	384	80	0	0	0	0		1	0	0	
-1677721469	scripts/ai/StandardAI.lua	1	768	768	32	256	64	0	32	0	384	80	0	0	0	0		1	0	0	
-1677721468	scripts/ai/StandardAI.lua	1	768	768	32	256	64	0	32	0	384	80	133	0	0	0		1	0	1	
-1677721467	scripts/ai/StandardAI.lua	1	768	768	32	256	64	0	32	0	384	80	132	0	0	0		1	0	1	
-1677721466	scripts/ai/StandardAI.lua	1	768	768	32	256	64	0	32	0	384	80	247	0	0	0		1	0	0	
-1677721465	scripts/ai/StandardAI.lua	1	768	768	32	256	64	0	32	0	384	80	181	0	0	0		1	0	1	
-1677721464	scripts/ai/StandardAI.lua	1	768	768	32	256	64	0	32	0	384	80	141	0	0	0		1	0	1	
-1677721463	scripts/ai/StandardAI.lua	1	768	768	32	256	64	0	32	0	384	80	224	0	0	0		1	0	1	
-1677721462	scripts/ai/StandardAI.lua	1	768	768	32	256	64	0	32	0	384	80	225	0	0	0		1	0	1	
-1677721461	scripts/ai/StandardAI.lua	1	768	768	32	256	64	0	32	0	384	80	221	0	0	0		1	0	1	
-1677721460	scripts/ai/StandardAI.lua	1	768	768	32	256	64	0	32	0	384	80	142	0	0	0		1	0	1	
-1677721459	scripts/ai/StandardAI.lua	1	768	768	32	256	64	0	32	0	384	80	155	0	0	0		1	0	1	
-1677721458	scripts/ai/StandardAI.lua	1	768	768	32	256	64	0	32	0	384	80	216	0	0	0		1	0	1	
-1677721457	scripts/ai/StandardAI.lua	1	768	768	32	256	64	0	32	0	384	80	157	0	2	0		1	0	1	
-1677721456	scripts/ai/StandardAI.lua	1	768	768	32	256	64	0	32	0	384	80	157	0	3	0		1	0	1	
-1677721455	scripts/ai/StandardAI.lua	1	768	768	32	256	64	0	32	0	384	80	158	0	0	0		1	0	1	
-1677721454	scripts/ai/StandardAI.lua	1	768	768	32	256	64	0	32	0	384	80	158	0	3	0		1	0	1	
-1677721453	scripts/ai/StandardAI.lua	1	768	768	32	256	64	0	32	0	384	80	159	0	2	0		1	0	1	
-1677721452	scripts/ai/StandardAI.lua	1	768	768	32	256	64	0	32	0	384	80	159	0	3	0		1	0	1	
-1677721451	scripts/ai/StandardAI.lua	1	768	768	32	256	64	0	32	0	384	80	218	0	0	0		1	0	1	
-1677721450	scripts/ai/StandardAI.lua	1	768	768	32	256	64	0	32	0	384	80	161	0	0	0		1	0	1	
-1677721449	scripts/ai/StandardAI.lua	1	768	768	32	256	64	0	32	0	384	80	160	0	0	0		1	0	1	
-1677721448	scripts/ai/StandardAI.lua	1	768	768	32	256	64	0	32	0	384	80	162	0	0	0		1	0	1	
-1677721447	scripts/ai/StandardAI.lua	1	768	768	32	256	64	0	32	0	384	80	163	0	3	0		1	0	1	
-1677721446	scripts/ai/StandardAI.lua	1	768	768	32	256	64	0	32	0	384	80	167	0	2	0		1	0	1	
-1677721445	scripts/ai/StandardAI.lua	1	768	768	32	256	64	0	32	0	384	80	228	0	0	0		1	0	1	
-1677721444	scripts/ai/StandardAI.lua	1	768	768	32	256	64	0	32	0	384	80	167	0	3	0		1	0	1	
-1677721443	scripts/ai/StandardAI.lua	1	768	768	32	256	64	0	32	0	384	80	222	0	0	0		1	0	1	
-1677721442	scripts/ai/StandardAI.lua	1	768	768	32	256	64	0	32	0	384	80	140	0	0	0		1	0	1	
-1677721441	scripts/ai/StandardAI.lua	1	768	768	32	256	64	0	32	0	384	80	192	0	0	0		1	0	1	
-1677721440	scripts/ai/StandardAI.lua	1	768	768	32	256	64	0	32	0	384	80	170	0	0	0		1	0	1	
-1677721439	scripts/ai/StandardAI.lua	1	768	768	32	256	64	0	32	0	384	80	171	0	0	0		1	0	1	
-1677721438	scripts/ai/StandardAI.lua	1	768	768	32	256	64	0	32	0	384	80	172	0	2	0		1	0	1	
-1677721437	scripts/ai/StandardAI.lua	1	768	768	32	256	64	0	32	0	384	80	172	0	3	0		1	0	1	
-1677721436	scripts/ai/StandardAI.lua	1	768	768	32	256	64	0	32	0	384	80	173	0	0	0		1	0	1	
-1677721435	scripts/ai/StandardAI.lua	1	768	768	32	256	64	0	32	0	384	80	174	0	0	0		1	0	1	
-1677721434	scripts/ai/StandardAI.lua	1	768	768	32	256	64	0	32	0	384	80	182	0	0	0		1	0	1	
-1677721433	scripts/ai/StandardAI.lua	1	768	768	32	256	64	0	32	0	384	80	180	0	0	0		1	0	1	
-1677721432	scripts/ai/StandardAI.lua	1	768	768	32	256	64	0	32	0	384	80	183	0	0	0		1	0	1	
-1677721431	scripts/ai/StandardAI.lua	1	768	768	32	256	64	0	32	0	384	80	184	0	0	0		1	0	1	
-1677721430	scripts/ai/StandardAI.lua	1	768	768	32	256	64	0	32	0	384	80	185	0	0	0		1	0	1	
-1677721429	scripts/ai/StandardAI.lua	1	768	768	32	256	64	0	32	0	384	80	191	0	0	0		1	0	1	
-1677721428	scripts/ai/StandardAI.lua	1	768	768	32	256	64	0	32	0	384	80	193	0	0	0		1	0	1	
-1677721427	scripts/ai/StandardAI.lua	1	768	768	32	256	64	0	32	0	384	80	194	0	0	0		1	0	1	
-1677721426	scripts/ai/StandardAI.lua	0	768	768	32	256	64	0	32	0	384	80	195	0	0	0		1	0	0	
-1677721425	scripts/ai/StandardAI.lua	0	768	768	32	256	64	0	32	0	384	80	196	0	0	0		1	0	0	
-1677721424	scripts/ai/StandardAI.lua	0	768	768	32	256	64	0	32	0	384	80	197	0	0	0		1	0	0	
-1677721423	scripts/ai/StandardAI.lua	0	768	768	32	256	64	0	32	0	384	80	198	0	0	0		1	0	0	
-1677721422	scripts/ai/StandardAI.lua	1	768	768	32	256	64	0	32	0	384	80	203	0	2	0		1	0	1	
-1677721421	scripts/ai/StandardAI.lua	1	768	768	32	256	64	0	32	0	384	80	203	0	3	0		1	0	1	
-1677721420	scripts/ai/StandardAI.lua	1	768	768	32	256	64	0	32	0	384	80	204	0	2	0		1	0	1	
-1677721419	scripts/ai/StandardAI.lua	1	768	768	32	256	64	0	32	0	384	80	204	0	3	0		1	0	1	
-1677721418	scripts/ai/StandardAI.lua	1	768	768	32	256	64	0	32	0	384	80	205	0	2	0		1	0	1	
-1677721417	scripts/ai/StandardAI.lua	1	768	768	32	256	64	0	32	0	384	80	205	0	3	0		1	0	1	
-1677721416	scripts/ai/StandardAI.lua	1	768	768	32	256	64	0	32	0	384	80	206	0	2	0		1	0	1	
-1677721415	scripts/ai/StandardAI.lua	1	768	768	32	256	64	0	32	0	384	80	206	0	3	0		1	0	1	
-1677721414	scripts/ai/StandardAI.lua	1	768	768	32	256	64	0	32	0	384	80	207	0	2	0		1	0	1	
-1677721413	scripts/ai/StandardAI.lua	1	768	768	32	256	64	0	32	0	384	80	207	0	3	0		1	0	1	
-1677721412	scripts/ai/StandardAI.lua	0	768	768	32	256	64	0	32	0	384	80	208	0	0	0		1	0	0	
-1677721411	scripts/ai/StandardAI.lua	0	768	768	32	256	64	0	32	0	384	80	209	0	0	0		1	0	0	
-1677721410	scripts/ai/StandardAI.lua	0	768	768	32	256	64	0	32	0	384	80	210	0	0	0		1	0	0	
-1677721409	scripts/ai/StandardAI.lua	1	768	768	32	256	64	0	32	0	384	80	211	0	0	0		0	0	0	
-1677721408	scripts/ai/StandardAI.lua	1	768	768	32	256	64	0	32	0	384	80	212	0	0	0		1	0	1	
-1677721407	scripts/ai/StandardAI.lua	0	768	768	32	256	64	0	32	0	384	80	213	0	0	0		1	0	0	
-1677721406	scripts/ai/StandardAI.lua	1	768	768	32	256	64	0	32	0	384	80	214	0	0	0		1	0	1	
-1677721405	scripts/ai/StandardAI.lua	1	768	768	32	256	64	0	32	0	384	80	0	0	0	0		0	0	0	
-1677721404	scripts/ai/StandardAI.lua	0	768	768	32	256	64	0	32	0	384	80	215	0	0	0		1	0	0	
-1677721403	scripts/ai/StandardAI.lua	1	768	768	32	256	64	0	32	0	384	80	219	0	0	0		1	0	0	
-1677721402	scripts/ai/StandardAI.lua	1	768	768	32	256	64	0	32	0	384	80	217	0	0	0		1	0	1	
-1677721401	scripts/ai/StandardAI.lua	1	768	768	32	256	64	0	32	0	384	80	220	0	0	0		1	0	1	
-1677721400	scripts/ai/StandardAI.lua	1	768	768	32	256	64	0	32	0	384	80	226	0	0	0		1	0	0	
-1677721399	scripts/ai/StandardAI.lua	1	768	768	32	256	64	0	32	0	384	80	227	0	0	0		1	0	0	
-1677721398	scripts/ai/StandardAI.lua	1	768	768	32	256	64	0	32	0	384	80	229	0	0	0		1	0	1	
-1677721397	scripts/ai/StandardAI.lua	1	768	768	32	256	64	0	32	0	384	80	230	0	0	0		1	0	1	
-1677721396	scripts/ai/StandardAI.lua	1	768	768	32	256	64	0	32	0	384	80	231	0	0	0		1	0	1	
-1677721395	scripts/ai/StandardAI.lua	1	768	768	32	256	80	0	32	0	1024	64	232	0	0	0		0	0	0	
-1677721394	scripts/ai/StandardAI.lua	1	768	768	32	256	80	0	32	0	1024	64	233	0	0	0		0	0	0	
-1677721393	scripts/ai/StandardAI.lua	1	768	768	32	256	64	0	32	0	384	80	234	0	0	0		1	0	1	
-1677721392	scripts/ai/StandardAI.lua	1	768	768	32	256	64	0	32	0	384	80	235	0	0	0		1	0	1	
-1677721391	scripts/ai/StandardAI.lua	1	768	768	32	256	64	0	32	0	384	80	236	0	0	0		1	0	1	
-1677721390	scripts/ai/StandardAI.lua	1	768	768	32	256	64	0	32	0	384	80	237	0	0	0		1	0	1	
-1677721389	scripts/ai/StandardAI.lua	1	768	768	32	256	64	0	32	0	384	80	238	0	0	0		1	0	1	
-1677721388	scripts/ai/StandardAI.lua	1	768	768	32	256	64	0	32	0	384	80	240	0	0	0		1	0	1	
-1677721387	scripts/ai/StandardAI.lua	1	768	768	32	256	64	0	32	0	384	80	241	0	0	0		1	0	1	
-1677721386	scripts/ai/StandardAI.lua	1	768	768	32	256	64	0	32	0	384	80	242	0	0	0		1	0	1	
-1677721385	scripts/ai/StandardAI.lua	1	768	768	32	256	64	0	32	0	384	80	243	0	0	0		1	0	1	
-1677721384	scripts/ai/StandardAI.lua	1	768	768	32	256	64	0	32	0	384	80	244	0	0	0		1	0	1	
-1677721383	scripts/ai/StandardAI.lua	1	768	768	32	256	64	0	32	0	384	80	245	0	1	0		1	0	1	
-1677721382	scripts/ai/StandardAI.lua	1	768	768	32	256	64	0	32	0	384	80	249	0	0	0		1	0	1	
-1677721381	scripts/ai/StandardAI.lua	1	768	768	32	256	64	0	32	0	384	80	250	0	0	0		1	0	1	
-1677721380	scripts/ai/StandardAI.lua	1	768	768	32	256	64	0	32	0	384	80	251	0	0	0		1	0	1	
-1677721379	scripts/ai/StandardAI.lua	1	768	768	32	256	64	0	32	0	384	80	252	0	0	0		1	0	1	
-1677721378	scripts/ai/StandardAI.lua	1	768	768	32	256	64	0	32	0	384	80	253	0	0	0		1	0	1	
-1677721377	scripts/ai/StandardAI.lua	1	768	768	32	256	64	0	32	0	384	80	254	0	0	0		1	0	1	
-1677721376	scripts/ai/StandardAI.lua	1	768	768	32	256	64	0	32	0	384	80	255	0	0	0		1	0	1	
-1677721375	scripts/ai/StandardAI.lua	1	768	768	32	256	64	0	32	0	384	80	257	0	0	0		1	0	1	
-1677721374	scripts/ai/StandardAI.lua	1	768	768	32	256	64	0	32	0	384	80	258	0	0	0		1	0	1	
-1677721373	scripts/ai/StandardAI.lua	1	768	768	32	256	64	0	32	0	384	80	259	0	0	0		1	0	1	
-1677721372	scripts/ai/StandardAI.lua	1	768	768	32	256	64	0	32	0	384	80	260	0	0	0		1	0	1	
-1677721371	scripts/ai/StandardAI.lua	1	768	768	32	256	64	0	32	0	384	80	262	0	0	0		1	0	1	
-1677721370	scripts/ai/StandardAI.lua	0	768	768	32	256	64	0	32	0	384	80	282	0	0	0		1	0	0	
-1677721369	scripts/ai/StandardAI.lua	0	768	768	32	256	64	0	32	0	384	80	283	0	0	0		1	0	0	
-1677721368	scripts/ai/StandardAI.lua	0	768	768	32	256	64	0	32	0	384	80	285	0	0	0		1	0	0	
-1677721367	scripts/ai/StandardAI.lua	1	768	768	32	256	64	0	32	0	384	80	286	0	0	0		1	0	1	
-1677721366	scripts/ai/StandardAI.lua	0	768	768	32	256	64	0	32	0	384	80	279	0	3	0		1	0	0	
-1677721365	scripts/ai/StandardAI.lua	0	768	768	32	256	64	0	32	0	384	80	269	0	0	0		1	0	0	
-1677721364	scripts/ai/StandardAI.lua	0	768	768	32	256	64	0	32	0	384	80	287	0	0	0		1	0	0	
-1677721363	scripts/ai/StandardAI.lua	0	768	768	32	256	64	0	32	0	384	80	288	0	0	0		1	0	0	
-1677721362	scripts/ai/StandardAI.lua	0	768	768	32	256	64	0	32	0	384	80	289	0	0	0		1	0	0	
-1677721361	scripts/ai/StandardAI.lua	0	768	768	32	256	64	0	32	0	384	80	290	0	3	0		1	0	0	
-1677721360	scripts/ai/StandardAI.lua	0	768	768	32	256	64	0	32	0	384	80	290	0	2	0		1	0	0	
-1677721359	scripts/ai/StandardAI.lua	0	768	768	32	256	64	0	32	0	384	80	291	0	3	0		1	0	0	
-1677721358	scripts/ai/StandardAI.lua	0	768	768	32	256	64	0	32	0	384	80	291	0	2	0		1	0	0	
-1677721357	scripts/ai/StandardAI.lua	1	768	768	32	256	64	0	32	0	384	80	294	0	1	0		1	0	1	
-1677721356	scripts/ai/StandardAI.lua	1	768	768	32	256	64	0	32	0	384	80	295	0	2	0		1	0	1	
-1677721355	scripts/ai/StandardAI.lua	1	768	768	32	256	64	0	32	0	384	80	295	0	3	0		1	0	1	
-1677721354	scripts/ai/StandardAI.lua	1	768	768	32	256	64	0	32	0	384	80	296	0	1	0		1	0	1	
-1677721353	scripts/ai/StandardAI.lua	1	768	768	32	256	64	0	32	0	384	80	297	0	2	0		1	0	1	
-1677721352	scripts/ai/StandardAI.lua	1	768	768	32	256	64	0	32	0	384	80	297	0	3	0		1	0	1	
-1677721351	scripts/ai/StandardAI.lua	1	768	768	32	256	64	0	32	0	384	80	298	0	1	0		1	0	1	
-1677721350	scripts/ai/StandardAI.lua	1	768	768	32	256	64	0	32	0	384	80	299	0	1	0		1	0	1	
-1677721349	scripts/ai/StandardAI.lua	0	768	768	32	256	64	0	32	0	384	80	300	0	0	0		1	0	0	
-1677721348	scripts/ai/StandardAI.lua	0	768	768	32	256	64	0	32	0	384	80	301	0	1	0		1	0	0	
-1677721347	scripts/ai/StandardAI.lua	1	768	768	32	256	64	960	32	512	384	80	336	30	3	0		1	0	1	
-1677721346	scripts/ai/StandardAI.lua	1	768	768	32	256	64	960	32	512	384	80	336	30	2	0		1	0	1	
-1677721345	scripts/ai/StandardAI.lua	1	768	768	32	256	64	960	32	512	384	80	337	30	1	0		1	0	1	
-1677721344	scripts/ai/StandardAI.lua	1	768	768	32	256	64	960	32	512	384	80	337	30	0	0		1	0	1	
-1677721343	scripts/ai/StandardAI.lua	1	768	768	32	256	64	0	32	0	384	80	338	0	0	0		1	0	1	
-1677721342	scripts/ai/StandardAI.lua	1	768	768	32	256	64	0	32	0	384	80	302	0	0	0		1	0	1	
-1677721341	scripts/ai/StandardAI.lua	1	768	768	32	256	64	0	32	0	384	80	303	0	0	0		1	0	1	
-1677721340	scripts/ai/StandardAI.lua	1	768	768	32	256	64	0	32	0	384	80	304	0	0	0		1	0	1	
-1677721339	scripts/ai/StandardAI.lua	1	768	768	32	256	64	0	32	0	384	80	305	0	0	0		1	0	1	
-1677721338	scripts/ai/StandardAI.lua	1	768	768	32	256	64	0	32	0	384	80	315	0	0	0		1	0	1	
-1677721337	scripts/ai/StandardAI.lua	1	768	768	32	256	64	0	32	0	384	80	316	0	0	0		1	0	0	
-1677721336	scripts/ai/StandardAI.lua	1	768	768	32	256	64	0	32	0	384	80	317	0	0	0		1	0	1	
-1677721335	scripts/ai/StandardAI.lua	1	768	768	32	256	64	0	32	0	384	80	318	0	0	0		1	0	1	
-1677721334	scripts/ai/StandardAI.lua	1	768	768	32	256	64	0	32	0	384	80	319	0	0	0		1	0	0	
-1677721333	scripts/ai/StandardAI.lua	1	768	768	32	256	64	0	32	0	384	80	320	0	0	0		1	0	0	
-1677721332	scripts/ai/StandardAI.lua	1	768	768	32	256	64	0	32	0	384	80	321	0	0	0		1	0	0	
-1677721331	scripts/ai/StandardAI.lua	1	768	768	32	256	64	0	32	0	384	80	322	0	0	0		1	0	0	
-1677721330	scripts/ai/StandardAI.lua	1	768	768	32	256	64	0	32	0	384	80	323	0	0	0		1	0	1	
-1677721329	scripts/ai/StandardAI.lua	1	768	768	32	256	64	0	32	0	384	80	324	0	0	0		1	0	1	
-1677721328	scripts/ai/StandardAI.lua	1	768	768	32	256	64	0	32	0	384	80	325	0	0	0		1	0	1	
-1677721327	scripts/ai/StandardAI.lua	1	768	768	32	256	64	0	32	0	384	80	326	0	0	0		1	0	1	
-1677721326	scripts/ai/StandardAI.lua	1	768	768	32	256	64	0	32	0	384	80	327	0	0	0		1	0	1	
-1677721325	scripts/ai/StandardAI.lua	1	768	768	32	256	64	0	32	0	384	80	328	0	0	0		1	0	1	
-1677721324	scripts/ai/StandardAI.lua	1	768	768	32	256	64	0	32	0	384	80	329	0	0	0		1	0	1	
-1677721323	scripts/ai/StandardAI.lua	1	768	768	32	256	64	0	32	0	384	80	330	0	0	0		1	0	1	
-1677721322	scripts/ai/StandardAI.lua	1	768	768	32	256	64	0	32	0	384	80	331	0	0	0		1	0	1	
-1677721321	scripts/ai/StandardAI.lua	1	768	768	32	256	64	0	32	0	384	80	332	0	0	0		1	0	1	
-1677721320	scripts/ai/StandardAI.lua	1	768	768	32	256	64	0	32	0	384	80	333	0	0	0		1	0	1	
-1677721319	scripts/ai/StandardAI.lua	1	768	768	32	256	64	0	32	0	384	80	334	0	0	0		1	0	1	
-1677721318	scripts/ai/StandardAI.lua	0	768	768	32	256	64	0	32	0	384	80	335	0	3	0		1	0	0	
-1677721317	scripts/ai/StandardAI.lua	0	768	768	32	256	64	0	32	0	384	80	335	0	2	0		1	0	0	
-1677721316	scripts/ai/StandardAI.lua	1	768	768	32	256	64	0	32	0	384	80	135	0	3	0		1	0	1	
-1677721315	scripts/ai/StandardAI.lua	1	768	768	32	256	64	0	32	0	384	80	26	0	0	0		1	0	1	
-1677721314	scripts/ai/StandardAI.lua	0	768	768	32	256	64	0	32	0	384	80	27	0	0	0		1	0	0	
-1677721313	scripts/Map/世界通用/ai/标准无敌免屠杀.lua	0	768	768	32	256	64	0	32	0	384	80	341	0	0	0		1	0	0	
-1677721312	scripts/Map/世界通用/ai/标准无敌免屠杀.lua	0	768	768	32	256	64	0	32	0	384	80	342	0	0	0		1	0	0	
-1677721311	scripts/Map/世界通用/ai/标准无敌免屠杀.lua	0	768	768	32	256	64	0	32	0	384	80	343	0	0	0		1	0	0	
-1677721310	scripts/ai/StandardAI.lua	1	768	768	32	256	64	0	32	0	384	80	344	0	3	0		1	0	1	
-1677721309	scripts/ai/StandardAI.lua	1	768	768	32	256	64	0	32	0	384	80	345	0	2	0		1	0	1	
-1677721308	scripts/ai/StandardAI.lua	1	768	768	32	256	64	0	32	0	384	80	345	0	3	0		1	0	1	
-1677721307	scripts/ai/StandardAI.lua	0	768	768	32	256	64	0	32	0	384	80	346	0	2	0		1	0	0	
-1677721306	scripts/ai/StandardAI.lua	0	768	768	32	256	64	0	32	0	384	80	346	0	3	0		1	0	0	
-1677721305	scripts/ai/StandardAI.lua	1	768	768	32	256	64	0	32	0	384	80	347	0	2	0		1	0	1	
-1677721304	scripts/ai/StandardAI.lua	1	768	768	32	256	64	0	32	0	384	80	347	0	3	0		1	0	1	
-1677721303	scripts/ai/StandardAI.lua	1	768	768	32	256	64	0	32	0	384	80	348	0	2	0		1	0	1	
-1677721302	scripts/ai/StandardAI.lua	1	768	768	32	256	64	0	32	0	384	80	348	0	3	0		1	0	1	
-1677721301	scripts/ai/StandardAI.lua	1	768	768	32	256	64	0	32	0	384	80	48	0	1	0		1	0	0	
-1677721300	scripts/ai/StandardAI.lua	1	768	768	32	256	64	0	32	0	384	80	49	0	1	0		1	0	0	
-1677721299	scripts/ai/StandardAI.lua	1	768	768	32	256	64	0	32	0	384	80	51	0	0	0		1	0	0	
-1677721298	scripts/ai/StandardAI.lua	1	768	768	32	256	64	0	32	0	384	80	65	0	1	0		1	0	0	
-1677721297	scripts/ai/StandardAI.lua	1	768	768	32	256	64	0	32	0	384	80	58	0	0	0		1	0	0	
-1677721296	scripts/ai/StandardAI.lua	1	768	768	32	256	64	0	32	0	384	80	53	0	1	0		1	0	0	
-1677721295	scripts/ai/StandardAI.lua	1	768	768	32	256	64	0	32	0	384	80	49	0	2	0		0	0	1	
-1677721294	scripts/ai/StandardAI.lua	1	768	768	32	256	64	0	32	0	384	80	54	0	2	0		1	0	0	
-1677721293	scripts/ai/StandardAI.lua	1	768	768	32	256	64	0	32	0	384	80	54	0	3	0		1	0	0	
-1677721292	scripts/ai/StandardAI.lua	1	768	768	32	256	64	0	32	0	384	80	271	0	0	0		1	0	1	
-1677721291	scripts/ai/StandardAI.lua	1	768	768	32	256	64	0	32	0	384	80	272	0	0	0		1	0	1	
-1677721290	scripts/ai/StandardAI.lua	1	768	768	32	256	64	0	32	0	384	80	273	0	0	0		1	0	1	
-1677721289	scripts/ai/StandardAI.lua	1	768	768	32	256	64	0	32	0	384	80	267	0	0	0		1	0	1	
-1677721288	scripts/ai/StandardAI.lua	1	768	768	32	256	64	0	32	0	384	80	265	0	0	0		1	0	1	
-1677721287	scripts/ai/StandardAI.lua	1	768	768	32	256	64	0	32	0	384	80	187	0	0	0		1	0	1	
-1677721286	scripts/ai/StandardAI.lua	1	768	768	32	256	64	0	32	0	384	80	268	0	0	0		1	0	1	
-1677721285	scripts/ai/StandardAI.lua	1	768	768	32	256	64	0	32	0	384	80	188	0	0	0		1	0	1	
-1677721284	scripts/ai/StandardAI.lua	1	768	768	32	256	64	0	32	0	384	80	279	0	1	0		1	0	1	
-1677721283	scripts/ai/StandardAI.lua	1	768	768	32	256	64	0	32	0	384	80	270	0	0	0		1	0	1	
-1677721282	scripts/ai/StandardAI.lua	1	768	768	32	256	64	0	32	0	384	80	266	0	0	0		1	0	1	
-1677721281	scripts/ai/StandardAI.lua	1	768	768	32	256	64	0	32	0	384	80	186	0	0	0		1	0	1	
-1677721280	scripts/ai/StandardAI.lua	1	768	768	32	256	64	0	32	0	384	80	264	0	0	0		1	0	1	
-1677721279	scripts/ai/StandardAI.lua	0	768	768	32	256	64	0	32	0	384	80	352	0	0	0		1	0	0	
-1677721278	scripts/ai/StandardAI.lua	0	768	768	32	256	64	0	32	0	384	80	351	0	0	0		1	0	0	
-1677721277	scripts/ai/StandardAI.lua	1	768	768	32	256	64	0	32	0	384	80	353	0	0	0		1	0	1	
-1677721276	scripts/ai/StandardAI.lua	1	768	768	32	256	64	0	32	0	384	80	354	0	2	0		1	0	1	
-1677721275	scripts/ai/StandardAI.lua	0	768	768	32	256	64	0	32	0	384	80	354	0	3	0		1	0	0	
-1677721274	scripts/ai/StandardAI.lua	1	768	768	32	256	64	0	32	0	384	80	355	0	0	0		1	0	1	
-1677721273	scripts/ai/StandardAI.lua	1	768	768	32	256	64	0	32	0	384	80	356	0	2	0		1	0	1	
-1677721272	scripts/ai/StandardAI.lua	0	768	768	32	256	64	0	32	0	384	80	356	0	3	0		1	0	0	
-1677721271	scripts/ai/StandardAI.lua	1	768	768	32	256	64	0	32	0	384	80	357	0	0	0		1	0	1	
-1677721270	scripts/ai/StandardAI.lua	1	768	768	32	256	64	0	32	0	384	80	358	0	0	0		1	0	1	
-1677721269	scripts/ai/StandardAI.lua	1	768	768	32	256	64	0	32	0	384	80	359	0	0	0		1	0	1	
-1677721268	scripts/ai/StandardAI.lua	1	768	768	32	256	64	0	32	0	384	80	360	0	0	0		1	0	1	
-1677721267	scripts/ai/StandardAI.lua	1	768	768	32	256	64	0	32	0	384	80	361	0	0	0		1	0	1	
-1677721266	scripts/ai/StandardAI.lua	1	768	768	32	256	64	0	32	0	384	80	362	0	0	0		1	0	1	
-1677721265	scripts/ai/StandardAI.lua	1	768	768	32	256	64	0	32	0	384	80	363	0	0	0		1	0	1	
-1677721264	scripts/ai/StandardAI.lua	1	768	768	32	256	64	0	32	0	384	80	364	0	0	0		1	0	1	
-1677721263	scripts/ai/StandardAI.lua	1	768	768	32	256	64	0	32	0	384	80	365	0	0	0		1	0	1	
-1677721262	scripts/ai/StandardAI.lua	1	768	768	32	256	64	0	32	0	384	80	366	0	0	0		1	0	1	
-1677721261	scripts/ai/StandardAI.lua	1	768	768	32	256	64	0	32	0	384	80	367	0	0	0		1	0	1	
-1677721260	scripts/ai/StandardAI.lua	1	768	768	32	256	64	0	32	0	384	80	368	0	0	0		1	0	1	
-1677721259	scripts/ai/StandardAI.lua	1	768	768	32	256	64	0	32	0	384	80	369	0	0	0		1	0	1	
-1677721258	scripts/ai/StandardAI.lua	0	768	768	32	256	64	0	32	0	384	80	370	0	0	0		1	0	0	
-1677721257	scripts/ai/StandardAI.lua	1	768	768	32	256	64	0	32	0	384	80	371	0	0	0		1	0	1	
-1677721256	scripts/ai/StandardAI.lua	1	768	768	32	256	64	0	32	0	384	80	372	0	0	0		1	0	1	
-1677721255	scripts/ai/StandardAI.lua	1	768	768	32	256	64	0	32	0	384	80	374	0	0	0		1	0	1	
-1677721254	scripts/ai/StandardAI.lua	1	768	768	32	256	64	0	32	0	384	80	375	0	2	0		1	0	1	
-1677721253	scripts/ai/StandardAI.lua	0	768	768	32	256	64	0	32	512	384	80	375	0	3	0		1	0	0	
-1677721252	scripts/ai/StandardAI.lua	1	768	768	32	256	64	0	32	0	384	80	376	0	0	0		1	0	1	
-1677721251	scripts/ai/StandardAI.lua	1	768	768	32	256	64	0	32	0	384	80	377	0	2	0		1	0	1	
-1677721250	scripts/ai/StandardAI.lua	0	768	768	32	256	64	0	32	512	384	80	377	0	3	0		1	0	0	
-1677721249	scripts/ai/StandardAI.lua	1	768	768	32	256	64	0	32	0	384	80	378	0	0	0		1	0	1	
-1677721248	scripts/ai/StandardAI.lua	1	768	768	32	256	64	0	32	0	384	80	379	0	2	0		1	0	1	
-1677721247	scripts/ai/StandardAI.lua	0	768	768	32	256	64	0	32	512	384	80	379	0	3	0		1	0	0	
-1677721246	scripts/ai/StandardAI.lua	1	768	768	32	256	64	0	32	0	384	80	381	0	2	0		1	0	1	
-1677721245	scripts/ai/StandardAI.lua	0	768	768	32	256	64	0	32	512	384	80	381	0	3	0		1	0	0	
-1677721244	scripts/ai/StandardAI.lua	1	768	768	32	256	64	0	32	0	384	80	382	0	0	0		1	0	1	
-1677721243	scripts/ai/StandardAI.lua	1	768	768	32	256	64	0	32	0	384	80	383	0	2	0		1	0	1	
-1677721242	scripts/ai/StandardAI.lua	0	768	768	32	256	64	0	32	512	384	80	383	0	3	0		1	0	0	
-1677721241	scripts/ai/StandardAI.lua	1	768	768	32	256	64	0	32	0	384	80	384	0	0	0		1	0	1	
-1677721240	scripts/ai/StandardAI.lua	1	768	768	32	256	64	0	32	0	384	80	385	0	0	0		1	0	1	
-1677721239	scripts/ai/StandardAI.lua	1	768	768	32	256	64	0	32	512	384	80	387	0	0	0		1	0	1	
-1677721238	scripts/ai/StandardAI.lua	0	768	768	32	256	64	0	32	0	384	80	292	0	0	0		1	0	0	
-1677721237	scripts/ai/StandardAI.lua	0	768	768	32	256	64	0	32	0	384	80	293	0	2	0		1	0	0	
-1677721236	scripts/ai/StandardAI.lua	0	768	768	32	256	64	0	32	0	384	80	293	0	1	0		1	0	0	
-1677721235	scripts/ai/StandardAI.lua	0	768	768	32	256	64	0	32	0	384	80	389	0	0	0		1	0	0	
-1677721234	scripts/ai/StandardAI.lua	0	768	768	32	256	64	0	32	0	384	80	390	0	0	0		1	0	0	
-1677721233	scripts/ai/StandardAI.lua	0	768	768	32	256	64	0	32	0	384	80	391	0	0	0		1	0	0	
-1677721232	scripts/ai/StandardAI.lua	0	768	768	32	256	64	0	32	0	384	80	392	0	0	0		1	0	0	
-1677721231	scripts/ai/StandardAI.lua	0	768	768	32	256	64	0	32	0	384	80	393	0	0	0		1	0	0	
-1677721230	scripts/ai/StandardAI.lua	0	768	768	32	256	64	0	32	0	384	80	394	0	2	0		1	0	0	
-1677721229	scripts/ai/StandardAI.lua	0	768	768	32	256	64	0	32	0	384	80	394	0	3	0		1	0	0	
-1677721228	scripts/ai/StandardAI.lua	0	768	768	32	256	64	0	32	0	384	80	395	0	2	0		1	0	0	
-1677721227	scripts/ai/StandardAI.lua	0	768	768	32	256	64	0	32	0	384	80	395	0	3	0		1	0	0	
-1677721226	scripts/ai/StandardAI.lua	0	768	768	32	256	64	0	32	0	384	80	396	0	2	0		1	0	0	
-1677721225	scripts/ai/StandardAI.lua	0	768	768	32	256	64	0	32	0	384	80	396	0	1	0		1	0	0	
-1677721224	scripts/ai/StandardAI.lua	0	768	768	32	256	64	0	32	0	384	80	397	0	2	0		1	0	0	
-1677721223	scripts/ai/StandardAI.lua	0	768	768	32	256	64	0	32	0	384	80	397	0	1	0		1	0	0	
-1677721222	scripts/ai/StandardAI.lua	0	768	768	32	256	64	0	32	0	384	80	398	0	0	0		1	0	0	
-1677721221	scripts/ai/StandardAI.lua	0	768	768	32	256	64	0	32	0	384	80	399	0	0	0		1	0	0	
-1677721220	scripts/ai/StandardAI.lua	0	768	768	32	256	64	0	32	0	384	80	405	0	3	0		1	0	0	
-1677721219	scripts/ai/StandardAI.lua	0	768	768	32	256	64	0	32	0	384	80	418	0	3	0		1	0	0	
-1677721218	scripts/ai/StandardAI.lua	1	768	768	32	256	64	0	32	0	384	80	426	0	2	0		0	0	1	
-1677721217	scripts/ai/StandardAI.lua	1	768	768	32	256	64	0	32	0	384	80	426	0	3	0		0	0	1	
-1677721216	scripts/ai/StandardAI.lua	1	768	768	32	256	64	0	32	0	384	80	427	0	2	0		0	0	1	
-1677721215	scripts/ai/StandardAI.lua	1	768	768	32	256	64	0	32	0	384	80	427	0	3	0		0	0	1	
-1677721214	scripts/ai/StandardAI.lua	1	768	768	32	256	64	0	32	0	384	80	428	0	3	0		0	0	1	
-1677721213	scripts/ai/StandardAI.lua	1	768	768	32	256	64	0	32	0	384	80	428	0	2	0		0	0	1	
-1677721212	scripts\Map\长安_安史之乱\ai\迹天涯.lua	0	768	768	32	256	64	0	32	0	384	80	429	0	0	0		0	0	0	
-1677721211	scripts/ai/StandardAI.lua	0	768	768	32	256	80	1280	32	0	0	80	0	25	0	0		0	0	0	
-1677721210	scripts/ai/StandardAI.lua	0	768	768	32	256	64	0	32	0	384	80	403	0	3	0		1	0	0	
-1677721209	scripts/ai/StandardAI.lua	0	768	768	32	256	64	0	32	0	384	80	403	0	2	0		1	0	0	
-1677721208	scripts/ai/StandardAI.lua	0	768	768	32	256	64	0	32	0	384	80	403	0	1	0		1	0	0	
-1677721207	scripts/ai/StandardAI.lua	0	768	768	32	256	64	0	32	0	384	80	404	0	1	0		1	0	0	
-1677721206	scripts/ai/StandardAI.lua	0	768	768	32	256	64	0	32	0	384	80	404	0	3	0		1	0	0	
-1677721205	scripts/ai/StandardAI.lua	0	768	768	32	256	64	0	32	0	384	80	404	0	2	0		1	0	0	
-1677721204	scripts/ai/StandardAI.lua	0	768	768	32	256	64	0	32	0	384	80	406	0	2	0		1	0	0	
-1677721203	scripts/ai/StandardAI.lua	0	768	768	32	256	64	0	32	0	384	80	406	0	3	0		1	0	0	
-1677721202	scripts/ai/StandardAI.lua	0	768	768	32	256	64	0	32	0	384	80	406	0	1	0		1	0	0	
-1677721201	scripts/ai/StandardAI.lua	0	768	768	32	256	64	0	32	0	384	80	453	0	2	0		1	0	0	
-1677721200	scripts/ai/StandardAI.lua	0	768	768	32	256	64	0	32	0	384	80	458	0	3	0		1	0	0	
-1677721199	scripts/ai/StandardAI.lua	0	768	768	32	256	64	0	32	0	384	80	452	0	2	0		1	0	0	
-1677721198	scripts/ai/StandardAI.lua	0	768	768	32	256	64	0	32	0	384	80	450	0	2	0		1	0	0	
-1677721197	scripts/ai/StandardAI.lua	0	768	768	32	256	64	0	32	0	384	80	449	0	2	0		1	0	0	
-1677721196	scripts/ai/StandardAI.lua	0	768	768	32	256	64	0	32	0	384	80	451	0	3	0		1	0	0	
-1677721195	scripts/ai/StandardAI.lua	0	768	768	32	256	64	0	32	0	384	80	450	0	3	0		1	0	0	
-1677721194	scripts/ai/StandardAI.lua	0	768	768	32	256	64	0	32	0	384	80	449	0	3	0		1	0	0	
-1677721193	scripts/ai/StandardAI.lua	0	768	768	32	256	64	0	32	0	384	80	457	0	2	0		1	0	0	
-1677721192	scripts/ai/StandardAI.lua	0	768	768	32	256	64	0	32	0	384	80	451	0	2	0		1	0	0	
-1677721191	scripts/ai/StandardAI.lua	0	768	768	32	256	64	0	32	0	384	80	448	0	3	0		1	0	0	
-1677721190	scripts/ai/StandardAI.lua	0	768	768	32	256	64	0	32	0	384	80	457	0	3	0		1	0	0	
-1677721189	scripts/ai/StandardAI.lua	0	768	768	32	256	64	0	32	0	384	80	453	0	3	0		1	0	0	
-1677721188	scripts/ai/StandardAI.lua	0	768	768	32	256	64	0	32	0	384	80	452	0	3	0		1	0	0	
-1677721187	scripts/ai/StandardAI.lua	0	768	768	32	256	64	0	32	0	384	80	454	0	2	0		1	0	0	
-1677721186	scripts/ai/StandardAI.lua	0	768	768	32	256	64	0	32	0	384	80	458	0	2	0		1	0	0	
-1677721185	scripts/ai/StandardAI.lua	0	768	768	32	256	64	0	32	0	384	80	448	0	2	0		1	0	0	
-1677721184	scripts/ai/StandardAI.lua	0	768	768	32	256	64	0	32	0	384	80	454	0	3	0		1	0	0	
-1677721183	scripts/ai/StandardAI.lua	0	768	768	32	256	64	0	32	0	384	80	474	0	2	0		1	0	0	
-1677721182	scripts/ai/StandardAI.lua	0	768	768	32	256	64	0	32	0	384	80	441	0	3	0		1	0	0	
-1677721181	scripts/ai/StandardAI.lua	0	768	768	32	256	64	0	32	0	384	80	440	0	2	0		1	0	0	
-1677721180	scripts/ai/StandardAI.lua	0	768	768	32	256	64	0	32	0	384	80	442	0	3	0		1	0	0	
-1677721179	scripts/ai/StandardAI.lua	0	768	768	32	256	64	0	32	0	384	80	443	0	3	0		1	0	0	
-1677721178	scripts/ai/StandardAI.lua	0	768	768	32	256	64	0	32	0	384	80	446	0	3	0		1	0	0	
-1677721177	scripts/ai/StandardAI.lua	0	768	768	32	256	64	0	32	0	384	80	445	0	3	0		1	0	0	
-1677721176	scripts/ai/StandardAI.lua	0	768	768	32	256	64	0	32	0	384	80	442	0	2	0		1	0	0	
-1677721175	scripts/ai/StandardAI.lua	0	768	768	32	256	64	0	32	0	384	80	441	0	2	0		1	0	0	
-1677721174	scripts/ai/StandardAI.lua	0	768	768	32	256	64	0	32	0	384	80	474	0	3	0		1	0	0	
-1677721173	scripts/ai/StandardAI.lua	0	768	768	32	256	64	0	32	0	384	80	440	0	3	0		1	0	0	
-1677721172	scripts/ai/StandardAI.lua	0	768	768	32	256	64	0	32	0	384	80	439	0	3	0		1	0	0	
-1677721171	scripts/ai/StandardAI.lua	0	768	768	32	256	64	0	32	0	384	80	446	0	2	0		1	0	0	
-1677721170	scripts/ai/StandardAI.lua	0	768	768	32	256	64	0	32	0	384	80	439	0	2	0		1	0	0	
-1677721169	scripts/ai/StandardAI.lua	0	768	768	32	256	64	0	32	0	384	80	438	0	2	0		1	0	0	
-1677721168	scripts/ai/StandardAI.lua	0	768	768	32	256	64	0	32	0	384	80	438	0	3	0		1	0	0	
-1677721167	scripts/ai/StandardAI.lua	0	768	768	32	256	64	0	32	0	384	80	409	0	3	0		1	0	0	
-1677721166	scripts/ai/StandardAI.lua	0	768	768	32	256	64	0	32	0	384	80	445	0	2	0		1	0	0	
-1677721165	scripts/ai/StandardAI.lua	0	768	768	32	256	64	0	32	0	384	80	444	0	3	0		1	0	0	
-1677721164	scripts/ai/StandardAI.lua	0	768	768	32	256	64	0	32	0	384	80	444	0	2	0		1	0	0	
-1677721163	scripts/ai/StandardAI.lua	0	768	768	32	256	64	0	32	0	384	80	443	0	2	0		1	0	0	
-1677721162	scripts/ai/StandardAI.lua	0	768	768	32	256	64	0	32	0	384	80	447	0	3	0		1	0	0	
-1677721161	scripts/ai/StandardAI.lua	0	768	768	32	256	64	0	32	0	384	80	447	0	2	0		1	0	0	
-1677721160	scripts/ai/StandardAI.lua	0	768	768	32	256	64	0	32	0	384	80	411	0	3	0		1	0	0	
-1677721159	scripts/ai/StandardAI.lua	0	768	768	32	256	64	0	32	0	384	80	435	0	2	0		1	0	0	
-1677721158	scripts/ai/StandardAI.lua	0	768	768	32	256	64	0	32	0	384	80	419	0	3	0		1	0	0	
-1677721157	scripts/ai/StandardAI.lua	0	768	768	32	256	64	0	32	0	384	80	433	0	3	0		1	0	0	
-1677721156	scripts/ai/StandardAI.lua	0	768	768	32	256	64	0	32	0	384	80	411	0	2	0		1	0	0	
-1677721155	scripts/ai/StandardAI.lua	0	768	768	32	256	64	0	32	0	384	80	435	0	3	0		1	0	0	
-1677721154	scripts/ai/StandardAI.lua	0	768	768	32	256	64	0	32	0	384	80	472	0	3	0		1	0	0	
-1677721153	scripts/ai/StandardAI.lua	0	768	768	32	256	64	0	32	0	384	80	419	0	2	0		1	0	0	
-1677721152	scripts/ai/StandardAI.lua	0	768	768	32	256	64	0	32	0	384	80	433	0	2	0		1	0	0	
-1677721151	scripts/ai/StandardAI.lua	0	768	768	32	256	64	0	32	0	384	80	409	0	2	0		1	0	0	
-1677721150	scripts/ai/StandardAI.lua	0	768	768	32	256	64	0	32	0	384	80	472	0	2	0		1	0	0	
-1677721149	scripts/ai/StandardAI.lua	0	768	768	32	256	64	0	32	0	384	80	475	0	2	0		1	0	0	
-1677721148	scripts/ai/StandardAI.lua	0	768	768	32	256	64	0	32	0	384	80	475	0	3	0		1	0	0	
-1677721147	scripts/ai/StandardAI.lua	0	768	768	32	256	64	0	32	0	384	80	477	0	3	0		1	0	0	
-1677721146	scripts/ai/StandardAI.lua	0	768	768	32	256	64	0	32	0	384	80	477	0	2	0		1	0	0	
-1677721145	scripts/ai/StandardAI.lua	0	768	768	32	256	64	0	32	0	384	80	479	0	3	0		1	0	0	
-1677721144	scripts/ai/StandardAI.lua	0	768	768	32	256	64	0	32	0	384	80	478	0	3	0		1	0	0	
-1677721143	scripts/ai/StandardAI.lua	0	768	768	32	256	64	0	32	0	384	80	476	0	3	0		1	0	0	
-1677721142	scripts/ai/StandardAI.lua	0	768	768	32	256	64	0	32	0	384	80	478	0	2	0		1	0	0	
-1677721141	scripts/ai/StandardAI.lua	0	768	768	32	256	64	0	32	0	384	80	476	0	2	0		1	0	0	
-1677721140	scripts/ai/StandardAI.lua	0	768	768	32	256	64	0	32	0	384	80	479	0	2	0		1	0	0	
-1677721139	scripts/ai/StandardAI.lua	0	768	768	32	256	64	0	32	0	384	80	459	0	2	0		1	0	0	
-1677721138	scripts/ai/StandardAI.lua	0	768	768	32	256	64	0	32	0	384	80	459	0	3	0		1	0	0	
-1677721137	scripts/ai/StandardAI.lua	0	768	768	32	256	64	0	32	0	384	80	433	0	1	0		1	0	0	
-1677721136	scripts/ai/StandardAI.lua	0	768	768	32	256	64	0	32	0	384	80	452	0	1	0		1	0	0	
-1677721135	scripts/ai/StandardAI.lua	0	768	768	32	256	64	0	32	0	384	80	451	0	1	0		1	0	0	
-1677721134	scripts/ai/StandardAI.lua	0	768	768	32	256	64	0	32	0	384	80	455	0	1	0		1	0	0	
-1677721133	scripts/ai/StandardAI.lua	0	768	768	32	256	64	0	32	0	384	80	449	0	1	0		1	0	0	
-1677721132	scripts/ai/StandardAI.lua	0	768	768	32	256	64	0	32	0	384	80	456	0	1	0		1	0	0	
-1677721131	scripts/ai/StandardAI.lua	0	768	768	32	256	64	0	32	0	384	80	457	0	1	0		1	0	0	
-1677721130	scripts/ai/StandardAI.lua	0	768	768	32	256	64	0	32	0	384	80	458	0	1	0		1	0	0	
-1677721129	scripts/ai/StandardAI.lua	0	768	768	32	256	64	0	32	0	384	80	453	0	1	0		1	0	0	
-1677721128	scripts/ai/StandardAI.lua	0	768	768	32	256	64	0	32	0	384	80	454	0	1	0		1	0	0	
-1677721127	scripts/ai/StandardAI.lua	0	768	768	32	256	64	0	32	0	384	80	450	0	1	0		1	0	0	
-1677721126	scripts/ai/StandardAI.lua	0	768	768	32	256	64	0	32	0	384	80	448	0	1	0		1	0	0	
-1677721125	scripts/ai/StandardAI.lua	0	768	768	32	256	64	0	32	0	384	80	442	0	1	0		1	0	0	
-1677721124	scripts/ai/StandardAI.lua	0	768	768	32	256	64	0	32	0	384	80	444	0	1	0		1	0	0	
-1677721123	scripts/ai/StandardAI.lua	0	768	768	32	256	64	0	32	0	384	80	441	0	1	0		1	0	0	
-1677721122	scripts/ai/StandardAI.lua	0	768	768	32	256	64	0	32	0	384	80	446	0	1	0		1	0	0	
-1677721121	scripts/ai/StandardAI.lua	0	768	768	32	256	64	0	32	0	384	80	445	0	1	0		1	0	0	
-1677721120	scripts/ai/StandardAI.lua	0	768	768	32	256	64	0	32	0	384	80	439	0	1	0		1	0	0	
-1677721119	scripts/ai/StandardAI.lua	0	768	768	32	256	64	0	32	0	384	80	443	0	1	0		1	0	0	
-1677721118	scripts/ai/StandardAI.lua	0	768	768	32	256	64	0	32	0	384	80	438	0	1	0		1	0	0	
-1677721117	scripts/ai/StandardAI.lua	0	768	768	32	256	64	0	32	0	384	80	474	0	1	0		1	0	0	
-1677721116	scripts/ai/StandardAI.lua	0	768	768	32	256	64	0	32	0	384	80	407	0	1	0		1	0	0	
-1677721115	scripts/ai/GuarderAI.lua	0	768	768	32	256	64	0	32	0	384	80	447	0	1	0		1	0	0	
-1677721114	scripts/ai/StandardAI.lua	0	768	768	32	256	64	0	32	0	384	80	409	0	1	0		1	0	0	
-1677721113	scripts/ai/StandardAI.lua	0	768	768	32	256	64	0	32	0	384	80	471	0	1	0		1	0	0	
-1677721112	scripts/ai/StandardAI.lua	0	768	768	32	256	64	0	32	0	384	80	411	0	1	0		1	0	0	
-1677721111	scripts/ai/StandardAI.lua	0	768	768	32	256	64	0	32	0	384	80	435	0	1	0		1	0	0	
-1677721110	scripts/ai/StandardAI.lua	0	768	768	32	256	64	0	32	0	384	80	419	0	1	0		1	0	0	
-1677721109	scripts/ai/StandardAI.lua	0	768	768	32	256	64	0	32	0	384	80	472	0	1	0		1	0	0	
-1677721108	scripts/ai/StandardAI.lua	0	768	768	32	256	64	0	32	0	384	80	473	0	1	0		1	0	0	
-1677721107	scripts/ai/StandardAI.lua	0	768	768	32	256	64	0	32	0	384	80	475	0	1	0		1	0	0	
-1677721106	scripts/ai/StandardAI.lua	0	768	768	32	256	64	0	32	0	384	80	477	0	1	0		1	0	0	
-1677721105	scripts/ai/StandardAI.lua	0	768	768	32	256	64	0	32	0	384	80	476	0	1	0		1	0	0	
-1677721104	scripts/ai/StandardAI.lua	0	768	768	32	256	64	0	32	0	384	80	478	0	1	0		1	0	0	
-1677721103	scripts/ai/StandardAI.lua	0	768	768	32	256	64	0	32	0	384	80	479	0	1	0		1	0	0	
-1677721102	scripts/ai/StandardAI.lua	0	768	768	32	256	64	0	32	0	384	80	461	0	1	0		1	0	0	
-1677721101	scripts/ai/StandardAI.lua	0	768	768	32	256	64	0	32	0	384	80	460	0	1	0		1	0	0	
-1677721100	scripts/ai/StandardAI.lua	0	768	768	32	256	64	0	32	0	384	80	459	0	1	0		1	0	0	
-1677721099	scripts/ai/StandardAI.lua	0	768	768	32	256	64	0	32	0	384	80	469	0	1	0		1	0	0	
-1677721098	scripts/ai/StandardAI.lua	0	768	768	32	256	64	0	32	0	384	80	469	0	2	0		1	0	0	
-1677721097	scripts/ai/StandardAI.lua	0	768	768	32	256	64	0	32	0	384	80	469	0	3	0		1	0	0	
-1677721096	scripts/ai/StandardAI.lua	0	768	768	32	256	64	0	32	0	384	80	470	0	1	0		1	0	0	
-1677721095	scripts/ai/StandardAI.lua	0	768	768	32	256	64	0	32	0	384	80	470	0	2	0		1	0	0	
-1677721094	scripts/ai/StandardAI.lua	0	768	768	32	256	64	0	32	0	384	80	470	0	3	0		1	0	0	
-1677721093	scripts/ai/StandardAI.lua	0	768	768	32	256	64	0	32	0	384	80	468	0	2	0		1	0	0	
-1677721092	scripts/ai/StandardAI.lua	0	768	768	32	256	64	0	32	0	384	80	468	0	1	0		1	0	0	
-1677721091	scripts/ai/StandardAI.lua	0	768	768	32	256	64	0	32	0	384	80	468	0	3	0		1	0	0	
-1677721090	scripts/ai/StandardAI.lua	0	768	768	32	256	64	0	32	0	384	80	463	0	1	0		1	0	0	
-1677721089	scripts/ai/StandardAI.lua	0	768	768	32	256	64	0	32	0	384	80	463	0	2	0		1	0	0	
-1677721088	scripts/ai/StandardAI.lua	0	768	768	32	256	64	0	32	0	384	80	463	0	3	0		1	0	0	
-1677721087	scripts/ai/StandardAI.lua	0	768	768	32	256	64	0	32	0	384	80	462	0	1	0		1	0	0	
-1677721086	scripts/ai/StandardAI.lua	0	768	768	32	256	64	0	32	0	384	80	462	0	2	0		1	0	0	
-1677721085	scripts/ai/StandardAI.lua	0	768	768	32	256	64	0	32	0	384	80	462	0	3	0		1	0	0	
-1677721084	scripts/ai/StandardAI.lua	0	768	768	32	256	64	0	32	0	384	80	480	0	1	0		1	0	0	
-1677721083	scripts/ai/StandardAI.lua	0	768	768	32	256	64	0	32	0	384	80	480	0	2	0		1	0	0	
-1677721082	scripts/ai/StandardAI.lua	0	768	768	32	256	64	0	32	0	384	80	480	0	3	0		1	0	0	
-1677721081	scripts/ai/StandardAI.lua	0	768	768	32	256	64	0	32	0	384	80	481	0	1	0		1	0	0	
-1677721080	scripts/ai/StandardAI.lua	0	768	768	32	256	64	0	32	0	384	80	481	0	3	0		1	0	0	
-1677721079	scripts/ai/StandardAI.lua	0	768	768	32	256	64	0	32	0	384	80	481	0	2	0		1	0	0	
-1677721078	scripts/ai/StandardAI.lua	0	768	768	32	256	64	0	32	0	384	80	482	0	1	0		1	0	0	
-1677721077	scripts/ai/StandardAI.lua	0	768	768	32	256	64	0	32	0	384	80	482	0	2	0		1	0	0	
-1677721076	scripts/ai/StandardAI.lua	0	768	768	32	256	64	0	32	0	384	80	482	0	3	0		1	0	0	
