AIType	ScriptFile	IsPositive	AlertRange	SearchPlayerDistance	AlertOverTime	AttackRange	EscapeTime	EscapeRange	EscapeInterval	WanderRange	WanderDistance	WanderInterval	PatrolPathID	EscapeLife	PatrolOrderIndex	ReviveTeammate	CustomArguments	IsAutoTurn	NpcSceneType	IsSnarlInFight	DialogIdleTime
1811939329	scripts/ai/StandardAI.lua	0	768	768	32	256	64	0	32	0	384	80	7	0	4	0		0	0	0	
1811939330	scripts/ai/StandardAI.lua	1	768	768	32	256	64	0	32	0	384	80	7	0	1	0		1	0	1	
1811939331	scripts/ai/StandardAI.lua	1	768	768	32	256	64	0	32	0	384	80	7	0	2	0		1	0	1	
1811939332	scripts/ai/StandardAI.lua	1	768	768	32	256	64	0	32	0	384	80	7	0	3	0		1	0	1	
1811939333	scripts/ai/StandardAI.lua	1	768	768	32	256	64	0	32	0	384	80	7	0	9	0		1	0	1	
1811939334	scripts/ai/StandardAI.lua	1	768	768	32	256	64	0	32	0	384	80	7	0	7	0		1	0	1	
1811939335	scripts/ai/StandardAI.lua	1	768	768	32	256	64	0	32	0	384	80	7	0	6	0		1	0	1	
1811939336	scripts/ai/StandardAI.lua	1	768	768	32	256	64	0	32	0	384	80	5	0	1	0		1	0	1	
1811939337	scripts/ai/StandardAI.lua	1	768	768	32	256	64	0	32	0	384	80	3	0	1	0		1	0	1	
1811939338	scripts/ai/StandardAI.lua	0	768	768	32	256	64	960	32	512	0	80	1	30	1	0		1	0	0	
1811939339	scripts/ai/StandardAI.lua	0	768	768	32	256	64	960	32	512	0	80	1	30	2	0		1	0	0	
1811939340	scripts/ai/StandardAI.lua	0	768	768	32	256	64	960	32	512	0	80	2	30	1	0		1	0	0	
1811939341	scripts/ai/StandardAI.lua	0	768	768	32	256	64	960	32	512	0	80	2	30	2	0		1	0	0	
1811939342	scripts/ai/StandardAI.lua	0	768	768	32	256	64	960	32	512	0	80	2	30	3	0		1	0	0	
1811939343	scripts/ai/StandardAI.lua	0	768	768	32	256	64	0	32	0	384	80	7	0	5	0		0	0	0	
1811939344	scripts/ai/StandardAI.lua	1	768	768	32	256	64	0	32	0	384	80	7	0	8	0		1	0	1	
1811939345	scripts/ai/StandardAI.lua	1	768	768	32	256	64	0	32	0	384	80	5	0	2	0		1	0	1	
1811939346	scripts/ai/StandardAI.lua	1	768	768	32	256	64	0	32	0	384	80	3	0	2	0		1	0	1	
1811939347	scripts/ai/StandardAI.lua	1	768	768	32	256	64	0	32	0	384	80	7	0	10	0		1	0	1	
1811939348	scripts/ai/StandardAI.lua	1	768	768	32	256	64	0	32	0	384	80	4	0	0	0		1	0	1	
1811939349	scripts/ai/StandardAI.lua	1	768	768	32	256	64	0	32	0	384	80	6	0	1	0		1	0	1	
1811939350	scripts/ai/StandardAI.lua	1	768	768	32	256	64	0	32	0	384	80	6	0	2	0		1	0	1	
1811939351	scripts/ai/StandardAI.lua	1	768	768	32	256	64	0	32	0	384	80	8	0	0	0		1	0	1	
1811939352	scripts/ai/StandardAI.lua	0	768	768	32	256	64	0	32	0	384	80	9	0	0	0		1	0	0	
1811939353	scripts/ai/StandardAI.lua	1	768	768	32	256	64	0	32	0	384	80	10	0	0	0		1	0	1	
1811939354	scripts/ai/StandardAI.lua	1	768	768	32	256	64	0	32	0	384	80	296	0	0	0		1	0	1	
1811939355	scripts/ai/StandardAI.lua	1	768	768	32	256	64	0	32	0	384	80	21	0	0	0		1	0	1	
1811939356	scripts/ai/StandardAI.lua	1	768	768	32	256	64	0	32	512	384	80	0	0	0	0		1	0	1	
1811939357	scripts/ai/StandardAI.lua	1	768	768	32	256	64	0	32	0	384	80	23	0	0	0		1	0	1	
1811939358	scripts/ai/StandardAI.lua	1	768	768	32	256	64	0	32	0	384	80	22	0	0	0		1	0	1	
1811939359	scripts/ai/StandardAI.lua	0	768	768	32	256	64	0	32	0	384	80	29	0	0	0		1	0	0	
1811939360	scripts/ai/StandardAI.lua	1	768	768	32	256	64	0	32	0	384	80	487	0	0	0		1	0	1	
1811939361	scripts/ai/StandardAI.lua	1	768	768	32	256	64	0	32	0	384	80	484	0	0	0		1	0	1	
1811939362	scripts/ai/StandardAI.lua	1	768	768	32	256	64	0	32	0	384	80	486	0	0	0		1	0	1	
1811939363	scripts/ai/StandardAI.lua	1	768	768	32	256	64	0	32	0	384	80	483	0	0	0		1	0	1	
1811939364	scripts/ai/StandardAI.lua	1	768	768	32	256	64	0	32	0	384	80	11	0	0	0		1	0	1	
1811939365	scripts/ai/StandardAI.lua	0	768	768	32	256	64	0	32	0	384	80	12	0	0	0		1	0	0	
1811939366	scripts/ai/StandardAI.lua	0	768	768	32	256	64	0	32	0	384	80	13	0	0	0		1	0	0	
1811939367	scripts/ai/StandardAI.lua	0	768	768	32	256	64	0	32	0	384	80	14	0	0	0		1	0	0	
1811939368	scripts/ai/StandardAI.lua	0	768	768	32	256	64	0	32	0	384	80	15	0	0	0		1	0	0	
1811939369	scripts/ai/StandardAI.lua	0	768	768	32	256	64	0	32	0	384	80	16	0	0	0		1	0	0	
1811939370	scripts/ai/StandardAI.lua	0	768	768	32	256	64	0	32	0	384	80	0	0	0	0		1	0	0	
1811939371	scripts/ai/StandardAI.lua	0	768	768	32	256	64	0	32	0	384	80	17	0	0	0		1	0	0	
1811939372	scripts/ai/StandardAI.lua	0	768	768	32	256	64	0	32	0	384	80	18	0	0	0		1	0	0	
1811939373	scripts/ai/StandardAI.lua	0	768	768	32	256	64	0	32	0	384	80	19	0	0	0		1	0	0	
1811939374	scripts/ai/StandardAI.lua	0	768	768	32	256	64	0	32	0	384	80	20	0	0	0		1	0	0	
1811939375	scripts/ai/StandardAI.lua	1	768	768	32	256	64	0	32	0	384	80	24	0	0	0		1	0	1	
1811939376	scripts/ai/StandardAI.lua	1	768	768	32	256	64	0	32	0	384	80	25	0	0	0		1	0	1	
1811939377	scripts/ai/StandardAI.lua	1	768	768	32	256	64	0	32	0	384	80	26	0	0	0		1	0	1	
1811939378	scripts/ai/StandardAI.lua	1	768	768	32	256	64	0	32	0	384	80	27	0	1	0		1	0	1	
1811939379	scripts/ai/StandardAI.lua	1	768	768	32	256	64	0	32	0	384	80	28	0	2	0		1	0	1	
1811939380	scripts/ai/StandardAI.lua	0	768	768	32	256	64	0	32	0	384	80	30	0	0	0		1	0	0	
1811939381	scripts/ai/StandardAI.lua	0	768	768	32	256	64	0	32	0	384	80	31	0	0	0		1	0	0	
1811939382	scripts/ai/StandardAI.lua	0	768	768	32	256	64	0	32	0	384	80	36	0	0	0		1	0	0	
1811939383	scripts/ai/StandardAI.lua	0	768	768	32	256	64	0	32	0	384	80	33	0	0	0		1	0	0	
1811939384	scripts/ai/StandardAI.lua	0	768	768	32	256	64	0	32	0	384	80	34	0	0	0		1	0	0	
1811939385	scripts/ai/StandardAI.lua	0	768	768	32	256	64	0	32	0	384	80	35	0	0	0		1	0	0	
1811939386	scripts/ai/StandardAI.lua	0	768	768	32	256	64	0	32	0	384	80	32	0	1	0		1	0	0	
1811939387	scripts/ai/StandardAI.lua	0	768	768	32	256	64	0	32	0	384	80	59	0	0	0		1	0	0	
1811939388	scripts/ai/StandardAI.lua	1	768	768	32	256	64	0	32	0	384	80	121	0	0	0		1	0	1	
1811939389	scripts/ai/StandardAI.lua	1	768	768	32	256	64	0	32	0	384	80	116	0	0	0		1	0	1	
1811939390	scripts/ai/StandardAI.lua	1	768	768	32	256	64	0	32	0	384	80	120	0	0	0		1	0	1	
1811939391	scripts/ai/StandardAI.lua	1	768	768	32	256	64	0	32	0	384	80	122	0	0	0		1	0	1	
1811939392	scripts/ai/StandardAI.lua	1	768	768	32	256	64	0	32	0	384	80	50	0	0	0		1	0	1	
1811939393	scripts/ai/StandardAI.lua	1	768	768	32	256	64	0	32	0	384	80	244	0	0	0		1	0	1	
1811939394	scripts/ai/StandardAI.lua	1	768	768	32	256	64	0	32	0	384	80	113	0	0	0		1	0	1	
1811939395	scripts/ai/StandardAI.lua	1	768	768	32	256	64	0	32	0	384	80	114	0	0	0		1	0	1	
1811939396	scripts/ai/StandardAI.lua	1	768	768	32	256	64	0	32	0	384	80	38	0	2	0		1	0	1	
1811939397	scripts/ai/StandardAI.lua	1	768	768	32	256	64	0	32	0	384	80	39	0	0	0		1	0	1	
1811939398	scripts/ai/StandardAI.lua	1	768	768	32	256	64	0	32	0	384	80	40	0	0	0		1	0	1	
1811939399	scripts/ai/StandardAI.lua	1	768	768	32	256	64	0	32	0	384	80	47	0	0	0		1	0	1	
1811939400	scripts/ai/StandardAI.lua	1	768	768	32	256	64	0	32	0	384	80	46	0	0	0		1	0	1	
1811939401	scripts/ai/StandardAI.lua	1	768	768	32	256	64	0	32	0	384	80	45	0	0	0		1	0	1	
1811939402	scripts/ai/StandardAI.lua	1	768	768	32	256	64	0	32	0	384	80	43	0	0	0		1	0	1	
1811939403	scripts/ai/StandardAI.lua	1	768	768	32	256	64	0	32	0	384	80	44	0	0	0		1	0	1	
1811939404	scripts/ai/StandardAI.lua	1	768	768	32	256	64	0	32	0	384	80	42	0	0	0		1	0	1	
1811939405	scripts/ai/StandardAI.lua	1	768	768	32	256	64	0	32	0	384	80	41	0	0	0		1	0	1	
1811939406	scripts/ai/StandardAI.lua	1	768	768	32	256	64	0	32	0	384	80	48	0	0	0		1	0	1	
1811939407	scripts/ai/StandardAI.lua	0	768	768	32	256	64	0	32	0	384	80	51	0	0	0		1	0	0	
1811939408	scripts/ai/StandardAI.lua	0	768	768	32	256	64	0	32	0	384	80	52	0	0	0		1	0	0	
1811939409	scripts/ai/StandardAI.lua	0	768	768	32	256	64	0	32	0	384	80	53	0	0	0		1	0	0	
1811939410	scripts/ai/StandardAI.lua	0	768	768	32	256	64	0	32	0	384	80	54	0	0	0		1	0	0	
1811939411	scripts/ai/StandardAI.lua	1	768	768	32	256	64	0	32	0	384	80	57	0	0	0		1	0	1	
1811939412	scripts/ai/StandardAI.lua	0	768	768	32	256	64	0	32	0	384	80	61	0	0	0		1	0	0	
1811939413	scripts/ai/StandardAI.lua	0	768	768	32	256	64	0	32	0	384	80	62	0	0	0		1	0	0	
1811939414	scripts/ai/StandardAI.lua	0	768	768	32	256	64	960	32	512	384	80	65	30	2	0		1	0	0	
1811939415	scripts/ai/StandardAI.lua	0	768	768	32	256	64	960	32	512	384	80	65	30	3	0		1	0	0	
1811939416	scripts/ai/StandardAI.lua	0	768	768	32	256	64	960	32	512	384	80	63	30	1	0		1	0	0	
1811939417	scripts/ai/StandardAI.lua	0	768	768	32	256	64	960	32	512	384	80	63	30	3	0		1	0	0	
1811939418	scripts/ai/StandardAI.lua	0	768	768	32	256	64	960	32	512	384	80	63	30	2	0		1	0	0	
1811939419	scripts/ai/StandardAI.lua	0	768	768	32	256	64	960	32	512	384	80	64	30	1	0		1	0	0	
1811939420	scripts/ai/StandardAI.lua	0	768	768	32	256	64	960	32	512	384	80	64	30	3	0		1	0	0	
1811939421	scripts/ai/StandardAI.lua	0	768	768	32	256	64	960	32	512	384	80	64	30	2	0		1	0	0	
1811939422	scripts/ai/StandardAI.lua	0	768	768	32	256	64	960	32	512	384	80	65	30	1	0		1	0	0	
1811939423	scripts/ai/StandardAI.lua	0	768	768	32	256	64	960	32	512	384	80	66	30	1	0		1	0	0	
1811939424	scripts/ai/StandardAI.lua	0	768	768	32	256	64	960	32	512	384	80	66	30	2	0		1	0	0	
1811939425	scripts/ai/StandardAI.lua	0	768	768	32	256	64	960	32	512	384	80	66	30	3	0		1	0	0	
1811939426	scripts/ai/StandardAI.lua	0	768	768	32	256	64	960	32	512	0	80	106	30	0	0		1	0	0	
1811939427	scripts/ai/StandardAI.lua	1	768	768	32	256	64	0	32	0	384	80	107	0	0	0		1	0	1	
1811939428	scripts/ai/StandardAI.lua	1	768	768	32	256	64	0	32	0	384	80	108	0	0	0		1	0	1	
1811939429	scripts/ai/StandardAI.lua	1	768	768	32	256	64	0	32	0	384	80	109	0	0	0		1	0	1	
1811939430	scripts/ai/StandardAI.lua	1	768	768	32	256	64	0	32	0	384	80	110	0	0	0		1	0	1	
1811939431	scripts/ai/StandardAI.lua	1	768	768	32	256	64	0	32	0	384	80	111	0	0	0		1	0	1	
1811939432	scripts/ai/StandardAI.lua	1	768	768	32	256	64	0	32	0	384	80	112	0	0	0		1	0	1	
1811939433	scripts/ai/StandardAI.lua	1	768	768	32	256	64	0	32	0	384	80	117	0	0	0		1	0	1	
1811939434	scripts/ai/StandardAI.lua	1	768	768	32	256	64	0	32	0	384	80	118	0	0	0		1	0	1	
1811939435	scripts/ai/StandardAI.lua	1	768	768	32	256	64	0	32	0	384	80	119	0	0	0		1	0	1	
1811939436	scripts/ai/StandardAI.lua	1	768	768	32	256	64	0	32	0	384	80	519	0	0	0		1	0	1	
1811939437	scripts/ai/StandardAI.lua	1	768	768	32	256	64	0	32	0	384	80	123	0	0	0		1	0	1	
1811939438	scripts/ai/StandardAI.lua	1	768	768	32	256	64	0	32	0	384	80	124	0	0	0		1	0	1	
1811939439	scripts/ai/StandardAI.lua	1	768	768	32	256	64	0	32	0	384	80	125	0	0	0		1	0	1	
1811939440	scripts/ai/StandardAI.lua	1	768	768	32	256	64	0	32	0	384	80	126	0	0	0		1	0	1	
1811939441	scripts/ai/StandardAI.lua	1	768	768	32	256	64	0	32	0	384	80	127	0	0	0		1	0	1	
1811939442	scripts/ai/StandardAI.lua	1	768	768	32	256	64	0	32	0	384	80	129	0	0	0		1	0	1	
1811939443	scripts/ai/StandardAI.lua	0	768	768	32	256	64	0	32	0	384	80	142	0	0	0		1	0	0	
1811939444	scripts/ai/StandardAI.lua	0	768	768	32	256	64	0	32	0	384	80	143	0	0	0		1	0	0	
1811939445	scripts/ai/StandardAI.lua	0	768	768	32	256	64	0	32	0	384	80	144	0	1	0		1	0	0	
1811939446	scripts/ai/StandardAI.lua	0	768	768	32	256	64	0	32	0	384	80	145	0	1	0		1	0	0	
1811939447	scripts/ai/StandardAI.lua	0	768	768	32	256	64	0	32	0	384	80	146	0	0	0		1	0	0	
1811939448	scripts/ai/StandardAI.lua	1	768	768	32	256	64	0	32	0	384	80	147	0	2	0		1	0	1	
1811939449	scripts/ai/StandardAI.lua	1	768	768	32	256	64	0	32	0	384	80	147	0	3	0		1	0	1	
1811939450	scripts/ai/StandardAI.lua	1	768	768	32	256	64	0	32	0	384	80	147	0	4	0		1	0	1	
1811939451	scripts/ai/StandardAI.lua	0	768	768	32	256	64	0	32	0	384	80	147	0	5	0		1	0	0	
1811939452	scripts/ai/StandardAI.lua	0	768	768	32	256	64	0	32	0	384	80	147	0	6	0		1	0	0	
1811939453	scripts/ai/StandardAI.lua	0	768	768	32	256	64	0	32	0	384	80	147	0	1	0		1	0	0	
1811939454	scripts/ai/StandardAI.lua	0	768	768	32	256	64	0	32	0	384	80	148	0	0	0		1	0	0	
1811939455	scripts/ai/StandardAI.lua	0	768	768	32	256	64	0	32	0	384	80	149	0	0	0		1	0	0	
1811939456	scripts/ai/StandardAI.lua	0	768	768	32	256	64	0	32	0	384	80	151	0	0	0		1	0	0	
1811939457	scripts/ai/StandardAI.lua	0	768	768	32	256	64	0	32	0	384	80	150	0	0	0		1	0	0	
1811939458	scripts/ai/StandardAI.lua	0	768	768	32	256	64	0	32	0	384	80	152	0	0	0		1	0	0	
1811939459	scripts/ai/StandardAI.lua	0	768	768	32	256	64	0	32	0	384	80	153	0	0	0		1	0	0	
1811939460	scripts/ai/StandardAI.lua	1	768	768	32	256	64	0	32	0	384	80	184	0	0	0		1	0	1	
1811939461	scripts/ai/StandardAI.lua	1	768	768	32	256	64	0	32	0	384	80	154	0	0	0		1	0	1	
1811939462	scripts/ai/StandardAI.lua	1	768	768	32	256	64	0	32	512	384	80	449	0	0	0		1	0	1	
1811939463	scripts/ai/StandardAI.lua	1	768	768	32	256	64	0	32	512	384	80	506	0	2	0		1	0	1	
1811939464	scripts/ai/StandardAI.lua	1	768	768	32	256	64	0	32	0	384	80	446	0	1	0		1	0	1	
1811939465	scripts/ai/StandardAI.lua	1	768	768	32	256	64	0	32	512	384	80	448	0	0	0		1	0	1	
1811939466	scripts/ai/StandardAI.lua	1	768	768	32	256	64	0	32	0	384	80	0	0	0	0		1	0	0	
1811939467	scripts/ai/StandardAI.lua	0	768	768	32	256	64	0	32	0	384	80	181	0	0	0		1	0	0	
1811939468	scripts/ai/StandardAI.lua	0	768	768	32	256	64	0	32	0	384	80	183	0	0	0		1	0	0	
1811939469	scripts/ai/StandardAI.lua	1	768	768	32	256	64	0	32	0	384	80	452	0	0	0		1	0	1	
1811939470	scripts/ai/StandardAI.lua	1	768	768	32	256	64	0	32	0	384	80	157	0	0	0		1	0	1	
1811939471	scripts/ai/StandardAI.lua	1	768	768	32	256	64	0	32	0	384	80	158	0	0	0		1	0	1	
1811939472	scripts/ai/StandardAI.lua	1	768	768	32	256	64	0	32	0	384	80	159	0	0	0		1	0	1	
1811939473	scripts/ai/StandardAI.lua	1	768	768	32	256	64	0	32	0	384	80	160	0	0	0		1	0	1	
1811939474	scripts/ai/StandardAI.lua	1	768	768	32	256	64	0	32	0	384	80	161	0	0	0		1	0	1	
1811939475	scripts/ai/StandardAI.lua	1	768	768	32	256	64	0	32	0	384	80	162	0	0	0		1	0	1	
1811939476	scripts/ai/StandardAI.lua	1	768	768	32	256	64	0	32	0	384	80	163	0	0	0		1	0	1	
1811939477	scripts/ai/StandardAI.lua	1	768	768	32	256	64	0	32	0	384	80	164	0	4	0		1	0	1	
1811939478	scripts/ai/StandardAI.lua	1	768	768	32	256	64	0	32	0	384	80	164	0	3	0		1	0	1	
1811939479	scripts/ai/StandardAI.lua	1	768	768	32	256	64	0	32	0	384	80	164	0	2	0		1	0	1	
1811939480	scripts/ai/StandardAI.lua	1	768	768	32	256	64	0	32	0	384	80	164	0	5	0		1	0	1	
1811939481	scripts/ai/StandardAI.lua	1	768	768	32	256	64	0	32	0	384	80	164	0	6	0		1	0	1	
1811939482	scripts/ai/StandardAI.lua	1	768	768	32	256	64	0	32	0	384	80	164	0	1	0		1	0	1	
1811939483	scripts/ai/StandardAI.lua	1	768	768	32	256	64	0	32	0	384	80	165	0	0	0		1	0	1	
1811939484	scripts/ai/StandardAI.lua	1	768	768	32	256	64	960	32	512	0	80	166	30	2	0		1	0	0	
1811939485	scripts/ai/StandardAI.lua	0	768	768	32	256	64	0	32	0	384	80	0	0	1	0		1	0	0	
1811939486	scripts/ai/StandardAI.lua	1	768	768	32	256	64	960	32	512	0	80	167	30	2	0		1	0	0	
1811939487	scripts/ai/StandardAI.lua	1	768	768	32	256	64	0	32	512	384	80	0	0	0	0		1	0	0	
1811939488	scripts/ai/StandardAI.lua	1	768	768	32	256	64	960	32	512	0	80	170	30	2	0		1	0	0	
1811939489	scripts/ai/StandardAI.lua	1	768	768	32	256	64	960	32	512	0	80	169	30	0	0		1	0	0	
1811939490	scripts/ai/StandardAI.lua	0	768	768	32	256	64	960	32	512	0	80	168	30	0	0		1	0	0	
1811939491	scripts/ai/StandardAI.lua	0	768	768	32	256	64	960	32	512	0	80	171	30	0	0		1	0	0	
1811939492	scripts/ai/StandardAI.lua	1	768	768	32	256	64	960	32	512	0	80	172	30	0	0		1	0	0	
1811939493	scripts/ai/StandardAI.lua	1	768	768	32	256	64	0	32	0	384	80	515	0	2	0		1	0	1	
1811939494	scripts/ai/StandardAI.lua	1	768	768	32	256	64	0	32	0	384	80	515	0	3	0		1	0	1	
1811939495	scripts/ai/StandardAI.lua	1	768	768	32	256	64	0	32	0	384	80	174	0	0	0		1	0	1	
1811939496	scripts/ai/StandardAI.lua	1	768	768	32	256	64	0	32	0	384	80	175	0	0	0		1	0	1	
1811939497	scripts/ai/StandardAI.lua	1	768	768	32	256	64	0	32	0	384	80	176	0	0	0		1	0	1	
1811939498	scripts/ai/StandardAI.lua	1	768	768	32	256	64	0	32	0	384	80	179	0	0	0		1	0	0	
1811939499	scripts/ai/StandardAI.lua	1	768	768	32	256	64	0	32	0	384	80	276	0	0	0		1	0	1	
1811939500	scripts/ai/StandardAI.lua	1	768	768	32	256	64	0	32	0	384	80	185	0	0	0		1	0	1	
1811939501	scripts/ai/StandardAI.lua	1	768	768	32	256	64	0	32	0	384	80	186	0	0	0		1	0	1	
1811939502	scripts/ai/StandardAI.lua	1	768	768	32	256	64	0	32	0	384	80	213	0	0	0		1	0	1	
1811939503	scripts/ai/StandardAI.lua	1	768	768	32	256	64	0	32	0	384	80	187	0	1	0		1	0	1	
1811939504	scripts/ai/StandardAI.lua	1	768	768	32	256	64	0	32	0	384	80	214	0	1	0		1	0	1	
1811939505	scripts/ai/StandardAI.lua	1	768	768	32	256	64	0	32	0	384	80	188	0	1	0		1	0	1	
1811939506	scripts/ai/StandardAI.lua	1	768	768	32	256	64	0	32	0	384	80	189	0	0	0		1	0	1	
1811939507	scripts/ai/StandardAI.lua	1	768	768	32	256	64	0	32	0	384	80	215	0	0	0		1	0	1	
1811939508	scripts/ai/StandardAI.lua	1	768	768	32	256	64	0	32	0	384	80	190	0	1	0		1	0	1	
1811939509	scripts/ai/StandardAI.lua	1	768	768	32	256	64	0	32	0	384	80	191	0	1	0		1	0	1	
1811939510	scripts/ai/StandardAI.lua	1	768	768	32	256	64	0	32	0	384	80	192	0	0	0		1	0	1	
1811939511	scripts/ai/StandardAI.lua	0	768	768	32	256	64	960	32	512	0	80	190	30	2	0		1	0	0	
1811939512	scripts/ai/StandardAI.lua	0	768	768	32	256	64	960	32	512	0	80	214	30	2	0		1	0	0	
1811939513	scripts/ai/StandardAI.lua	1	768	768	32	256	64	960	32	512	0	80	193	30	2	0		1	0	0	
1811939514	scripts/ai/StandardAI.lua	1	768	768	32	256	64	960	32	512	0	80	199	30	0	0		1	0	0	
1811939515	scripts/ai/StandardAI.lua	1	768	768	32	256	64	960	32	512	0	80	210	30	0	0		1	0	0	
1811939516	scripts/ai/StandardAI.lua	1	768	768	32	256	64	960	32	512	0	80	200	30	0	0		1	0	0	
1811939517	scripts/ai/StandardAI.lua	1	768	768	32	256	64	960	32	512	0	80	195	30	2	0		1	0	0	
1811939518	scripts/ai/StandardAI.lua	1	768	768	32	256	64	960	32	512	0	80	212	30	0	0		1	0	0	
1811939519	scripts/ai/StandardAI.lua	1	768	768	32	256	64	960	32	512	0	80	194	30	0	0		1	0	0	
1811939520	scripts/ai/StandardAI.lua	0	768	768	32	256	64	960	32	512	0	80	187	30	0	0		1	0	0	
1811939521	scripts/ai/StandardAI.lua	0	768	768	32	256	64	960	32	512	0	80	188	30	2	0		1	0	0	
1811939522	scripts/ai/StandardAI.lua	1	768	768	32	256	64	960	32	512	0	80	191	30	2	0		1	0	0	
1811939523	scripts/ai/StandardAI.lua	1	768	768	32	256	64	960	32	512	0	80	193	30	5	0		1	0	0	
1811939524	scripts/ai/StandardAI.lua	1	768	768	32	256	64	960	32	512	0	80	193	30	4	0		1	0	0	
1811939525	scripts/ai/StandardAI.lua	1	768	768	32	256	64	960	32	512	0	80	193	30	1	0		1	0	0	
1811939526	scripts/ai/StandardAI.lua	1	768	768	32	256	64	960	32	512	0	80	193	30	3	0		1	0	0	
1811939527	scripts/ai/StandardAI.lua	1	768	768	32	256	64	960	32	512	0	80	211	30	0	0		1	0	0	
1811939528	scripts/ai/StandardAI.lua	1	768	768	32	256	64	960	32	512	0	80	195	30	1	0		1	0	0	
1811939529	scripts/ai/StandardAI.lua	1	768	768	32	256	64	960	32	512	0	80	196	30	1	0		1	0	0	
1811939530	scripts/ai/StandardAI.lua	1	768	768	32	256	64	960	32	512	0	80	196	30	2	0		1	0	0	
1811939531	scripts/ai/StandardAI.lua	1	768	768	32	256	64	960	32	512	0	80	197	30	1	0		1	0	0	
1811939532	scripts/ai/StandardAI.lua	1	768	768	32	256	64	960	32	512	0	80	198	30	1	0		1	0	0	
1811939533	scripts/ai/StandardAI.lua	1	768	768	32	256	64	960	32	512	0	80	198	30	2	0		1	0	0	
1811939534	scripts/ai/StandardAI.lua	1	768	768	32	256	64	0	32	0	384	80	201	0	0	0		1	0	1	
1811939535	scripts/ai/StandardAI.lua	1	768	768	32	256	64	0	32	0	384	80	202	0	0	0		1	0	1	
1811939536	scripts/ai/StandardAI.lua	1	768	768	32	256	64	0	32	0	384	80	203	0	0	0		1	0	1	
1811939537	scripts/ai/StandardAI.lua	1	768	768	32	256	64	0	32	0	384	80	204	0	0	0		1	0	1	
1811939538	scripts/ai/StandardAI.lua	1	768	768	32	256	64	0	32	0	384	80	205	0	0	0		1	0	1	
1811939539	scripts/ai/StandardAI.lua	1	768	768	32	256	64	0	32	0	384	80	206	0	0	0		1	0	1	
1811939540	scripts/ai/StandardAI.lua	1	768	768	32	256	64	0	32	0	384	80	207	0	0	0		1	0	1	
1811939541	scripts/ai/StandardAI.lua	1	768	768	32	256	64	0	32	0	384	80	208	0	0	0		1	0	1	
1811939542	scripts/ai/StandardAI.lua	1	768	768	32	256	64	0	32	0	384	80	209	0	0	0		1	0	1	
1811939543	scripts/ai/StandardAI.lua	1	768	768	32	256	64	0	32	0	384	80	227	0	1	0		1	0	1	
1811939544	scripts/ai/StandardAI.lua	1	768	768	32	256	64	0	32	0	384	80	216	0	0	0		1	0	1	
1811939545	scripts/ai/StandardAI.lua	1	768	768	32	256	64	0	32	0	384	80	217	0	0	0		1	0	1	
1811939546	scripts/ai/StandardAI.lua	1	768	768	32	256	64	0	32	0	384	80	218	0	0	0		1	0	1	
1811939547	scripts/ai/StandardAI.lua	1	768	768	32	256	64	0	32	0	384	80	219	0	0	0		1	0	1	
1811939548	scripts/ai/StandardAI.lua	1	768	768	32	256	64	0	32	0	384	80	481	0	0	0		1	0	1	
1811939549	scripts/ai/StandardAI.lua	1	768	768	32	256	64	0	32	0	384	80	220	0	0	0		1	0	1	
1811939550	scripts/ai/StandardAI.lua	1	768	768	32	256	64	0	32	0	384	80	222	0	0	0		1	0	1	
1811939551	scripts/ai/StandardAI.lua	1	768	768	32	256	64	0	32	0	384	80	224	0	0	0		1	0	1	
1811939552	scripts/ai/StandardAI.lua	1	768	768	32	256	64	0	32	0	384	80	223	0	0	0		1	0	1	
1811939553	scripts/ai/StandardAI.lua	1	768	768	32	256	64	0	32	0	384	80	221	0	0	0		1	0	1	
1811939554	scripts/ai/StandardAI.lua	1	768	768	32	256	64	0	32	0	384	80	225	0	0	0		1	0	1	
1811939555	scripts/ai/StandardAI.lua	1	768	768	32	256	64	0	32	0	384	80	226	0	0	0		1	0	1	
1811939556	scripts/ai/StandardAI.lua	1	768	768	32	256	64	0	32	0	384	80	227	0	5	0		1	0	1	
1811939557	scripts/ai/StandardAI.lua	1	768	768	32	256	64	0	32	0	384	80	227	0	7	0		1	0	1	
1811939558	scripts/ai/StandardAI.lua	1	768	768	32	256	64	0	32	0	384	80	227	0	8	0		1	0	1	
1811939559	scripts/ai/StandardAI.lua	1	768	768	32	256	64	0	32	0	384	80	227	0	6	0		1	0	1	
1811939560	scripts/ai/StandardAI.lua	1	768	768	32	256	64	0	32	0	384	80	227	0	4	0		1	0	1	
1811939561	scripts/ai/StandardAI.lua	1	768	768	32	256	64	0	32	0	384	80	227	0	2	0		1	0	1	
1811939562	scripts/ai/StandardAI.lua	1	768	768	32	256	64	0	32	0	384	80	227	0	3	0		1	0	1	
1811939563	scripts/ai/StandardAI.lua	1	768	768	32	256	64	0	32	0	384	80	228	0	0	0		1	0	1	
1811939564	scripts/ai/StandardAI.lua	1	768	768	32	256	64	0	32	0	384	80	229	0	1	0		1	0	1	
1811939565	scripts/ai/StandardAI.lua	1	768	768	32	256	64	0	32	0	384	80	229	0	2	0		1	0	1	
1811939566	scripts/ai/StandardAI.lua	1	768	768	32	256	64	0	32	0	384	80	229	0	3	0		1	0	1	
1811939567	scripts/ai/StandardAI.lua	1	768	768	32	256	64	0	32	0	384	80	230	0	0	0		1	0	1	
1811939568	scripts/ai/StandardAI.lua	1	768	768	32	256	64	0	32	0	384	80	231	0	0	0		1	0	1	
1811939569	scripts/ai/StandardAI.lua	1	768	768	32	256	64	0	32	0	384	80	232	0	0	0		1	0	1	
1811939570	scripts/ai/StandardAI.lua	1	768	768	32	256	64	0	32	0	384	80	233	0	0	0		1	0	1	
1811939571	scripts/ai/StandardAI.lua	1	768	768	32	256	64	0	32	0	384	80	234	0	0	0		1	0	1	
1811939572	scripts/ai/StandardAI.lua	1	768	768	32	256	64	0	32	0	384	80	235	0	0	0		1	0	1	
1811939573	scripts/ai/StandardAI.lua	0	768	768	32	256	64	960	32	512	0	80	239	30	0	0		1	0	0	
1811939574	scripts/ai/StandardAI.lua	1	768	768	32	256	64	960	32	512	0	80	236	30	0	0		1	0	0	
1811939575	scripts/ai/StandardAI.lua	1	768	768	32	256	64	960	32	512	0	80	238	30	0	0		1	0	0	
1811939576	scripts/ai/StandardAI.lua	0	768	768	32	256	64	960	32	512	0	80	240	30	0	0		1	0	0	
1811939577	scripts/ai/StandardAI.lua	0	768	768	32	256	64	960	32	512	0	80	241	30	0	0		1	0	0	
1811939578	scripts/ai/StandardAI.lua	0	768	768	32	256	64	960	32	512	0	80	242	30	0	0		1	0	0	
1811939579	scripts/ai/StandardAI.lua	1	768	768	32	256	64	0	32	0	384	80	243	0	0	0		1	0	1	
1811939580	scripts/ai/StandardAI.lua	1	768	768	32	256	64	0	32	0	384	80	517	0	0	0		1	0	1	
1811939581	scripts/ai/StandardAI.lua	1	768	768	32	256	64	0	32	0	384	80	245	0	0	0		1	0	1	
1811939582	scripts/ai/StandardAI.lua	1	768	768	32	256	64	0	32	0	384	80	248	0	0	0		1	0	1	
1811939583	scripts/ai/StandardAI.lua	1	768	768	32	256	64	0	32	0	384	80	249	0	0	0		1	0	1	
1811939584	scripts/ai/StandardAI.lua	1	768	768	32	256	64	0	32	512	384	80	250	0	0	0		1	0	1	
1811939585	scripts/ai/StandardAI.lua	1	768	768	32	256	64	0	32	512	384	80	253	0	0	0		1	0	1	
1811939586	scripts/ai/StandardAI.lua	1	768	768	32	256	64	0	32	0	384	80	251	0	0	0		1	0	1	
1811939587	scripts/ai/StandardAI.lua	1	768	768	32	256	64	0	32	512	384	80	252	0	0	0		1	0	1	
1811939588	scripts/ai/StandardAI.lua	1	768	768	32	256	64	0	32	0	384	80	254	0	1	0		1	0	1	
1811939589	scripts/ai/StandardAI.lua	1	768	768	32	256	64	0	32	512	384	80	254	0	2	0		1	0	1	
1811939590	scripts/ai/StandardAI.lua	1	768	768	32	256	64	0	32	0	384	80	255	0	0	0		1	0	1	
1811939591	scripts/ai/StandardAI.lua	0	768	768	32	256	64	0	32	0	384	80	271	0	0	0		1	0	0	
1811939592	scripts/ai/StandardAI.lua	0	768	768	32	256	64	0	32	512	384	80	0	0	0	0		1	0	0	
1811939593	scripts/ai/StandardAI.lua	0	768	768	32	256	64	0	32	768	384	80	0	0	0	0		1	0	0	
1811939594	scripts/ai/StandardAI.lua	0	768	768	32	256	64	0	32	512	384	80	272	0	0	0		1	0	0	
1811939595	scripts/ai/StandardAI.lua	0	768	768	32	256	64	0	32	0	384	80	270	0	0	0		1	0	0	
1811939596	scripts/ai/StandardAI.lua	0	768	768	32	256	64	0	32	0	384	80	269	0	0	0		1	0	0	
1811939597	scripts/ai/StandardAI.lua	1	768	768	32	256	64	0	32	0	384	80	257	0	0	0		1	0	1	
1811939598	scripts/ai/StandardAI.lua	1	768	768	32	256	64	0	32	0	384	80	256	0	0	0		1	0	1	
1811939599	scripts/ai/StandardAI.lua	1	768	768	32	256	64	0	32	0	384	80	258	0	3	0		1	0	1	
1811939600	scripts/ai/StandardAI.lua	1	768	768	32	256	64	0	32	0	384	80	258	0	2	0		1	0	1	
1811939601	scripts/ai/StandardAI.lua	1	768	768	32	256	64	0	32	0	384	80	268	0	0	0		1	0	1	
1811939602	scripts/ai/StandardAI.lua	1	768	768	32	256	64	0	32	0	384	80	260	0	0	0		1	0	1	
1811939603	scripts/ai/StandardAI.lua	1	768	768	32	256	64	0	32	0	384	80	261	0	0	0		1	0	1	
1811939604	scripts/ai/StandardAI.lua	0	768	768	32	256	64	960	32	512	0	80	262	30	0	0		1	0	0	
1811939605	scripts/ai/StandardAI.lua	1	768	768	32	256	64	0	32	0	384	80	263	0	0	0		1	0	1	
1811939606	scripts/ai/StandardAI.lua	1	768	768	32	256	64	0	32	0	384	80	265	0	2	0		1	0	1	
1811939607	scripts/ai/StandardAI.lua	1	768	768	32	256	64	0	32	0	384	80	264	0	0	0		1	0	1	
1811939608	scripts/ai/StandardAI.lua	1	768	768	32	256	64	0	32	0	384	80	265	0	3	0		1	0	1	
1811939609	scripts/ai/StandardAI.lua	1	768	768	32	256	64	0	32	0	384	80	266	0	3	0		1	0	1	
1811939610	scripts/ai/StandardAI.lua	1	768	768	32	256	64	0	32	0	384	80	266	0	2	0		1	0	1	
1811939611	scripts/ai/StandardAI.lua	1	768	768	32	256	64	0	32	0	384	80	267	0	0	0		1	0	1	
1811939612	scripts/ai/StandardAI.lua	1	768	768	32	256	64	0	32	0	384	80	274	0	0	0		1	0	1	
1811939613	scripts/ai/StandardAI.lua	1	768	768	32	256	64	0	32	0	384	80	275	0	0	0		1	0	1	
1811939614	scripts/ai/StandardAI.lua	1	768	768	32	256	64	0	32	0	384	80	38	0	1	0		1	0	1	
1811939615	scripts/ai/StandardAI.lua	1	768	768	32	256	64	0	32	0	384	80	278	0	0	0		1	0	1	
1811939616	scripts/ai/StandardAI.lua	1	768	768	32	256	64	0	32	0	384	80	277	0	0	0		1	0	1	
1811939617	scripts/ai/StandardAI.lua	0	768	768	32	256	64	0	32	0	384	80	173	0	0	0		1	0	0	
1811939618	scripts/ai/StandardAI.lua	0	768	768	32	256	64	0	32	0	384	80	280	0	0	0		1	0	0	
1811939619	scripts/ai/StandardAI.lua	0	768	768	32	256	64	0	32	0	384	80	294	0	0	0		1	0	0	
1811939620	scripts/ai/StandardAI.lua	0	768	768	32	256	64	0	32	0	384	80	292	0	0	0		1	0	0	
1811939621	scripts/ai/StandardAI.lua	0	768	768	32	256	64	0	32	0	384	80	289	0	0	0		1	0	0	
1811939622	scripts/ai/StandardAI.lua	0	768	768	32	256	64	0	32	0	384	80	285	0	0	0		1	0	0	
1811939623	scripts/ai/StandardAI.lua	0	768	768	32	256	64	0	32	0	384	80	288	0	0	0		1	0	0	
1811939624	scripts/ai/StandardAI.lua	0	768	768	32	256	64	0	32	0	384	80	287	0	0	0		1	0	0	
1811939625	scripts/ai/StandardAI.lua	0	768	768	32	256	64	0	32	0	384	80	283	0	0	0		1	0	0	
1811939626	scripts/ai/StandardAI.lua	0	768	768	32	256	64	0	32	0	384	80	282	0	0	0		1	0	0	
1811939627	scripts/ai/StandardAI.lua	0	768	768	32	256	64	0	32	216	384	80	0	0	0	0		1	0	0	
1811939628	scripts/ai/StandardAI.lua	0	768	768	32	256	64	0	32	0	384	80	295	0	0	0		1	0	0	
1811939629	scripts/ai/StandardAI.lua	0	768	768	32	256	64	0	32	0	384	80	291	0	0	0		1	0	0	
1811939630	scripts/ai/StandardAI.lua	0	768	768	32	256	64	0	32	256	384	80	0	0	0	0		1	0	0	
1811939631	scripts/ai/StandardAI.lua	0	768	768	32	256	64	960	32	512	384	80	0	30	0	0		1	0	0	
1811939632	scripts/ai/StandardAI.lua	0	768	768	32	256	64	960	32	0	384	80	297	30	1	0		1	0	0	
1811939633	scripts/ai/StandardAI.lua	0	768	768	32	256	64	960	32	0	384	80	297	30	2	0		1	0	0	
1811939634	scripts/ai/StandardAI.lua	0	768	768	32	256	64	960	32	0	384	80	297	30	3	0		1	0	0	
1811939635	scripts/ai/StandardAI.lua	0	768	768	32	256	64	960	32	0	384	80	297	30	4	0		1	0	0	
1811939636	scripts/ai/StandardAI.lua	0	768	768	32	256	64	960	32	512	384	80	298	30	0	0		1	0	0	
1811939637	scripts/ai/StandardAI.lua	0	768	768	32	256	64	0	32	0	384	80	132	0	0	0		1	0	0	
1811939638	scripts/ai/StandardAI.lua	0	768	768	32	256	64	0	32	0	384	80	133	0	0	0		1	0	0	
1811939639	scripts/ai/StandardAI.lua	0	768	768	32	256	64	0	32	0	384	80	134	0	0	0		1	0	0	
1811939640	scripts/ai/StandardAI.lua	0	768	768	32	256	64	0	32	0	384	80	299	0	0	0		1	0	0	
1811939641	scripts/ai/StandardAI.lua	0	768	768	32	256	64	0	32	0	384	80	300	0	0	0		1	0	0	
1811939642	scripts/ai/StandardAI.lua	0	768	768	32	256	64	0	32	0	384	80	301	0	0	0		1	0	0	
1811939643	scripts/ai/StandardAI.lua	1	768	768	32	256	64	0	32	0	384	80	434	0	1	0		1	0	1	
1811939644	scripts/ai/StandardAI.lua	1	768	768	32	256	64	0	32	0	384	80	434	0	3	0		1	0	1	
1811939645	scripts/ai/StandardAI.lua	1	768	768	32	256	64	0	32	0	384	80	435	0	0	0		1	0	1	
1811939646	scripts/ai/StandardAI.lua	0	768	768	32	256	64	960	32	0	384	80	302	30	2	0		1	0	0	
1811939647	scripts/ai/StandardAI.lua	0	768	768	32	256	64	960	32	0	384	80	302	30	4	0		1	0	0	
1811939648	scripts/ai/StandardAI.lua	0	768	768	32	256	64	960	32	0	384	80	302	30	3	0		1	0	0	
1811939649	scripts/ai/StandardAI.lua	0	768	768	32	256	64	960	32	0	384	80	303	30	1	0		1	0	0	
1811939650	scripts/ai/StandardAI.lua	0	768	768	32	256	64	960	32	0	384	80	303	30	2	0		1	0	0	
1811939651	scripts/ai/StandardAI.lua	0	768	768	32	256	64	960	32	0	384	80	304	30	2	0		1	0	0	
1811939652	scripts/ai/StandardAI.lua	0	768	768	32	256	64	960	32	0	384	80	304	30	4	0		1	0	0	
1811939653	scripts/ai/StandardAI.lua	0	768	768	32	256	64	960	32	0	384	80	304	30	3	0		1	0	0	
1811939654	scripts/ai/StandardAI.lua	0	768	768	32	256	64	960	32	0	384	80	305	30	0	0		1	0	0	
1811939655	scripts/ai/StandardAI.lua	1	768	768	32	256	64	960	32	0	384	80	307	30	0	0		1	0	1	
1811939656	scripts/ai/StandardAI.lua	1	768	768	32	256	64	0	32	0	384	80	306	0	2	0		1	0	1	
1811939657	scripts/ai/StandardAI.lua	1	768	768	32	256	64	0	32	0	384	80	306	0	1	0		1	0	1	
1811939658	scripts/ai/StandardAI.lua	1	768	768	32	256	64	0	32	0	384	80	308	0	0	0		1	0	1	
1811939659	scripts/ai/StandardAI.lua	1	768	768	32	256	64	0	32	512	384	80	309	0	0	0		1	0	1	
1811939660	scripts/ai/StandardAI.lua	1	768	768	32	256	64	960	32	512	384	80	0	30	0	0		1	0	1	
1811939661	scripts/ai/StandardAI.lua	1	768	768	32	256	64	960	32	0	384	80	310	30	0	0		1	0	1	
1811939662	scripts/ai/StandardAI.lua	0	768	768	32	256	64	960	32	0	384	80	311	30	0	0		1	0	0	
1811939663	scripts/ai/StandardAI.lua	1	768	768	32	256	64	0	32	0	384	80	312	0	0	0		1	0	1	
1811939664	scripts/ai/StandardAI.lua	1	768	768	32	256	96	960	32	0	384	80	314	50	0	0		1	0	1	
1811939665	scripts/ai/StandardAI.lua	1	768	768	32	256	96	960	32	512	384	80	0	50	0	0		1	0	1	
1811939666	scripts/ai/StandardAI.lua	1	768	768	32	256	64	0	32	0	384	80	313	0	0	0		1	0	1	
1811939667	scripts/ai/StandardAI.lua	0	768	768	32	256	64	960	32	0	384	80	315	30	0	0		1	0	0	
1811939668	scripts/ai/StandardAI.lua	1	768	768	32	256	64	0	32	0	384	80	316	0	0	0		1	0	1	
1811939669	scripts/ai/StandardAI.lua	1	768	768	32	256	96	960	32	0	384	80	318	50	0	0		1	0	1	
1811939670	scripts/ai/StandardAI.lua	1	768	768	32	256	64	0	32	0	384	80	317	0	0	0		1	0	1	
1811939671	scripts/ai/StandardAI.lua	1	768	768	32	256	96	960	32	0	384	80	319	50	0	0		1	0	1	
1811939672	scripts/ai/StandardAI.lua	0	768	768	32	256	64	0	32	0	384	80	319	0	2	0		1	0	0	
1811939673	scripts/ai/StandardAI.lua	0	768	768	32	256	64	0	32	0	384	80	320	0	0	0		1	0	0	
1811939674	scripts/ai/StandardAI.lua	0	768	768	32	256	64	0	32	0	384	80	321	0	0	0		1	0	0	
1811939675	scripts/ai/StandardAI.lua	0	768	768	32	256	64	0	32	0	384	80	322	0	0	0		1	0	0	
1811939676	scripts/ai/StandardAI.lua	1	768	768	32	256	64	0	32	0	384	80	323	0	0	0		1	0	1	
1811939677	scripts/ai/StandardAI.lua	0	768	768	32	256	64	960	32	0	384	80	324	30	0	0		1	0	0	
1811939678	scripts/ai/StandardAI.lua	1	768	768	32	256	64	0	32	0	384	80	325	0	0	0		1	0	1	
1811939679	scripts/ai/StandardAI.lua	1	768	768	32	256	96	960	32	0	384	80	326	50	0	0		1	0	1	
1811939680	scripts/ai/StandardAI.lua	0	768	768	32	256	64	960	32	0	384	80	327	30	0	0		1	0	0	
1811939681	scripts/ai/StandardAI.lua	0	768	768	32	256	64	0	32	0	384	80	328	0	2	0		1	0	0	
1811939682	scripts/ai/StandardAI.lua	0	768	768	32	256	64	0	32	0	384	80	328	0	0	0		1	0	0	
1811939683	scripts/ai/StandardAI.lua	0	768	768	32	256	64	0	32	0	384	80	328	0	4	0		1	0	0	
1811939684	scripts/ai/StandardAI.lua	0	768	768	32	256	64	0	32	0	384	80	328	0	5	0		1	0	0	
1811939685	scripts/ai/StandardAI.lua	0	768	768	32	256	64	0	32	0	384	80	328	0	6	0		1	0	0	
1811939686	scripts/ai/StandardAI.lua	0	768	768	32	256	64	0	32	0	384	80	329	0	0	0		1	0	0	
1811939687	scripts/ai/StandardAI.lua	0	768	768	32	256	64	0	32	0	384	80	329	0	3	0		1	0	0	
1811939688	scripts/ai/StandardAI.lua	0	768	768	32	256	64	0	32	0	384	80	329	0	2	0		1	0	0	
1811939689	scripts/ai/StandardAI.lua	0	768	768	32	256	64	960	32	0	384	80	330	30	0	0		1	0	0	
1811939690	scripts/ai/StandardAI.lua	0	768	768	32	256	64	0	32	0	384	80	331	0	0	0		1	0	0	
1811939691	scripts/ai/StandardAI.lua	0	768	768	32	256	64	0	32	0	384	80	331	0	4	0		1	0	0	
1811939692	scripts/ai/StandardAI.lua	0	768	768	32	256	64	0	32	0	384	80	331	0	5	0		1	0	0	
1811939693	scripts/ai/StandardAI.lua	0	768	768	32	256	64	960	32	0	384	80	332	30	0	0		1	0	0	
1811939694	scripts/ai/StandardAI.lua	0	768	768	32	256	64	960	32	0	384	80	333	30	0	0		1	0	0	
1811939695	scripts/ai/StandardAI.lua	0	768	768	32	256	64	960	32	0	384	80	334	30	0	0		1	0	0	
1811939696	scripts/ai/StandardAI.lua	0	768	768	32	256	64	960	32	0	384	80	335	30	0	0		1	0	0	
1811939697	scripts/ai/StandardAI.lua	0	768	768	32	256	64	960	32	0	384	80	335	30	2	0		1	0	0	
1811939698	scripts/ai/StandardAI.lua	1	768	768	32	256	64	0	32	0	384	80	336	0	1	0		1	0	1	
1811939699	scripts/ai/StandardAI.lua	1	768	768	32	256	64	0	32	0	384	80	336	0	2	0		1	0	1	
1811939700	scripts/ai/StandardAI.lua	0	768	768	32	256	64	0	32	0	384	80	337	0	0	0		1	0	0	
1811939701	scripts/ai/StandardAI.lua	0	768	768	32	256	64	0	32	0	384	80	337	0	1	0		1	0	0	
1811939702	scripts/ai/StandardAI.lua	1	768	768	32	256	64	0	32	0	384	80	337	0	2	0		1	0	1	
1811939703	scripts/ai/StandardAI.lua	0	768	768	32	256	64	0	32	0	384	80	339	0	6	0		1	0	0	
1811939704	scripts/ai/StandardAI.lua	0	768	768	32	256	64	0	32	0	384	80	339	0	2	0		1	0	0	
1811939705	scripts/ai/StandardAI.lua	1	768	768	32	256	64	0	32	0	384	80	339	0	0	0		1	0	1	
1811939706	scripts/ai/StandardAI.lua	1	768	768	32	256	64	0	32	0	384	80	339	0	5	0		1	0	1	
1811939707	scripts/ai/StandardAI.lua	0	768	768	32	256	64	0	32	0	384	80	339	0	0	0		1	0	0	
1811939708	scripts/ai/StandardAI.lua	0	768	768	32	256	64	0	32	0	384	80	339	0	1	0		1	0	0	
1811939709	scripts/ai/StandardAI.lua	1	768	768	32	256	64	0	32	0	384	80	340	0	2	0		1	0	1	
1811939710	scripts/ai/StandardAI.lua	1	768	768	32	256	64	0	32	0	384	80	340	0	1	0		1	0	1	
1811939711	scripts/ai/StandardAI.lua	1	768	768	32	256	64	0	32	0	384	80	341	0	0	0		1	0	1	
1811939712	scripts/ai/StandardAI.lua	1	768	768	32	256	64	0	32	0	384	80	342	0	0	0		1	0	1	
1811939713	scripts/ai/StandardAI.lua	0	768	768	32	256	64	960	32	0	384	80	343	30	1	0		1	0	0	
1811939714	scripts/ai/StandardAI.lua	0	768	768	32	256	64	960	32	0	384	80	343	30	2	0		1	0	0	
1811939715	scripts/ai/StandardAI.lua	0	768	768	32	256	64	960	32	0	384	80	344	30	0	0		1	0	0	
1811939716	scripts/ai/StandardAI.lua	0	768	768	32	256	64	960	32	0	384	80	345	30	0	0		1	0	0	
1811939717	scripts/ai/StandardAI.lua	0	768	768	32	256	64	960	32	0	384	80	346	30	0	0		1	0	0	
1811939718	scripts/ai/StandardAI.lua	0	768	768	32	256	64	960	32	0	384	80	347	30	0	0		1	0	0	
1811939719	scripts/ai/StandardAI.lua	0	768	768	32	256	64	960	32	0	384	80	348	30	0	0		1	0	0	
1811939720	scripts/ai/StandardAI.lua	0	768	768	32	256	64	960	32	0	384	80	349	30	0	0		1	0	0	
1811939721	scripts/ai/StandardAI.lua	0	768	768	32	256	64	960	32	0	384	80	350	30	0	0		1	0	0	
1811939722	scripts/ai/StandardAI.lua	1	768	768	32	256	64	0	32	0	384	80	352	0	1	0		1	0	1	
1811939723	scripts/ai/StandardAI.lua	0	768	768	32	256	64	0	32	0	384	80	352	0	2	0		1	0	0	
1811939724	scripts/ai/StandardAI.lua	1	768	768	32	256	160	0	32	0	384	80	351	0	0	0		1	0	1	
1811939725	scripts/ai/StandardAI.lua	1	768	768	32	256	160	0	32	512	384	80	0	0	0	0		1	0	1	
1811939726	scripts/ai/StandardAI.lua	0	768	768	32	256	64	0	32	0	384	80	488	0	0	0		1	0	0	
1811939727	scripts/ai/StandardAI.lua	1	768	768	32	256	64	0	32	0	384	80	353	0	1	0		1	0	1	
1811939728	scripts/ai/StandardAI.lua	0	768	768	32	256	64	0	32	0	384	80	353	0	2	0		1	0	0	
1811939729	scripts/ai/StandardAI.lua	0	768	768	32	256	64	960	32	0	384	80	354	30	2	0		1	0	0	
1811939730	scripts/ai/StandardAI.lua	0	768	768	32	256	64	960	32	0	384	80	354	30	1	0		1	0	0	
1811939731	scripts/ai/StandardAI.lua	0	768	768	32	256	64	960	32	0	384	80	355	30	0	0		1	0	0	
1811939732	scripts/ai/StandardAI.lua	0	768	768	32	256	64	960	32	0	384	80	356	30	0	0		1	0	0	
1811939733	scripts/ai/StandardAI.lua	0	768	768	32	256	64	960	32	0	384	80	357	30	0	0		1	0	0	
1811939734	scripts/ai/StandardAI.lua	0	768	768	32	256	64	960	32	0	384	80	358	30	0	0		1	0	0	
1811939735	scripts/ai/StandardAI.lua	0	768	768	32	256	64	960	32	0	384	80	360	30	0	0		1	0	0	
1811939736	scripts/ai/StandardAI.lua	0	768	768	32	256	64	960	32	0	384	80	359	30	0	0		1	0	0	
1811939737	scripts/ai/StandardAI.lua	0	768	768	32	256	64	960	32	0	384	80	361	30	0	0		1	0	0	
1811939738	scripts/ai/StandardAI.lua	0	768	768	32	256	64	960	32	0	384	80	362	30	2	0		1	0	0	
1811939739	scripts/ai/StandardAI.lua	0	768	768	32	256	64	960	32	0	384	80	362	30	1	0		1	0	0	
1811939740	scripts/ai/StandardAI.lua	1	768	768	32	256	64	0	32	0	384	80	363	0	0	0		1	0	1	
1811939741	scripts/ai/StandardAI.lua	0	768	768	32	256	64	0	32	0	384	80	364	0	2	0		1	0	0	
1811939742	scripts/ai/StandardAI.lua	1	768	768	32	256	64	0	32	0	384	80	364	0	1	0		1	0	1	
1811939743	scripts/ai/StandardAI.lua	1	768	768	32	256	64	0	32	0	384	80	365	0	2	0		1	0	1	
1811939744	scripts/ai/StandardAI.lua	1	768	768	32	256	64	0	32	0	384	80	365	0	1	0		1	0	1	
1811939745	scripts/ai/StandardAI.lua	0	768	768	32	256	64	960	32	0	384	80	366	30	0	0		1	0	0	
1811939746	scripts/ai/StandardAI.lua	0	768	768	32	256	64	960	32	0	384	80	367	30	0	0		1	0	0	
1811939747	scripts/ai/StandardAI.lua	0	768	768	32	256	64	960	32	0	384	80	368	30	0	0		1	0	0	
1811939748	scripts/ai/StandardAI.lua	0	768	768	32	256	64	960	32	512	384	80	369	30	0	0		1	0	0	
1811939749	scripts/ai/StandardAI.lua	0	768	768	32	256	64	960	32	0	384	80	370	30	2	0		1	0	0	
1811939750	scripts/ai/StandardAI.lua	0	768	768	32	256	64	960	32	0	384	80	370	30	1	0		1	0	0	
1811939751	scripts/ai/StandardAI.lua	0	768	768	32	256	64	960	32	0	384	80	371	30	1	0		1	0	0	
1811939752	scripts/ai/StandardAI.lua	0	768	768	32	256	64	960	32	0	384	80	371	30	2	0		1	0	0	
1811939753	scripts/ai/StandardAI.lua	0	768	768	32	256	64	960	32	0	384	80	371	30	3	0		1	0	0	
1811939754	scripts/ai/StandardAI.lua	0	768	768	32	256	64	0	32	0	384	80	372	0	1	0		1	0	0	
1811939755	scripts/ai/StandardAI.lua	0	768	768	32	256	64	0	32	0	384	80	372	0	2	0		1	0	0	
1811939756	scripts/ai/StandardAI.lua	1	768	768	32	256	64	0	32	0	384	80	373	0	0	0		1	0	1	
1811939757	scripts/ai/StandardAI.lua	0	768	768	32	256	64	960	32	0	384	80	0	30	0	0		1	0	0	
1811939758	scripts/ai/StandardAI.lua	0	768	768	32	256	64	960	32	0	384	80	375	30	2	0		1	0	0	
1811939759	scripts/ai/StandardAI.lua	0	768	768	32	256	64	960	32	0	384	80	375	30	1	0		1	0	0	
1811939760	scripts/ai/StandardAI.lua	0	768	768	32	256	64	960	32	0	384	80	376	30	0	0		1	0	0	
1811939761	scripts/ai/StandardAI.lua	1	768	768	32	256	160	0	32	0	384	80	377	0	0	0		1	0	1	
1811939762	scripts/ai/StandardAI.lua	1	768	768	32	256	160	0	32	0	384	80	378	0	0	0		1	0	1	
1811939763	scripts/ai/StandardAI.lua	0	768	768	32	256	64	960	32	0	384	80	379	30	0	0		1	0	0	
1811939764	scripts/ai/StandardAI.lua	0	768	768	32	256	64	960	32	0	384	80	380	30	0	0		1	0	0	
1811939765	scripts/ai/StandardAI.lua	0	768	768	32	256	64	960	32	0	384	80	381	30	0	0		1	0	0	
1811939766	scripts/ai/StandardAI.lua	1	768	768	32	256	160	0	32	0	384	80	382	0	0	0		1	0	1	
1811939767	scripts/ai/StandardAI.lua	1	768	768	32	256	160	0	32	0	384	80	383	0	0	0		1	0	1	
1811939768	scripts/ai/StandardAI.lua	0	768	768	32	256	64	960	32	0	384	80	384	30	0	0		1	0	0	
1811939769	scripts/ai/StandardAI.lua	0	768	768	32	256	64	960	32	0	384	80	385	30	0	0		1	0	0	
1811939770	scripts/ai/StandardAI.lua	0	768	768	32	256	64	960	32	0	384	80	386	30	0	0		1	0	0	
1811939771	scripts/ai/StandardAI.lua	0	768	768	32	256	64	960	32	0	384	80	387	30	0	0		1	0	0	
1811939772	scripts/ai/StandardAI.lua	0	768	768	32	256	64	960	32	0	384	80	388	30	0	0		1	0	0	
1811939773	scripts/ai/StandardAI.lua	0	768	768	32	256	64	0	32	0	384	80	393	0	0	0		0	0	0	
1811939774	scripts/ai/StandardAI.lua	0	768	768	32	256	64	0	32	0	384	80	480	0	0	0		0	0	0	
1811939775	scripts/ai/StandardAI.lua	0	768	768	32	256	64	0	32	0	384	80	392	0	0	0		1	0	0	
1811939776	scripts/ai/StandardAI.lua	1	768	768	32	256	64	0	32	0	384	80	508	0	0	0		1	0	1	
1811939777	scripts/ai/StandardAI.lua	0	768	768	32	256	64	0	32	0	384	80	389	0	0	0		0	0	0	
1811939778	scripts/ai/StandardAI.lua	0	768	768	32	256	64	0	32	0	384	80	390	0	0	0		1	0	0	
1811939779	scripts/ai/StandardAI.lua	0	768	768	32	256	64	0	32	0	384	80	489	0	0	0		1	0	0	
1811939780	scripts/ai/StandardAI.lua	0	768	768	32	256	64	0	32	0	384	80	394	0	0	0		1	0	0	
1811939781	scripts/ai/StandardAI.lua	0	768	768	32	256	64	0	32	0	384	80	395	0	0	0		0	0	0	
1811939782	scripts/ai/StandardAI.lua	0	768	768	32	256	64	0	32	0	384	80	396	0	0	0		0	0	0	
1811939783	scripts/ai/StandardAI.lua	0	768	768	32	256	64	0	32	0	384	80	397	0	0	0		1	0	0	
1811939784	scripts/ai/StandardAI.lua	0	768	768	32	256	64	0	32	0	384	80	398	0	0	0		1	0	0	
1811939785	scripts/ai/StandardAI.lua	0	768	768	32	256	64	0	32	0	384	80	401	0	0	0		1	0	0	
1811939786	scripts/ai/StandardAI.lua	1	768	768	32	256	64	0	32	0	384	80	399	0	0	0		1	0	1	
1811939787	scripts/ai/StandardAI.lua	0	768	768	32	256	64	0	32	0	384	80	400	0	2	0		1	0	0	
1811939788	scripts/ai/StandardAI.lua	0	768	768	32	256	64	0	32	0	384	80	400	0	3	0		1	0	0	
1811939789	scripts/ai/StandardAI.lua	0	768	768	32	256	64	0	32	0	384	80	402	0	0	0		1	0	0	
1811939790	scripts/ai/StandardAI.lua	0	768	768	32	256	64	960	32	0	384	80	403	30	0	0		1	0	0	
1811939791	scripts/ai/StandardAI.lua	1	768	768	1	256	96	512	32	0	384	80	404	102	0	0		1	0	1	
1811939792	scripts/ai/StandardAI.lua	0	768	768	32	256	64	960	32	0	384	80	405	30	0	0		1	0	0	
1811939793	scripts/ai/StandardAI.lua	0	768	768	0	256	240	1960	32	512	384	80	0	102	0	0		1	0	0	
1811939794	scripts/ai/StandardAI.lua	0	768	768	0	256	240	1960	32	0	384	80	406	102	0	0		1	0	0	
1811939795	scripts/ai/StandardAI.lua	0	768	768	32	256	240	1960	32	512	384	80	0	102	0	0		1	0	0	
1811939796	scripts/ai/StandardAI.lua	0	768	768	0	256	240	1960	32	0	384	80	407	102	0	0		1	0	0	
1811939797	scripts/ai/StandardAI.lua	0	768	768	0	256	240	1960	32	0	384	80	409	102	0	0		1	0	0	
1811939798	scripts/ai/StandardAI.lua	0	768	768	0	256	240	1960	32	0	384	80	410	102	0	0		1	0	0	
1811939799	scripts/ai/StandardAI.lua	0	768	768	0	256	240	1960	32	0	384	80	411	102	0	0		1	0	0	
1811939800	scripts/ai/StandardAI.lua	0	768	768	0	256	240	1960	32	0	384	80	412	102	0	0		1	0	0	
1811939801	scripts/ai/StandardAI.lua	0	768	768	0	256	240	1960	32	0	384	80	458	102	0	0		1	0	0	
1811939802	scripts/ai/StandardAI.lua	0	768	768	0	256	240	1960	32	0	384	80	423	102	0	0		1	0	0	
1811939803	scripts/ai/StandardAI.lua	0	768	768	0	256	240	1960	32	0	384	80	425	102	0	0		1	0	0	
1811939804	scripts/ai/StandardAI.lua	0	768	768	32	256	64	0	32	0	384	80	430	0	0	0		1	0	0	
1811939805	scripts/ai/StandardAI.lua	0	768	768	32	256	64	0	32	0	384	80	431	0	0	0		1	0	0	
1811939806	scripts/ai/StandardAI.lua	0	768	768	32	256	64	0	32	0	384	80	432	0	0	0		1	0	0	
1811939807	scripts/ai/StandardAI.lua	0	768	768	32	256	64	0	32	0	384	80	433	0	0	0		1	0	0	
1811939808	scripts/ai/StandardAI.lua	1	768	768	32	256	64	0	32	0	384	80	434	0	2	0		1	0	1	
1811939809	scripts/ai/StandardAI.lua	1	768	768	32	256	64	0	32	0	384	80	436	0	0	0		1	0	1	
1811939810	scripts/ai/StandardAI.lua	0	768	768	32	256	64	960	32	512	384	80	437	30	0	0		1	0	0	
1811939811	scripts/ai/StandardAI.lua	0	768	768	32	256	64	0	32	0	384	80	441	0	0	0		1	0	0	
1811939812	scripts/ai/StandardAI.lua	0	768	768	32	256	64	0	32	0	384	80	442	0	0	0		1	0	0	
1811939813	scripts/ai/StandardAI.lua	0	768	768	32	256	64	0	32	0	384	80	443	0	0	0		1	0	0	
1811939814	scripts/ai/StandardAI.lua	0	768	768	0	256	240	1536	32	0	384	80	444	102	0	0		1	0	0	
1811939815	scripts/ai/StandardAI.lua	0	768	768	0	256	240	1960	32	0	384	80	445	102	0	0		1	0	0	
1811939816	scripts/ai/StandardAI.lua	1	768	768	32	256	64	0	32	0	384	80	447	0	2	0		1	0	1	
1811939817	scripts/ai/StandardAI.lua	1	768	768	32	256	64	0	32	0	384	80	447	0	3	0		1	0	1	
1811939818	scripts/ai/StandardAI.lua	1	768	768	32	256	64	0	32	0	384	80	447	0	1	0		1	0	1	
1811939819	scripts/ai/StandardAI.lua	1	768	768	32	256	64	0	32	0	384	80	450	0	0	0		1	0	1	
1811939820	scripts/ai/StandardAI.lua	0	768	768	32	256	64	0	32	0	384	80	451	0	0	0		1	0	0	
1811939821	scripts/ai/StandardAI.lua	1	768	768	32	256	64	0	32	0	384	80	453	0	0	0		1	0	1	
1811939822	scripts/ai/StandardAI.lua	0	768	768	0	256	240	1960	32	0	384	80	459	102	2	0		1	0	0	
1811939823	scripts/ai/StandardAI.lua	0	768	768	0	256	240	1960	32	0	384	80	459	102	1	0		1	0	0	
1811939824	scripts/ai/StandardAI.lua	0	768	768	0	256	240	1960	32	0	384	80	459	102	3	0		1	0	0	
1811939825	scripts/ai/StandardAI.lua	0	768	768	0	256	240	1960	32	0	384	80	459	102	6	0		1	0	0	
1811939826	scripts/ai/StandardAI.lua	0	768	768	32	256	240	1960	32	0	384	80	459	102	5	0		1	0	0	
1811939827	scripts/ai/StandardAI.lua	0	768	768	32	256	240	1960	32	0	384	80	459	102	4	0		1	0	0	
1811939828	scripts/ai/StandardAI.lua	0	768	768	32	256	240	1960	32	0	384	80	459	102	7	0		1	0	0	
1811939829	scripts/ai/StandardAI.lua	0	768	768	0	256	240	1960	32	0	384	80	460	102	0	0		1	0	0	
1811939830	scripts/ai/StandardAI.lua	0	768	768	0	256	240	1960	32	0	384	80	461	102	0	0		1	0	0	
1811939831	scripts/ai/StandardAI.lua	1	768	768	0	256	240	1512	32	512	384	80	462	102	0	0		1	0	1	
1811939832	scripts/ai/StandardAI.lua	0	768	768	0	256	240	1536	32	0	384	80	463	102	3	0		1	0	0	
1811939833	scripts/ai/StandardAI.lua	0	768	768	32	256	240	1920	32	0	384	80	463	102	1	0		1	0	0	
1811939834	scripts/ai/StandardAI.lua	0	768	768	0	256	240	1536	32	0	384	80	463	102	2	0		1	0	0	
1811939835	scripts/ai/StandardAI.lua	0	768	768	0	256	240	1536	32	0	384	80	464	102	0	0		1	0	0	
1811939836	scripts/ai/StandardAI.lua	0	768	768	32	256	240	1920	32	0	384	80	465	102	0	0		1	0	0	
1811939837	scripts/ai/StandardAI.lua	0	768	768	0	256	240	1536	32	512	384	80	0	102	0	0		1	0	0	
1811939838	scripts/ai/StandardAI.lua	0	768	768	0	256	240	1960	32	0	384	80	466	102	0	0		1	0	0	
1811939839	scripts/ai/StandardAI.lua	0	768	768	0	256	240	1960	32	0	384	80	467	102	0	0		1	0	0	
1811939840	scripts/ai/StandardAI.lua	0	768	768	0	256	240	1960	32	0	384	80	468	102	0	0		1	0	0	
1811939841	scripts/ai/StandardAI.lua	0	768	768	32	256	64	0	32	0	384	80	469	0	2	0		1	0	0	
1811939842	scripts/ai/StandardAI.lua	0	768	768	0	256	240	1960	32	0	384	80	470	102	0	0		1	0	0	
1811939843	scripts/ai/StandardAI.lua	0	768	768	0	256	240	1960	32	0	384	80	471	102	0	0		1	0	0	
1811939844	scripts/ai/StandardAI.lua	0	768	768	0	256	240	1960	32	0	384	80	471	102	1	0		1	0	0	
1811939845	scripts/ai/StandardAI.lua	0	768	768	32	256	240	1960	32	0	384	80	472	102	2	0		1	0	0	
1811939846	scripts/ai/StandardAI.lua	0	768	768	32	256	240	1960	32	0	384	80	473	102	3	0		1	0	0	
1811939847	scripts/ai/StandardAI.lua	0	768	768	0	256	240	1960	32	0	384	80	473	102	1	0		1	0	0	
1811939848	scripts/ai/StandardAI.lua	0	768	768	0	256	240	1960	32	0	384	80	473	102	2	0		1	0	0	
1811939849	scripts/ai/StandardAI.lua	0	768	768	0	256	240	1960	32	0	384	80	474	102	0	0		1	0	0	
1811939850	scripts/ai/StandardAI.lua	0	768	768	0	256	240	1920	32	512	384	80	0	100	0	0		1	0	0	
1811939851	scripts/ai/StandardAI.lua	1	768	768	0	256	240	1960	32	0	384	80	475	102	0	0		1	0	1	
1811939852	scripts/ai/StandardAI.lua	0	768	768	32	256	64	0	32	0	384	80	469	0	3	0		1	0	0	
1811939853	scripts/ai/StandardAI.lua	0	768	768	32	256	64	0	32	0	384	80	477	0	0	0		1	0	0	
1811939854	scripts/ai/StandardAI.lua	0	768	768	32	256	64	0	32	0	384	80	479	0	2	0		1	0	0	
1811939855	scripts/ai/StandardAI.lua	0	768	768	32	256	64	0	32	0	384	80	479	0	1	0		1	0	0	
1811939856	scripts/ai/StandardAI.lua	0	768	768	32	256	64	0	32	0	384	80	130	0	0	0		1	0	0	
1811939857	scripts/ai/StandardAI.lua	1	768	768	32	256	64	0	32	0	384	80	482	0	3	0		1	0	1	
1811939858	scripts/ai/StandardAI.lua	1	768	768	32	256	64	0	32	0	384	80	482	0	2	0		1	0	1	
1811939859	scripts/ai/StandardAI.lua	0	768	768	32	256	64	0	32	0	384	80	438	0	0	0		1	0	0	
1811939860	scripts/ai/StandardAI.lua	0	768	768	32	256	64	0	32	0	384	80	439	0	0	0		1	0	0	
1811939861	scripts/ai/StandardAI.lua	0	768	768	0	256	240	1536	32	0	384	80	490	102	0	0		1	0	0	
1811939862	scripts/ai/StandardAI.lua	0	768	768	32	256	64	0	32	0	384	80	491	0	2	0		1	0	0	
1811939863	scripts/ai/StandardAI.lua	0	768	768	32	256	64	0	32	0	384	80	491	0	1	0		1	0	0	
1811939864	scripts/ai/StandardAI.lua	0	768	768	32	256	64	0	32	0	384	80	492	0	0	0		1	0	0	
1811939865	scripts/ai/StandardAI.lua	0	768	768	32	256	64	0	32	0	384	80	495	0	0	0		1	0	0	
1811939866	scripts/ai/StandardAI.lua	0	768	768	32	256	64	0	32	0	384	80	494	0	0	0		1	0	0	
1811939867	scripts/ai/StandardAI.lua	0	768	768	32	256	64	0	32	0	384	80	493	0	0	0		1	0	0	
1811939868	scripts/ai/StandardAI.lua	0	768	768	32	256	64	960	32	0	0	80	496	30	0	0		1	0	0	
1811939869	scripts/ai/StandardAI.lua	0	768	768	32	256	64	0	32	0	384	80	497	0	2	0		1	0	0	
1811939870	scripts/ai/StandardAI.lua	0	768	768	32	256	64	0	32	0	384	80	497	0	1	0		1	0	0	
1811939871	scripts/ai/StandardAI.lua	0	768	768	32	256	64	0	32	0	384	80	498	0	0	0		1	0	0	
1811939872	scripts/ai/StandardAI.lua	0	768	768	32	256	64	0	32	0	384	80	499	0	0	0		1	0	0	
1811939873	scripts/ai/StandardAI.lua	0	768	768	32	256	64	0	32	0	384	80	501	0	0	0		1	0	0	
1811939874	scripts/ai/StandardAI.lua	0	768	768	32	256	64	0	32	0	384	80	502	0	0	0		1	0	0	
1811939875	scripts/ai/StandardAI.lua	0	768	768	32	256	64	960	32	0	384	80	503	30	0	0		1	0	0	
1811939876	scripts/ai/StandardAI.lua	0	768	768	32	256	64	0	32	0	384	80	504	0	0	0		1	0	0	
1811939877	scripts/ai/StandardAI.lua	0	768	768	32	256	64	0	32	0	384	80	446	0	2	0		1	0	0	
1811939878	scripts/ai/StandardAI.lua	0	768	768	32	256	64	0	32	0	384	80	505	0	0	0		1	0	0	
1811939879	scripts/ai/StandardAI.lua	1	768	768	32	256	64	0	32	0	384	80	506	0	1	0		1	0	1	
1811939880	scripts/ai/StandardAI.lua	0	768	768	32	256	64	0	32	0	384	80	506	0	3	0		1	0	0	
1811939881	scripts/ai/StandardAI.lua	0	768	768	32	256	64	0	32	0	384	80	507	0	4	0		1	0	0	
1811939882	scripts/ai/StandardAI.lua	1	768	768	32	256	64	0	32	0	384	80	507	0	6	0		1	0	1	
1811939883	scripts/ai/StandardAI.lua	1	768	768	32	256	64	0	32	0	384	80	507	0	1	0		1	0	1	
1811939884	scripts/ai/StandardAI.lua	1	768	768	32	256	64	0	32	0	384	80	507	0	2	0		1	0	1	
1811939885	scripts/ai/StandardAI.lua	1	768	768	32	256	64	0	32	0	384	80	507	0	3	0		1	0	1	
1811939886	scripts/ai/StandardAI.lua	0	768	768	32	256	64	0	32	0	384	80	507	0	5	0		1	0	0	
1811939887	scripts/ai/StandardAI.lua	1	768	768	32	256	64	0	32	0	384	80	509	0	2	0		1	0	1	
1811939888	scripts/ai/StandardAI.lua	1	768	768	32	256	64	0	32	0	384	80	509	0	3	0		1	0	1	
1811939889	scripts/ai/StandardAI.lua	0	768	768	0	256	240	1960	32	0	384	80	514	102	2	0		1	0	0	
1811939890	scripts/ai/StandardAI.lua	0	768	768	0	256	240	1960	32	0	384	80	514	102	10	0		1	0	0	
1811939891	scripts/ai/StandardAI.lua	0	768	768	0	256	240	1960	32	0	384	80	514	102	13	0		1	0	0	
1811939892	scripts/ai/StandardAI.lua	0	768	768	0	256	240	1960	32	0	384	80	514	102	12	0		1	0	0	
1811939893	scripts/ai/StandardAI.lua	0	768	768	0	256	240	1960	32	0	384	80	514	102	15	0		1	0	0	
1811939894	scripts/ai/StandardAI.lua	0	768	768	0	256	240	1960	32	0	384	80	514	102	14	0		1	0	0	
1811939895	scripts/ai/StandardAI.lua	0	768	768	32	256	240	1960	32	0	384	80	514	102	1	0		1	0	0	
1811939896	scripts/ai/StandardAI.lua	0	768	768	32	256	240	1960	32	0	384	80	514	102	3	0		1	0	0	
1811939897	scripts/ai/StandardAI.lua	0	768	768	32	256	240	1960	32	0	384	80	514	102	7	0		1	0	0	
1811939898	scripts/ai/StandardAI.lua	0	768	768	32	256	64	0	32	0	384	80	515	0	1	0		1	0	0	
1811939899	scripts/ai/StandardAI.lua	0	768	768	32	256	64	0	32	0	384	80	178	0	0	0		1	0	0	
1811939900	scripts/ai/StandardAI.lua	1	768	768	32	256	64	0	32	0	384	80	521	0	0	0		1	0	1	
1811939901	scripts/ai/StandardAI.lua	0	768	768	32	256	64	0	32	0	384	80	180	0	0	0		1	0	0	
1811939902	scripts/ai/StandardAI.lua	1	768	768	32	256	64	0	32	0	384	80	516	0	0	0		1	0	0	
1811939903	scripts/ai/StandardAI.lua	1	768	768	32	256	64	0	32	0	384	80	518	0	0	0		1	0	1	
1811939904	scripts/ai/StandardAI.lua	1	768	768	32	256	64	0	32	0	384	80	520	0	0	0		1	0	1	
1811939905	scripts/ai/StandardAI.lua	1	768	768	32	256	64	0	32	0	384	80	522	0	0	0		1	0	1	
1811939906	scripts/ai/StandardAI.lua	1	768	768	32	256	64	0	32	0	384	80	524	0	0	0		1	0	1	
1811939907	scripts/ai/StandardAI.lua	1	768	768	32	256	64	0	32	0	384	80	523	0	0	0		1	0	1	
1811939908	scripts/ai/StandardAI.lua	1	768	768	32	256	64	0	32	0	384	80	526	0	0	0		1	0	1	
1811939909	scripts/ai/StandardAI.lua	1	768	768	32	256	64	0	32	0	384	80	525	0	0	0		1	0	1	
1811939910	scripts/ai/StandardAI.lua	1	768	768	32	256	64	0	32	0	384	80	527	0	0	0		1	0	1	
1811939911	scripts/ai/StandardAI.lua	1	768	768	32	256	64	0	32	0	384	80	528	0	0	0		1	0	1	
1811939912	scripts/ai/StandardAI.lua	1	768	768	32	256	64	0	32	0	384	80	529	0	0	0		1	0	1	
1811939913	scripts/ai/StandardAI.lua	0	768	768	32	256	64	0	32	0	384	80	530	0	0	0		1	0	0	
1811939914	scripts\ai\GuarderAI.lua	1	768	768	32	256	64	0	32	0	384	80	531	0	0	0		1	0	1	
1811939915	scripts/ai/StandardAI.lua	0	768	768	32	256	64	0	32	0	384	80	532	0	0	0		1	0	0	
1811939916	scripts\ai\GuarderAI.lua	1	768	768	32	256	64	0	32	0	384	80	533	0	0	0		1	0	1	
1811939917	scripts/ai/StandardAI.lua	0	768	768	32	256	64	0	32	0	384	80	534	0	0	0		1	0	0	
1811939918	scripts/ai/StandardAI.lua	0	768	768	32	256	64	0	32	0	384	80	535	0	0	0		1	0	0	
1811939919	scripts/ai/StandardAI.lua	0	768	768	32	256	64	0	32	0	384	80	543	0	0	0		1	0	0	
1811939920	scripts/ai/StandardAI.lua	0	768	768	32	256	64	0	32	0	384	80	537	0	2	0		1	0	0	
1811939921	scripts/ai/StandardAI.lua	0	768	768	32	256	64	0	32	0	384	80	537	0	3	0		1	0	0	
1811939922	scripts/ai/StandardAI.lua	0	768	768	32	256	64	0	32	0	384	80	540	0	0	0		1	0	0	
1811939923	scripts/ai/StandardAI.lua	0	768	768	32	256	64	0	32	0	384	80	536	0	0	0		1	0	0	
1811939924	scripts/ai/StandardAI.lua	0	768	768	32	256	64	0	32	0	384	80	538	0	0	0		1	0	0	
1811939925	scripts/ai/StandardAI.lua	0	768	768	32	256	64	0	32	0	384	80	541	0	0	0		1	0	0	
1811939926	scripts/ai/StandardAI.lua	0	768	768	32	256	64	0	32	0	384	80	542	0	0	0		1	0	0	
1811939927	scripts/ai/StandardAI.lua	0	768	768	32	256	64	0	32	0	384	80	551	0	1	0		1	0	0	
1811939928	scripts/ai/StandardAI.lua	0	768	768	32	256	64	0	32	0	384	80	551	0	2	0		1	0	0	
1811939929	scripts/ai/StandardAI.lua	0	768	768	32	256	64	0	32	0	384	80	551	0	3	0		1	0	0	
1811939930	scripts/ai/StandardAI.lua	0	768	768	32	256	64	0	32	0	384	80	551	0	4	0		1	0	0	
1811939931	scripts/ai/StandardAI.lua	0	768	768	32	256	64	0	32	0	384	80	551	0	5	0		1	0	0	
1811939932	scripts/ai/StandardAI.lua	0	768	768	32	256	64	0	32	0	384	80	552	0	1	0		1	0	0	
