AIType	ScriptFile	IsPositive	AlertRange	SearchPlayerDistance	AlertOverTime	AttackRange	EscapeTime	EscapeRange	EscapeInterval	WanderRange	WanderDistance	WanderInterval	PatrolPathID	EscapeLife	PatrolOrderIndex	ReviveTeammate	CustomArguments	IsAutoTurn	NpcSceneType	IsSnarlInFight	DialogIdleTime
-1962934271	scripts/ai/StandardAI.lua	0	768	768	32	256	64	0	32	0	384	80	4	0	0	0		1	0	0	
-1962934270	scripts/ai/StandardAI.lua	1	768	768	32	256	64	0	32	0	384	80	183	0	0	0		1	0	1	
-1962934269	scripts/ai/StandardAI.lua	1	768	768	32	256	64	0	32	0	384	80	6	0	0	0		1	0	0	
-1962934268	scripts/ai/StandardAI.lua	1	768	768	32	256	64	0	32	0	384	80	7	0	0	0		1	0	0	
-1962934267	scripts/ai/StandardAI.lua	1	768	768	32	256	64	0	32	0	384	80	182	0	0	0		1	0	1	
-1962934266	scripts/ai/StandardAI.lua	1	768	768	32	256	64	0	32	0	384	80	2	0	0	0		1	0	0	
-1962934265	scripts/ai/StandardAI.lua	1	768	768	32	256	64	0	32	0	384	80	1	0	0	0		1	0	0	
-1962934264	scripts/ai/StandardAI.lua	1	768	768	32	256	64	0	32	0	384	80	24	0	0	0		1	0	0	
-1962934263	scripts/ai/StandardAI.lua	1	768	768	32	256	64	0	32	0	384	80	25	0	0	0		1	0	0	
-1962934262	scripts/ai/StandardAI.lua	1	768	768	32	256	64	0	32	0	384	80	26	0	0	0		1	0	0	
-1962934261	scripts/ai/StandardAI.lua	1	768	768	32	256	64	0	32	0	384	80	27	0	0	0		1	0	0	
-1962934260	scripts/ai/StandardAI.lua	1	768	768	32	256	64	0	32	0	384	80	28	0	0	0		1	0	0	
-1962934259	scripts/ai/StandardAI.lua	1	768	768	32	256	64	0	32	0	384	80	29	0	0	0		1	0	0	
-1962934258	scripts/ai/StandardAI.lua	1	768	768	32	256	64	0	32	0	384	80	39	0	0	0		1	0	0	
-1962934257	scripts/ai/StandardAI.lua	1	768	768	32	256	64	0	32	0	384	80	41	0	0	0		1	0	0	
-1962934256	scripts/ai/StandardAI.lua	1	768	768	32	256	64	0	32	0	384	80	34	0	0	0		1	0	0	
-1962934255	scripts/ai/StandardAI.lua	1	768	768	32	256	64	0	32	0	384	80	31	0	0	0		1	0	0	
-1962934254	scripts/ai/StandardAI.lua	1	768	768	32	256	64	0	32	0	384	80	32	0	0	0		1	0	0	
-1962934253	scripts/ai/StandardAI.lua	1	768	768	32	256	64	0	32	0	384	80	33	0	0	0		1	0	0	
-1962934252	scripts/ai/StandardAI.lua	1	768	768	32	256	64	0	32	0	384	80	35	0	0	0		1	0	0	
-1962934251	scripts/ai/StandardAI.lua	1	768	768	32	256	64	0	32	0	384	80	40	0	0	0		1	0	0	
-1962934250	scripts/ai/StandardAI.lua	1	768	768	32	256	64	0	32	0	384	80	36	0	0	0		1	0	0	
-1962934249	scripts/ai/StandardAI.lua	1	768	768	32	256	64	0	32	0	384	80	37	0	0	0		1	0	0	
-1962934248	scripts/ai/StandardAI.lua	1	768	768	32	256	64	0	32	0	384	80	38	0	0	0		1	0	0	
-1962934247	scripts/ai/StandardAI.lua	0	768	768	32	256	64	0	32	0	384	80	88	0	0	0		1	0	0	
-1962934246	scripts/ai/StandardAI.lua	0	768	768	32	256	64	0	32	0	384	80	86	0	0	0		1	0	0	
-1962934245	scripts/ai/StandardAI.lua	0	768	768	32	256	64	0	32	0	384	80	85	0	0	0		1	0	0	
-1962934244	scripts/ai/StandardAI.lua	0	768	768	32	256	64	0	32	0	384	80	87	0	0	0		1	0	0	
-1962934243	scripts/ai/StandardAI.lua	0	768	768	32	256	64	0	32	0	384	80	84	0	0	0		1	0	0	
-1962934242	scripts/ai/StandardAI.lua	1	768	768	32	256	64	0	32	0	384	80	67	0	0	0		1	0	1	
-1962934241	scripts/ai/StandardAI.lua	1	768	768	32	256	64	0	32	0	384	80	69	0	0	0		1	0	1	
-1962934240	scripts/ai/StandardAI.lua	1	768	768	32	256	64	0	32	0	384	80	68	0	0	0		1	0	1	
-1962934239	scripts/ai/StandardAI.lua	1	768	768	32	256	64	0	32	0	384	80	71	0	0	0		1	0	1	
-1962934238	scripts/ai/StandardAI.lua	1	768	768	32	256	64	0	32	0	384	80	79	0	0	0		1	0	1	
-1962934237	scripts/ai/StandardAI.lua	1	768	768	32	256	64	0	32	0	384	80	78	0	0	0		1	0	1	
-1962934236	scripts/ai/StandardAI.lua	1	768	768	32	256	64	0	32	0	384	80	77	0	0	0		1	0	1	
-1962934235	scripts/ai/StandardAI.lua	1	768	768	32	256	64	0	32	0	384	80	76	0	0	0		1	0	1	
-1962934234	scripts/ai/StandardAI.lua	1	768	768	32	256	64	0	32	0	384	80	72	0	0	0		1	0	1	
-1962934233	scripts/ai/StandardAI.lua	1	768	768	32	256	64	0	32	0	384	80	70	0	0	0		1	0	1	
-1962934232	scripts/ai/StandardAI.lua	1	768	768	32	256	64	0	32	0	384	80	73	0	0	0		1	0	1	
-1962934231	scripts/ai/StandardAI.lua	1	768	768	32	256	64	0	32	0	384	80	74	0	0	0		1	0	1	
-1962934230	scripts/ai/StandardAI.lua	1	768	768	32	256	64	0	32	0	384	80	75	0	0	0		1	0	1	
-1962934229	scripts/ai/StandardAI.lua	1	768	768	32	256	64	0	32	0	384	80	80	0	0	0		1	0	1	
-1962934228	scripts/ai/StandardAI.lua	1	768	768	32	256	64	0	32	0	384	80	81	0	0	0		1	0	1	
-1962934227	scripts/ai/StandardAI.lua	1	768	768	32	256	64	0	32	0	384	80	83	0	0	0		1	0	1	
-1962934226	scripts/ai/StandardAI.lua	1	768	768	32	256	64	0	32	0	384	80	82	0	0	0		1	0	1	
-1962934225	scripts/ai/StandardAI.lua	1	768	768	32	256	64	0	32	0	384	80	90	0	0	0		1	0	0	
-1962934224	scripts/ai/StandardAI.lua	1	768	768	32	256	64	0	32	0	384	80	115	0	0	0		1	0	0	
-1962934223	scripts/ai/StandardAI.lua	1	768	768	32	256	64	0	32	0	384	80	122	0	0	0		1	0	0	
-1962934222	scripts/ai/StandardAI.lua	1	768	768	32	256	64	0	32	0	384	80	125	0	0	0		1	0	0	
-1962934221	scripts/ai/StandardAI.lua	1	768	768	32	256	64	0	32	0	384	80	91	0	0	0		1	0	0	
-1962934220	scripts/ai/StandardAI.lua	1	768	768	32	256	64	0	32	0	384	80	123	0	0	0		1	0	0	
-1962934219	scripts/ai/StandardAI.lua	0	768	768	32	256	64	0	32	0	384	80	168	0	0	0		1	0	0	
-1962934218	scripts/ai/StandardAI.lua	0	768	768	32	256	64	0	32	0	384	80	152	0	0	0		1	0	0	
-1962934217	scripts/ai/StandardAI.lua	0	768	768	32	256	64	0	32	0	384	80	153	0	0	0		1	0	0	
-1962934216	scripts/ai/StandardAI.lua	0	768	768	32	256	64	0	32	0	384	80	112	0	0	0		1	0	0	
-1962934215	scripts/ai/StandardAI.lua	0	768	768	32	256	64	0	32	0	384	80	113	0	1	0		1	0	0	
-1962934214	scripts/ai/StandardAI.lua	0	768	768	32	256	64	0	32	0	384	80	113	0	2	0		1	0	0	
-1962934213	scripts/ai/StandardAI.lua	0	768	768	32	256	64	0	32	0	384	80	114	0	1	0		1	0	0	
-1962934212	scripts/ai/StandardAI.lua	0	768	768	32	256	64	0	32	0	384	80	114	0	2	0		1	0	0	
-1962934211	scripts/ai/StandardAI.lua	0	768	768	32	256	64	0	32	0	384	80	114	0	3	0		1	0	0	
-1962934210	scripts/ai/StandardAI.lua	0	768	768	32	256	64	0	32	0	384	80	114	0	4	0		1	0	0	
-1962934209	scripts/ai/StandardAI.lua	0	768	768	32	256	64	0	32	0	384	80	114	0	5	0		1	0	0	
-1962934208	scripts/ai/StandardAI.lua	0	768	768	32	256	64	0	32	256	384	80	363	0	1	0		1	0	0	
-1962934207	scripts/ai/StandardAI.lua	0	768	768	32	256	64	0	32	256	384	80	362	0	1	0		1	0	0	
-1962934206	scripts/ai/StandardAI.lua	0	768	768	32	256	64	0	32	256	384	80	361	0	1	0		1	0	0	
-1962934205	scripts/ai/StandardAI.lua	0	768	768	32	256	64	0	32	256	384	80	364	0	1	0		1	0	0	
-1962934204	scripts/ai/StandardAI.lua	0	768	768	32	256	64	0	32	0	384	80	146	0	0	0		1	0	0	
-1962934203	scripts/ai/StandardAI.lua	0	768	768	32	256	64	0	32	0	384	80	117	0	0	0		1	0	0	
-1962934202	scripts/ai/StandardAI.lua	0	768	768	32	256	64	0	32	0	384	80	173	0	0	0		1	0	0	
-1962934201	scripts/ai/StandardAI.lua	0	768	768	32	256	64	0	32	0	384	80	118	0	0	0		1	0	0	
-1962934200	scripts/ai/StandardAI.lua	0	768	768	32	256	64	0	32	0	384	80	119	0	0	0		1	0	0	
-1962934199	scripts/ai/StandardAI.lua	0	768	768	32	256	64	0	32	0	384	80	120	0	0	0		1	0	0	
-1962934198	scripts/ai/StandardAI.lua	0	768	768	32	256	64	0	32	0	384	80	121	0	0	0		1	0	0	
-1962934197	scripts/ai/StandardAI.lua	1	768	768	32	256	64	0	32	0	384	80	124	0	0	0		1	0	0	
-1962934196	scripts/ai/StandardAI.lua	1	768	768	32	256	64	0	32	0	384	80	126	0	0	0		1	0	1	
-1962934195	scripts/ai/StandardAI.lua	1	768	768	32	256	64	0	32	0	384	80	127	0	0	0		1	0	1	
-1962934194	scripts/ai/StandardAI.lua	1	768	768	32	256	64	0	32	0	384	80	128	0	0	0		1	0	1	
-1962934193	scripts/ai/StandardAI.lua	1	768	768	32	256	64	0	32	0	384	80	135	0	0	0		1	0	1	
-1962934192	scripts/ai/StandardAI.lua	1	768	768	32	256	64	0	32	0	384	80	130	0	0	0		1	0	1	
-1962934191	scripts/ai/StandardAI.lua	1	768	768	32	256	64	0	32	0	384	80	129	0	0	0		1	0	1	
-1962934190	scripts/ai/StandardAI.lua	1	768	768	32	256	64	0	32	0	384	80	133	0	0	0		1	0	1	
-1962934189	scripts/ai/StandardAI.lua	1	768	768	32	256	64	0	32	0	384	80	134	0	0	0		1	0	1	
-1962934188	scripts/ai/StandardAI.lua	1	768	768	32	256	64	0	32	0	384	80	136	0	0	0		1	0	1	
-1962934187	scripts/ai/StandardAI.lua	1	768	768	32	256	64	0	32	0	384	80	131	0	0	0		1	0	1	
-1962934186	scripts/ai/StandardAI.lua	1	768	768	32	256	64	0	32	0	384	80	140	0	0	0		1	0	1	
-1962934185	scripts/ai/StandardAI.lua	1	768	768	32	256	64	0	32	0	384	80	132	0	0	0		1	0	1	
-1962934184	scripts/ai/StandardAI.lua	1	768	768	32	256	64	0	32	0	384	80	138	0	0	0		1	0	1	
-1962934183	scripts/ai/StandardAI.lua	1	768	768	32	256	64	0	32	0	384	80	139	0	0	0		1	0	1	
-1962934182	scripts/ai/StandardAI.lua	1	768	768	32	256	64	0	32	0	384	80	137	0	0	0		1	0	1	
-1962934181	scripts/ai/StandardAI.lua	0	768	768	32	256	64	0	32	512	384	80	141	0	0	0		1	0	0	
-1962934180	scripts/ai/StandardAI.lua	0	768	768	32	256	64	0	32	512	384	80	142	0	0	0		1	0	0	
-1962934179	scripts/ai/StandardAI.lua	1	768	768	32	256	64	0	32	0	384	80	205	0	0	0		1	0	1	
-1962934178	scripts/ai/StandardAI.lua	0	768	768	32	256	64	0	32	0	384	80	145	0	0	0		0	0	0	
-1962934177	scripts/ai/StandardAI.lua	0	768	768	32	256	64	0	32	0	384	80	143	0	0	0		0	0	0	
-1962934176	scripts/ai/StandardAI.lua	0	768	768	32	256	64	0	32	0	384	80	144	0	0	0		0	0	0	
-1962934175	scripts/ai/StandardAI.lua	0	768	768	32	256	64	0	32	0	384	80	147	0	0	0		1	0	0	
-1962934174	scripts/ai/StandardAI.lua	0	768	768	32	256	64	0	32	0	384	80	150	0	0	0		0	0	0	
-1962934173	scripts/ai/StandardAI.lua	0	768	768	32	256	64	0	32	0	384	80	148	0	1	0		1	0	0	
-1962934172	scripts/ai/StandardAI.lua	0	768	768	32	256	64	0	32	0	384	80	148	0	2	0		1	0	0	
-1962934171	scripts/ai/StandardAI.lua	0	768	768	32	256	64	0	32	0	384	80	230	0	0	0		0	0	0	
-1962934170	scripts/ai/StandardAI.lua	0	768	768	32	256	64	0	32	0	384	80	0	0	0	0		1	0	1	
-1962934169	scripts/ai/StandardAI.lua	0	768	768	32	256	64	0	32	0	384	80	151	0	0	0		1	0	0	
-1962934168	scripts/ai/StandardAI.lua	1	768	768	32	256	64	0	32	0	384	80	217	0	1	0		1	0	1	
-1962934167	scripts/ai/StandardAI.lua	1	768	768	32	256	64	0	32	0	384	80	216	0	1	0		1	0	1	
-1962934166	scripts/ai/StandardAI.lua	0	768	768	32	256	64	0	32	0	384	80	164	0	0	0		1	0	0	
-1962934165	scripts/ai/StandardAI.lua	0	768	768	32	256	64	0	32	0	384	80	161	0	0	0		1	0	0	
-1962934164	scripts/ai/StandardAI.lua	0	768	768	32	256	64	0	32	0	384	80	162	0	0	0		0	0	0	
-1962934163	scripts/ai/StandardAI.lua	1	768	768	32	256	64	0	32	0	384	80	208	0	0	0		1	0	1	
-1962934162	scripts/ai/StandardAI.lua	1	768	768	32	256	64	0	32	0	384	80	206	0	0	0		1	0	1	
-1962934161	scripts/ai/StandardAI.lua	0	768	768	32	256	64	960	32	0	384	80	210	30	0	0		1	0	0	
-1962934160	scripts/ai/StandardAI.lua	1	768	768	32	256	64	960	32	0	0	80	0	30	0	0		1	0	1	
-1962934159	scripts/ai/StandardAI.lua	1	768	768	32	256	64	0	32	0	384	80	171	0	3	0		1	0	1	
-1962934158	scripts/ai/StandardAI.lua	1	768	768	32	256	64	0	32	0	384	80	171	0	2	0		1	0	1	
-1962934157	scripts/ai/StandardAI.lua	1	768	768	32	256	64	0	32	0	384	80	209	0	0	0		1	0	1	
-1962934156	scripts/ai/StandardAI.lua	0	768	768	32	256	64	0	32	0	384	80	154	0	0	0		1	0	0	
-1962934155	scripts/ai/StandardAI.lua	0	768	768	32	256	64	0	32	0	384	80	155	0	0	0		1	0	0	
-1962934154	scripts/ai/StandardAI.lua	0	768	768	32	256	64	0	32	0	384	80	156	0	0	0		1	0	0	
-1962934153	scripts/ai/StandardAI.lua	0	768	768	32	256	64	0	32	0	384	80	157	0	0	0		1	0	0	
-1962934152	scripts/ai/StandardAI.lua	0	768	768	32	256	64	0	32	0	384	80	158	0	0	0		1	0	0	
-1962934151	scripts/ai/StandardAI.lua	0	768	768	32	256	64	0	32	0	384	80	159	0	0	0		1	0	0	
-1962934150	scripts/ai/StandardAI.lua	0	768	768	32	256	64	0	32	0	384	80	160	0	0	0		0	0	0	
-1962934149	scripts/ai/StandardAI.lua	0	768	768	32	256	64	0	32	0	384	80	163	0	0	0		0	0	0	
-1962934148	scripts/ai/StandardAI.lua	0	768	768	32	256	64	0	32	0	384	80	165	0	0	0		0	0	0	
-1962934147	scripts/ai/StandardAI.lua	0	768	768	32	256	64	0	32	0	384	80	166	0	0	0		0	0	0	
-1962934146	scripts/ai/StandardAI.lua	1	768	768	32	256	64	0	32	0	384	80	167	0	0	0		1	0	0	
-1962934145	scripts/ai/StandardAI.lua	0	768	768	32	256	64	0	32	0	384	80	170	0	0	0		1	0	0	
-1962934144	scripts/ai/StandardAI.lua	0	768	768	32	256	64	0	32	0	384	80	193	0	1	0		1	0	0	
-1962934143	scripts/ai/StandardAI.lua	0	768	768	32	256	64	0	32	0	384	80	171	0	1	0		1	0	0	
-1962934142	scripts/ai/StandardAI.lua	1	768	768	32	256	64	0	32	0	384	80	172	0	2	0		1	0	1	
-1962934141	scripts/ai/StandardAI.lua	1	768	768	32	256	64	0	32	0	384	80	172	0	3	0		1	0	1	
-1962934140	scripts/ai/StandardAI.lua	0	768	768	32	256	64	0	32	0	384	80	181	0	0	0		1	0	0	
-1962934139	scripts/ai/StandardAI.lua	0	768	768	32	256	64	0	32	0	384	80	180	0	0	0		1	0	0	
-1962934138	scripts/ai/StandardAI.lua	0	768	768	32	256	64	0	32	0	384	80	179	0	0	0		1	0	0	
-1962934137	scripts/ai/StandardAI.lua	0	768	768	32	256	64	0	32	0	384	80	178	0	1	0		1	0	0	
-1962934136	scripts/ai/StandardAI.lua	0	768	768	32	256	64	0	32	0	384	80	177	0	1	0		1	0	0	
-1962934135	scripts/ai/StandardAI.lua	0	768	768	32	256	64	0	32	0	384	80	175	0	0	0		1	0	0	
-1962934134	scripts/ai/StandardAI.lua	0	768	768	32	256	64	0	32	0	384	80	176	0	0	0		1	0	0	
-1962934133	scripts/ai/StandardAI.lua	1	768	768	32	256	64	0	32	0	384	80	185	0	0	0		1	0	1	
-1962934132	scripts/ai/StandardAI.lua	1	768	768	32	256	64	0	32	0	384	80	184	0	0	0		1	0	1	
-1962934131	scripts/ai/StandardAI.lua	0	768	768	32	256	64	0	32	512	384	80	191	0	0	0		1	0	0	
-1962934130	scripts/ai/StandardAI.lua	0	768	768	32	256	64	0	32	512	384	80	192	0	0	0		1	0	0	
-1962934129	scripts/ai/StandardAI.lua	0	768	768	32	256	64	0	32	512	384	80	199	0	0	0		1	0	0	
-1962934128	scripts/ai/StandardAI.lua	0	768	768	32	256	64	0	32	512	384	80	200	0	0	0		1	0	0	
-1962934127	scripts/ai/StandardAI.lua	0	768	768	32	256	64	0	32	512	384	80	197	0	0	0		1	0	0	
-1962934126	scripts/ai/StandardAI.lua	0	768	768	32	256	64	0	32	512	384	80	201	0	0	0		1	0	0	
-1962934125	scripts/ai/StandardAI.lua	0	768	768	32	256	64	0	32	512	384	80	202	0	0	0		1	0	0	
-1962934124	scripts/ai/StandardAI.lua	0	768	768	32	256	64	0	32	512	384	80	203	0	0	0		1	0	0	
-1962934123	scripts/ai/StandardAI.lua	0	768	768	32	256	64	0	32	512	384	80	204	0	0	0		1	0	0	
-1962934122	scripts/ai/StandardAI.lua	0	768	768	32	256	64	0	32	512	384	80	196	0	0	0		1	0	0	
-1962934121	scripts/ai/StandardAI.lua	0	768	768	32	256	64	0	32	512	384	80	198	0	0	0		1	0	0	
-1962934120	scripts/ai/StandardAI.lua	1	768	768	32	256	64	0	32	0	384	80	207	0	0	0		1	0	1	
-1962934119	scripts/ai/StandardAI.lua	1	768	768	32	256	64	0	32	0	384	80	211	0	3	0		1	0	1	
-1962934118	scripts/ai/StandardAI.lua	1	768	768	32	256	64	0	32	0	384	80	211	0	2	0		1	0	1	
-1962934117	scripts/ai/StandardAI.lua	1	768	768	32	256	64	0	32	0	384	80	218	0	0	0		1	0	0	
-1962934116	scripts/ai/StandardAI.lua	0	768	768	32	256	64	0	32	0	384	80	231	0	0	0		0	0	0	
-1962934115	scripts/ai/StandardAI.lua	1	768	768	32	256	64	0	32	0	384	80	215	0	3	0		1	0	1	
-1962934114	scripts/ai/StandardAI.lua	1	768	768	32	256	64	0	32	0	384	80	215	0	2	0		1	0	1	
-1962934113	scripts/ai/StandardAI.lua	1	768	768	32	256	64	0	32	0	384	80	213	0	3	0		1	0	1	
-1962934112	scripts/ai/StandardAI.lua	1	768	768	32	256	64	0	32	0	384	80	213	0	2	0		1	0	1	
-1962934111	scripts/ai/StandardAI.lua	1	1024	1024	2	1024	64	0	32	0	384	80	248	0	0	0		1	0	1	
-1962934110	scripts/ai/StandardAI.lua	1	1024	1024	2	1024	64	0	32	0	384	80	249	0	0	0		1	0	1	
-1962934109	scripts/ai/StandardAI.lua	1	1024	1024	2	1024	64	0	32	0	384	80	244	0	0	0		1	0	1	
-1962934108	scripts/ai/StandardAI.lua	1	1024	1024	2	1024	64	0	32	0	384	80	245	0	0	0		1	0	1	
-1962934107	scripts/ai/StandardAI.lua	1	1024	1024	2	1024	64	0	32	0	384	80	247	0	0	0		1	0	1	
-1962934106	scripts/ai/StandardAI.lua	1	1024	1024	2	1024	64	0	32	0	384	80	239	0	0	0		1	0	1	
-1962934105	scripts/ai/StandardAI.lua	1	1024	1024	2	1024	64	0	32	0	384	80	258	0	0	0		1	0	1	
-1962934104	scripts/ai/StandardAI.lua	1	1024	1024	2	1024	64	0	32	0	384	80	253	0	0	0		1	0	1	
-1962934103	scripts/ai/StandardAI.lua	1	1024	1024	2	1024	64	0	32	0	384	80	251	0	0	0		1	0	1	
-1962934102	scripts/ai/StandardAI.lua	1	1024	1024	2	1024	64	0	32	0	384	80	252	0	0	0		1	0	1	
-1962934101	scripts/ai/StandardAI.lua	1	1024	1024	2	1024	64	0	32	0	384	80	250	0	0	0		1	0	1	
-1962934100	scripts/ai/StandardAI.lua	1	1024	1024	2	1024	64	0	32	0	384	80	243	0	0	0		1	0	1	
-1962934099	scripts/ai/StandardAI.lua	1	1024	1024	32	1024	64	0	32	0	384	80	257	0	0	0		1	0	1	
-1962934098	scripts/ai/StandardAI.lua	1	1024	1024	2	1024	64	0	32	0	384	80	246	0	0	0		1	0	1	
-1962934097	scripts/ai/StandardAI.lua	1	1024	1024	2	1024	64	0	32	0	384	80	241	0	0	0		1	0	1	
-1962934096	scripts/ai/StandardAI.lua	1	1024	1024	2	1024	64	0	32	0	384	80	242	0	0	0		1	0	1	
-1962934095	scripts/ai/StandardAI.lua	1	1024	1024	2	1024	64	0	32	0	384	80	256	0	0	0		1	0	1	
-1962934094	scripts/ai/StandardAI.lua	1	1024	1024	2	1024	64	0	32	0	384	80	254	0	0	0		1	0	1	
-1962934093	scripts/ai/StandardAI.lua	1	1024	1024	2	1024	64	0	32	0	384	80	240	0	0	0		1	0	1	
-1962934092	scripts/ai/StandardAI.lua	1	1024	1024	2	1024	64	0	32	0	384	80	255	0	0	0		1	0	1	
-1962934091	scripts/ai/StandardAI.lua	1	768	768	32	256	64	0	32	0	384	80	213	0	1	0		1	0	0	
-1962934090	scripts/ai/StandardAI.lua	1	768	768	32	256	64	0	32	0	384	80	215	0	1	0		1	0	0	
-1962934089	scripts/ai/StandardAI.lua	1	768	768	32	256	64	0	32	0	384	80	219	0	2	0		1	0	0	
-1962934088	scripts/ai/StandardAI.lua	1	768	768	32	256	64	0	32	0	384	80	219	0	1	0		1	0	0	
-1962934087	scripts/ai/StandardAI.lua	1	768	768	32	256	64	0	32	0	384	80	219	0	6	0		1	0	0	
-1962934086	scripts/ai/StandardAI.lua	1	768	768	32	256	64	0	32	0	384	80	219	0	5	0		1	0	0	
-1962934085	scripts/ai/StandardAI.lua	1	768	768	32	256	64	0	32	0	384	80	219	0	10	0		1	0	0	
-1962934084	scripts/ai/StandardAI.lua	1	768	768	32	256	64	0	32	0	384	80	219	0	9	0		1	0	0	
-1962934083	scripts/ai/StandardAI.lua	1	768	768	32	256	64	0	32	0	384	80	211	0	1	0		1	0	0	
-1962934082	scripts/ai/StandardAI.lua	1	768	768	32	256	64	0	32	0	384	80	214	0	1	0		1	0	0	
-1962934081	scripts/ai/StandardAI.lua	1	768	768	32	256	64	0	32	0	384	80	212	0	1	0		1	0	0	
-1962934080	scripts/ai/StandardAI.lua	0	768	768	32	256	64	0	32	0	384	80	238	0	0	0		1	0	0	
-1962934079	scripts/ai/StandardAI.lua	0	768	768	32	256	64	0	32	0	384	80	237	0	0	0		1	0	0	
-1962934078	scripts/ai/StandardAI.lua	1	1024	1024	2	1024	64	0	32	0	384	80	259	0	0	0		1	0	1	
-1962934077	scripts/ai/StandardAI.lua	1	1024	1024	2	1024	64	0	32	0	384	80	262	0	0	0		1	0	1	
-1962934076	scripts/ai/StandardAI.lua	1	1024	1024	2	1024	64	0	32	0	384	80	265	0	0	0		1	0	1	
-1962934075	scripts/ai/StandardAI.lua	1	1024	1024	2	1024	64	0	32	0	384	80	264	0	0	0		1	0	1	
-1962934074	scripts/ai/StandardAI.lua	1	1024	1024	2	1024	64	0	32	0	384	80	261	0	0	0		1	0	1	
-1962934073	scripts/ai/StandardAI.lua	1	1024	1024	2	1024	64	0	32	0	384	80	263	0	0	0		1	0	1	
-1962934072	scripts/ai/StandardAI.lua	1	1024	1024	2	1024	64	0	32	0	384	80	266	0	0	0		1	0	1	
-1962934071	scripts/ai/StandardAI.lua	1	1024	1024	2	1024	64	0	32	0	384	80	260	0	0	0		1	0	1	
-1962934070	scripts/ai/StandardAI.lua	0	768	768	32	256	64	0	32	0	384	80	268	0	0	0		1	0	0	
-1962934069	scripts/ai/StandardAI.lua	0	768	768	32	256	64	0	32	0	384	80	270	0	0	0		1	0	0	
-1962934068	scripts/ai/StandardAI.lua	0	768	768	32	256	64	0	32	0	384	80	269	0	0	0		1	0	0	
-1962934067	scripts/ai/StandardAI.lua	0	768	768	32	256	64	0	32	0	384	80	271	0	0	0		1	0	0	
-1962934066	scripts/ai/StandardAI.lua	0	768	768	32	256	64	0	32	0	384	80	272	0	0	0		1	0	0	
-1962934065	scripts/ai/StandardAI.lua	1	768	768	32	256	64	0	32	0	384	80	295	0	0	0		1	0	1	
-1962934064	scripts/ai/StandardAI.lua	1	768	768	32	256	64	0	32	0	384	80	296	0	0	0		1	0	1	
-1962934063	scripts/ai/StandardAI.lua	1	768	768	32	256	64	0	32	0	384	80	297	0	0	0		1	0	1	
-1962934062	scripts/ai/StandardAI.lua	1	768	768	32	256	64	0	32	0	384	80	310	0	1	0		1	0	1	
-1962934061	scripts/ai/StandardAI.lua	1	768	768	32	256	64	0	32	0	384	80	298	0	1	0		1	0	1	
-1962934060	scripts/ai/StandardAI.lua	1	768	768	32	256	64	0	32	0	384	80	298	0	3	0		1	0	1	
-1962934059	scripts/ai/StandardAI.lua	1	768	768	32	256	64	0	32	0	384	80	298	0	2	0		1	0	1	
-1962934058	scripts/ai/StandardAI.lua	1	768	768	32	256	64	0	32	0	384	80	300	0	1	0		1	0	1	
-1962934057	scripts/ai/StandardAI.lua	1	768	768	32	256	64	0	32	0	384	80	300	0	2	0		1	0	1	
-1962934056	scripts/ai/StandardAI.lua	1	768	768	32	256	64	0	32	0	384	80	300	0	3	0		1	0	1	
-1962934055	scripts/ai/StandardAI.lua	1	768	768	32	256	64	0	32	0	384	80	303	0	1	0		1	0	1	
-1962934054	scripts/ai/StandardAI.lua	1	768	768	32	256	64	0	32	0	384	80	303	0	2	0		1	0	1	
-1962934053	scripts/ai/StandardAI.lua	1	768	768	32	256	64	0	32	0	384	80	299	0	1	0		1	0	1	
-1962934052	scripts/ai/StandardAI.lua	1	768	768	32	256	64	0	32	0	384	80	299	0	2	0		1	0	1	
-1962934051	scripts/ai/StandardAI.lua	1	768	768	32	256	64	0	32	0	384	80	301	0	1	0		1	0	1	
-1962934050	scripts/ai/StandardAI.lua	1	768	768	32	256	64	0	32	0	384	80	302	0	1	0		1	0	1	
-1962934049	scripts/ai/StandardAI.lua	1	768	768	32	256	64	0	32	0	384	80	306	0	1	0		1	0	1	
-1962934048	scripts/ai/StandardAI.lua	1	768	768	32	256	64	0	32	0	384	80	307	0	1	0		1	0	1	
-1962934047	scripts/ai/StandardAI.lua	1	768	768	32	256	64	0	32	0	384	80	312	0	1	0		1	0	1	
-1962934046	scripts/ai/StandardAI.lua	1	768	768	32	256	64	0	32	0	384	80	304	0	1	0		1	0	1	
-1962934045	scripts/ai/StandardAI.lua	1	768	768	32	256	64	0	32	0	384	80	304	0	3	0		1	0	1	
-1962934044	scripts/ai/StandardAI.lua	1	768	768	32	256	64	0	32	0	384	80	305	0	1	0		1	0	1	
-1962934043	scripts/ai/StandardAI.lua	1	768	768	32	256	64	0	32	0	384	80	306	0	2	0		1	0	1	
-1962934042	scripts/ai/StandardAI.lua	1	768	768	32	256	64	0	32	0	384	80	307	0	2	0		1	0	1	
-1962934041	scripts/ai/StandardAI.lua	1	768	768	32	256	64	0	32	0	384	80	308	0	1	0		1	0	1	
-1962934040	scripts/ai/StandardAI.lua	1	768	768	32	256	64	0	32	0	384	80	309	0	1	0		1	0	1	
-1962934039	scripts/ai/StandardAI.lua	1	768	768	32	256	64	0	32	0	384	80	309	0	3	0		1	0	1	
-1962934038	scripts/ai/StandardAI.lua	1	768	768	32	256	64	0	32	0	384	80	309	0	2	0		1	0	1	
-1962934037	scripts/ai/StandardAI.lua	1	768	768	32	256	64	0	32	0	384	80	311	0	1	0		1	0	1	
-1962934036	scripts/ai/StandardAI.lua	1	768	768	32	256	64	0	32	0	384	80	311	0	2	0		1	0	1	
-1962934035	scripts/ai/StandardAI.lua	1	768	768	32	256	64	0	32	0	384	80	313	0	1	0		1	0	1	
-1962934034	scripts/ai/StandardAI.lua	1	768	768	32	256	64	0	32	0	384	80	313	0	2	0		1	0	1	
-1962934033	scripts/ai/StandardAI.lua	1	768	768	32	256	64	0	32	0	384	80	314	0	1	0		1	0	1	
-1962934032	scripts/ai/StandardAI.lua	1	768	768	32	256	64	0	32	0	384	80	314	0	2	0		1	0	1	
-1962934031	scripts/ai/StandardAI.lua	1	768	768	32	256	64	0	32	0	384	80	314	0	3	0		1	0	1	
-1962934030	scripts/ai/StandardAI.lua	1	768	768	32	256	64	0	32	0	384	80	315	0	1	0		1	0	1	
-1962934029	scripts/ai/StandardAI.lua	1	768	768	32	256	64	0	32	0	384	80	315	0	2	0		1	0	1	
-1962934028	scripts/ai/StandardAI.lua	1	768	768	32	256	64	0	32	0	384	80	316	0	1	0		1	0	1	
-1962934027	scripts/ai/StandardAI.lua	1	768	768	32	256	64	0	32	0	384	80	316	0	3	0		1	0	1	
-1962934026	scripts/ai/StandardAI.lua	1	768	768	32	256	64	0	32	0	384	80	316	0	2	0		1	0	1	
-1962934025	scripts/ai/StandardAI.lua	1	768	768	32	256	64	0	32	0	384	80	317	0	1	0		1	0	1	
-1962934024	scripts/ai/StandardAI.lua	1	768	768	32	256	64	0	32	0	384	80	317	0	2	0		1	0	1	
-1962934023	scripts/ai/StandardAI.lua	1	768	768	32	256	64	0	32	0	384	80	317	0	3	0		1	0	1	
-1962934022	scripts/ai/StandardAI.lua	1	768	768	32	256	64	0	32	0	384	80	318	0	2	0		1	0	1	
-1962934021	scripts/ai/StandardAI.lua	1	768	768	32	256	64	0	32	0	384	80	318	0	1	0		1	0	1	
-1962934020	scripts/ai/StandardAI.lua	1	768	768	32	256	64	0	32	0	384	80	319	0	1	0		1	0	1	
-1962934019	scripts/ai/StandardAI.lua	1	768	768	32	256	64	0	32	0	384	80	319	0	2	0		1	0	1	
-1962934018	scripts/ai/StandardAI.lua	1	768	768	32	256	64	0	32	0	384	80	339	0	1	0		1	0	1	
-1962934017	scripts/ai/StandardAI.lua	1	768	768	32	256	64	0	32	0	384	80	320	0	1	0		1	0	1	
-1962934016	scripts/ai/StandardAI.lua	1	768	768	32	256	64	0	32	0	384	80	320	0	3	0		1	0	1	
-1962934015	scripts/ai/StandardAI.lua	1	768	768	32	256	64	0	32	0	384	80	320	0	2	0		1	0	1	
-1962934014	scripts/ai/StandardAI.lua	1	768	768	32	256	64	0	32	0	384	80	321	0	1	0		1	0	1	
-1962934013	scripts/ai/StandardAI.lua	1	768	768	32	256	64	0	32	0	384	80	321	0	2	0		1	0	1	
-1962934012	scripts/ai/StandardAI.lua	1	768	768	32	256	64	0	32	0	384	80	321	0	3	0		1	0	1	
-1962934011	scripts/ai/StandardAI.lua	1	768	768	32	256	64	0	32	0	384	80	322	0	1	0		1	0	1	
-1962934010	scripts/ai/StandardAI.lua	1	768	768	32	256	64	0	32	0	384	80	322	0	2	0		1	0	1	
-1962934009	scripts/ai/StandardAI.lua	1	768	768	32	256	64	0	32	0	384	80	322	0	3	0		1	0	1	
-1962934008	scripts/ai/StandardAI.lua	1	768	768	32	256	64	0	32	0	384	80	323	0	1	0		1	0	1	
-1962934007	scripts/ai/StandardAI.lua	1	768	768	32	256	64	0	32	0	384	80	323	0	2	0		1	0	1	
-1962934006	scripts/ai/StandardAI.lua	1	768	768	32	256	64	0	32	0	384	80	325	0	1	0		1	0	1	
-1962934005	scripts/ai/StandardAI.lua	1	768	768	32	256	64	0	32	0	384	80	325	0	2	0		1	0	1	
-1962934004	scripts/ai/StandardAI.lua	1	768	768	32	256	64	0	32	0	384	80	326	0	1	0		1	0	1	
-1962934003	scripts/ai/StandardAI.lua	1	768	768	32	256	64	0	32	0	384	80	326	0	2	0		1	0	1	
-1962934002	scripts/ai/StandardAI.lua	1	768	768	32	256	64	0	32	0	384	80	327	0	1	0		1	0	1	
-1962934001	scripts/ai/StandardAI.lua	1	768	768	32	256	64	0	32	0	384	80	328	0	1	0		1	0	1	
-1962934000	scripts/ai/StandardAI.lua	1	768	768	32	256	64	0	32	0	384	80	329	0	1	0		1	0	1	
-1962933999	scripts/ai/StandardAI.lua	1	768	768	32	256	64	0	32	0	384	80	329	0	2	0		1	0	1	
-1962933998	scripts/ai/StandardAI.lua	1	768	768	32	256	64	0	32	0	384	80	329	0	3	0		1	0	1	
-1962933997	scripts/ai/StandardAI.lua	1	768	768	32	256	64	0	32	0	384	80	330	0	1	0		1	0	1	
-1962933996	scripts/ai/StandardAI.lua	1	768	768	32	256	64	0	32	0	384	80	330	0	2	0		1	0	1	
-1962933995	scripts/ai/StandardAI.lua	1	768	768	32	256	64	0	32	0	384	80	330	0	3	0		1	0	1	
-1962933994	scripts/ai/StandardAI.lua	1	768	768	32	256	64	0	32	0	384	80	331	0	1	0		1	0	1	
-1962933993	scripts/ai/StandardAI.lua	1	768	768	32	256	64	0	32	0	384	80	332	0	1	0		1	0	1	
-1962933992	scripts/ai/StandardAI.lua	1	768	768	32	256	64	0	32	0	384	80	332	0	2	0		1	0	1	
-1962933991	scripts/ai/StandardAI.lua	1	768	768	32	256	64	0	32	0	384	80	333	0	2	0		1	0	1	
-1962933990	scripts/ai/StandardAI.lua	1	768	768	32	256	64	0	32	0	384	80	333	0	1	0		1	0	1	
-1962933989	scripts/ai/StandardAI.lua	1	768	768	32	256	64	0	32	0	384	80	336	0	1	0		1	0	1	
-1962933988	scripts/ai/StandardAI.lua	1	768	768	32	256	64	0	32	0	384	80	336	0	2	0		1	0	1	
-1962933987	scripts/ai/StandardAI.lua	1	768	768	32	256	64	0	32	0	384	80	336	0	3	0		1	0	1	
-1962933986	scripts/ai/StandardAI.lua	1	768	768	32	256	64	0	32	0	384	80	335	0	1	0		1	0	1	
-1962933985	scripts/ai/StandardAI.lua	1	768	768	32	256	64	0	32	0	384	80	335	0	2	0		1	0	1	
-1962933984	scripts/ai/StandardAI.lua	1	768	768	32	256	64	0	32	0	384	80	334	0	1	0		1	0	1	
-1962933983	scripts/ai/StandardAI.lua	1	768	768	32	256	64	0	32	0	384	80	337	0	3	0		1	0	1	
-1962933982	scripts/ai/StandardAI.lua	1	768	768	32	256	64	0	32	0	384	80	337	0	2	0		1	0	1	
-1962933981	scripts/ai/StandardAI.lua	1	768	768	32	256	64	0	32	0	384	80	338	0	1	0		1	0	1	
-1962933980	scripts/ai/StandardAI.lua	1	768	768	32	256	64	0	32	0	384	80	338	0	2	0		1	0	1	
-1962933979	scripts/ai/StandardAI.lua	1	768	768	32	256	64	0	32	0	384	80	340	0	1	0		1	0	1	
-1962933978	scripts/ai/StandardAI.lua	1	768	768	32	256	64	0	32	0	384	80	340	0	2	0		1	0	1	
-1962933977	scripts/ai/StandardAI.lua	1	768	768	32	256	64	0	32	0	384	80	341	0	1	0		1	0	1	
-1962933976	scripts/ai/StandardAI.lua	1	768	768	32	256	64	0	32	0	384	80	341	0	3	0		1	0	1	
-1962933975	scripts/ai/StandardAI.lua	1	768	768	32	256	64	0	32	0	384	80	341	0	2	0		1	0	1	
-1962933974	scripts/ai/StandardAI.lua	1	768	768	32	256	64	0	32	0	384	80	342	0	1	0		1	0	1	
-1962933973	scripts/ai/StandardAI.lua	1	768	768	32	256	64	0	32	0	384	80	342	0	2	0		1	0	1	
-1962933972	scripts/ai/StandardAI.lua	1	768	768	32	256	64	0	32	0	384	80	342	0	3	0		1	0	1	
-1962933971	scripts/ai/StandardAI.lua	1	768	768	32	256	64	0	32	0	384	80	343	0	1	0		1	0	1	
-1962933970	scripts/ai/StandardAI.lua	1	768	768	32	256	64	0	32	0	384	80	343	0	2	0		1	0	1	
-1962933969	scripts/ai/StandardAI.lua	1	768	768	32	256	64	0	32	0	384	80	343	0	3	0		1	0	1	
-1962933968	scripts/ai/StandardAI.lua	1	768	768	32	256	64	0	32	0	384	80	344	0	1	0		1	0	1	
-1962933967	scripts/ai/StandardAI.lua	1	768	768	32	256	64	0	32	0	384	80	344	0	2	0		1	0	1	
-1962933966	scripts/ai/StandardAI.lua	1	768	768	32	256	64	0	32	0	384	80	344	0	3	0		1	0	1	
-1962933965	scripts/ai/StandardAI.lua	1	768	768	32	256	64	0	32	0	384	80	345	0	1	0		1	0	1	
-1962933964	scripts/ai/StandardAI.lua	1	768	768	32	256	64	0	32	0	384	80	346	0	1	0		1	0	1	
-1962933963	scripts/ai/StandardAI.lua	1	768	768	32	256	64	0	32	0	384	80	347	0	1	0		1	0	1	
-1962933962	scripts/ai/StandardAI.lua	1	768	768	32	256	64	0	32	0	384	80	348	0	1	0		1	0	1	
-1962933961	scripts/ai/StandardAI.lua	1	768	768	32	256	64	0	32	0	384	80	348	0	3	0		1	0	1	
-1962933960	scripts/ai/StandardAI.lua	1	768	768	32	256	64	0	32	0	384	80	348	0	2	0		1	0	1	
-1962933959	scripts/ai/StandardAI.lua	1	768	768	32	256	64	0	32	0	384	80	349	0	1	0		1	0	1	
-1962933958	scripts/ai/StandardAI.lua	1	768	768	32	256	64	0	32	0	384	80	349	0	2	0		1	0	1	
-1962933957	scripts/ai/StandardAI.lua	1	768	768	32	256	64	0	32	0	384	80	350	0	1	0		1	0	1	
-1962933956	scripts/ai/StandardAI.lua	1	768	768	32	256	64	0	32	0	384	80	350	0	2	0		1	0	1	
-1962933955	scripts/ai/StandardAI.lua	1	768	768	32	256	64	0	32	0	384	80	351	0	1	0		1	0	1	
-1962933954	scripts/ai/StandardAI.lua	1	768	768	32	256	64	0	32	0	384	80	352	0	1	0		1	0	1	
-1962933953	scripts/ai/StandardAI.lua	1	768	768	32	256	64	0	32	0	384	80	324	0	2	0		1	0	1	
-1962933952	scripts/ai/StandardAI.lua	1	768	768	32	256	64	0	32	0	384	80	353	0	1	0		1	0	1	
-1962933951	scripts/ai/StandardAI.lua	1	768	768	32	256	64	0	32	0	384	80	354	0	1	0		1	0	1	
-1962933950	scripts/ai/StandardAI.lua	1	768	768	32	256	64	0	32	0	384	80	355	0	1	0		1	0	1	
-1962933949	scripts/ai/StandardAI.lua	1	768	768	32	256	64	0	32	0	384	80	355	0	3	0		1	0	1	
-1962933948	scripts/ai/StandardAI.lua	1	768	768	32	256	64	0	32	0	384	80	355	0	2	0		1	0	1	
-1962933947	scripts/ai/StandardAI.lua	1	768	768	32	256	64	0	32	0	384	80	356	0	1	0		1	0	1	
-1962933946	scripts/ai/StandardAI.lua	1	768	768	32	256	64	0	32	0	384	80	356	0	3	0		1	0	1	
-1962933945	scripts/ai/StandardAI.lua	1	768	768	32	256	64	0	32	0	384	80	357	0	1	0		1	0	1	
-1962933944	scripts/ai/StandardAI.lua	1	768	768	32	256	64	0	32	0	384	80	358	0	1	0		1	0	1	
-1962933943	scripts/ai/StandardAI.lua	1	768	768	32	256	64	0	32	0	384	80	358	0	2	0		1	0	1	
