AIType	ScriptFile	IsPositive	AlertRange	SearchPlayerDistance	AlertOverTime	AttackRange	EscapeTime	EscapeRange	EscapeInterval	WanderRange	WanderDistance	WanderInterval	PatrolPathID	EscapeLife	PatrolOrderIndex	ReviveTeammate	CustomArguments	IsAutoTurn	NpcSceneType	IsSnarlInFight	DialogIdleTime
1744830465	scripts/ai/StandardAI.lua	0	768	768	32	256	64	960	32	0	0	80	0	30	0	0		1	0	0	
1744830466	scripts/ai/StandardAI.lua	0	768	768	32	256	64	0	32	0	384	80	2	0	0	0		1	0	0	
1744830467	scripts/ai/StandardAI.lua	1	768	768	32	256	64	0	32	0	384	80	152	0	0	0		1	0	1	
1744830468	scripts/ai/StandardAI.lua	1	768	768	32	256	64	0	32	0	384	80	135	0	1	0		1	0	1	
1744830469	scripts/ai/StandardAI.lua	1	768	768	32	256	64	0	32	0	384	80	136	0	1	0		1	0	1	
1744830470	scripts/ai/StandardAI.lua	1	768	768	32	256	64	0	32	0	0	80	0	0	0	0		1	0	1	
1744830471	scripts/ai/StandardAI.lua	1	768	768	32	256	64	0	32	0	0	80	112	0	0	0		1	0	1	
1744830472	scripts/ai/StandardAI.lua	1	768	768	32	256	64	0	32	0	0	80	114	0	0	0		1	0	1	
1744830473	scripts/ai/StandardAI.lua	1	768	768	32	256	64	0	32	0	0	80	113	0	0	0		1	0	1	
1744830474	scripts/ai/StandardAI.lua	1	768	768	32	256	64	0	32	0	0	80	111	0	0	0		1	0	1	
1744830475	scripts/ai/StandardAI.lua	1	768	768	32	256	64	0	32	0	384	80	141	0	0	0		1	0	1	
1744830476	scripts/ai/StandardAI.lua	1	768	768	32	256	64	0	32	0	384	80	142	0	0	0		1	0	1	
1744830477	scripts/ai/StandardAI.lua	1	768	768	32	256	64	0	32	0	384	80	149	0	2	0		1	0	1	
1744830478	scripts/ai/StandardAI.lua	1	768	768	32	256	64	0	32	0	384	80	148	0	3	0		1	0	1	
1744830479	scripts/ai/StandardAI.lua	1	768	768	32	256	64	0	32	0	384	80	148	0	2	0		1	0	1	
1744830480	scripts/ai/StandardAI.lua	1	768	768	32	256	64	0	32	0	384	80	147	0	2	0		1	0	1	
1744830481	scripts/ai/StandardAI.lua	1	768	768	32	256	64	0	32	0	384	80	148	0	1	0		1	0	1	
1744830482	scripts/ai/StandardAI.lua	1	768	768	32	256	64	0	32	0	384	80	147	0	1	0		1	0	1	
1744830483	scripts/ai/StandardAI.lua	1	768	768	32	256	64	0	32	0	384	80	149	0	1	0		1	0	1	
1744830484	scripts/ai/StandardAI.lua	1	768	768	32	256	64	0	32	0	384	80	146	0	1	0		1	0	1	
1744830485	scripts/ai/StandardAI.lua	1	768	768	32	256	64	0	32	0	384	80	143	0	1	0		1	0	1	
1744830486	scripts/ai/StandardAI.lua	1	768	768	32	256	64	0	32	0	384	80	143	0	2	0		1	0	1	
1744830487	scripts/ai/StandardAI.lua	1	768	768	32	256	64	0	32	0	384	80	0	0	1	0		1	0	1	
1744830488	scripts/ai/StandardAI.lua	1	768	768	32	256	64	0	32	0	384	80	146	0	2	0		1	0	1	
1744830489	scripts/ai/StandardAI.lua	1	768	768	32	256	64	0	32	0	384	80	5	0	1	0		1	0	1	
1744830490	scripts/ai/StandardAI.lua	1	768	768	32	256	64	0	32	0	384	80	144	0	0	0		1	0	1	
1744830491	scripts/ai/StandardAI.lua	1	768	768	32	256	64	0	32	0	384	80	203	0	0	0		1	0	1	
1744830492	scripts/ai/StandardAI.lua	1	768	768	32	256	64	0	32	0	384	80	204	0	0	0		1	0	1	
1744830493	scripts/ai/StandardAI.lua	1	768	768	32	256	64	0	32	0	384	80	222	0	1	0		1	0	1	
1744830494	scripts/ai/StandardAI.lua	1	768	768	32	256	64	0	32	0	384	80	0	0	2	0		1	0	1	
1744830495	scripts/ai/StandardAI.lua	0	768	768	32	256	64	960	32	512	0	80	18	30	1	0		1	0	0	
1744830496	scripts/ai/StandardAI.lua	0	768	768	32	256	64	960	32	512	0	80	18	30	2	0		1	0	0	
1744830497	scripts/ai/StandardAI.lua	0	768	768	32	256	64	0	32	0	384	80	275	0	1	0		1	0	0	
1744830498	scripts/ai/StandardAI.lua	1	768	768	32	256	64	0	32	0	384	80	277	0	1	0		1	0	1	
1744830499	scripts/ai/StandardAI.lua	1	768	768	32	256	64	0	32	0	384	80	280	0	1	0		1	0	1	
1744830500	scripts/ai/StandardAI.lua	1	768	768	32	256	64	0	32	0	384	80	280	0	3	0		1	0	1	
1744830501	scripts/ai/StandardAI.lua	0	768	768	32	256	64	0	32	0	384	80	276	0	0	0		1	0	0	
1744830502	scripts/ai/StandardAI.lua	1	768	768	32	256	64	0	32	0	384	80	523	0	1	0		1	0	1	
1744830503	scripts/ai/StandardAI.lua	1	768	768	32	256	64	0	32	0	384	80	0	0	4	0		1	0	1	
1744830504	scripts/ai/StandardAI.lua	1	768	768	32	256	64	0	32	0	384	80	0	0	3	0		1	0	1	
1744830505	scripts/ai/StandardAI.lua	1	768	768	32	256	64	0	32	0	384	80	278	0	1	0		1	0	1	
1744830506	scripts/ai/StandardAI.lua	1	768	768	32	256	64	0	32	0	384	80	280	0	2	0		1	0	1	
1744830507	scripts/ai/StandardAI.lua	1	768	768	32	256	64	0	32	0	384	80	64	0	0	0		1	0	1	
1744830508	scripts/ai/StandardAI.lua	1	768	768	32	256	64	960	32	512	0	80	27	30	2	0		1	0	0	
1744830509	scripts/ai/StandardAI.lua	1	768	768	32	256	64	960	32	512	0	80	27	30	1	0		1	0	0	
1744830510	scripts/ai/StandardAI.lua	1	1024	768	32	256	64	0	32	0	384	80	374	0	1	0		1	0	1	
1744830511	scripts/ai/StandardAI.lua	1	768	768	32	256	64	0	32	0	384	80	505	0	1	0		1	0	1	
1744830512	scripts/ai/StandardAI.lua	1	768	768	32	256	64	0	32	0	384	80	429	0	1	0		1	0	1	
1744830513	scripts/ai/StandardAI.lua	1	768	768	32	256	64	0	32	0	384	80	430	0	1	0		1	0	1	
1744830514	scripts/ai/StandardAI.lua	1	768	768	32	256	64	0	32	0	384	80	431	0	1	0		1	0	1	
1744830515	scripts/ai/StandardAI.lua	1	768	768	32	256	64	0	32	0	384	80	37	0	0	0		1	0	1	
1744830516	scripts/ai/StandardAI.lua	1	768	768	32	256	64	0	32	0	384	80	54	0	0	0		1	0	1	
1744830517	scripts/ai/StandardAI.lua	1	768	768	32	256	64	0	32	768	384	30	0	0	0	0		1	0	1	
1744830518	scripts/ai/StandardAI.lua	1	768	768	32	256	64	0	32	768	384	50	0	0	0	0		1	0	1	
1744830519	scripts/ai/StandardAI.lua	1	768	768	32	256	64	0	32	512	384	80	0	0	1	0		1	0	1	
1744830520	scripts/ai/StandardAI.lua	1	768	768	32	256	64	0	32	0	384	80	158	0	0	0		1	0	1	
1744830521	scripts/ai/StandardAI.lua	1	768	768	32	256	64	0	32	0	384	80	161	0	0	0		1	0	1	
1744830522	scripts/ai/StandardAI.lua	1	768	768	32	256	64	0	32	0	384	80	160	0	0	0		1	0	1	
1744830523	scripts/ai/StandardAI.lua	1	768	768	32	256	64	0	32	768	384	80	0	0	0	0		1	0	1	
1744830524	scripts/ai/StandardAI.lua	1	768	768	32	256	64	0	32	0	384	80	159	0	0	0		1	0	1	
1744830525	scripts/ai/StandardAI.lua	1	768	768	32	256	64	0	32	0	384	80	157	0	0	0		1	0	1	
1744830526	scripts/ai/StandardAI.lua	1	768	768	32	256	64	0	32	0	384	80	50	0	0	0		1	0	1	
1744830527	scripts/ai/StandardAI.lua	1	768	768	32	256	64	0	32	0	384	80	50	0	1	0		1	0	1	
1744830528	scripts/ai/StandardAI.lua	1	768	768	32	256	64	0	32	0	384	80	59	0	1	0		1	0	1	
1744830529	scripts/ai/StandardAI.lua	1	768	768	32	256	64	0	32	0	384	80	56	0	0	0		1	0	1	
1744830530	scripts/ai/StandardAI.lua	1	768	768	32	256	64	0	32	0	384	80	50	0	2	0		1	0	1	
1744830531	scripts/ai/StandardAI.lua	1	768	768	32	256	64	0	32	0	384	80	49	0	0	0		1	0	1	
1744830532	scripts/ai/StandardAI.lua	1	768	768	32	256	64	0	32	0	384	80	153	0	0	0		1	0	1	
1744830533	scripts/ai/StandardAI.lua	1	768	768	32	256	64	0	32	0	384	80	164	0	0	0		1	0	1	
1744830534	scripts/ai/StandardAI.lua	1	768	768	32	256	64	0	32	0	384	80	191	0	1	0		1	0	1	
1744830535	scripts/ai/StandardAI.lua	1	768	768	32	256	64	0	32	0	384	80	155	0	0	0		1	0	1	
1744830536	scripts/ai/StandardAI.lua	1	768	768	32	256	64	0	32	0	384	80	156	0	0	0		1	0	1	
1744830537	scripts/ai/StandardAI.lua	1	768	768	32	256	64	0	32	0	384	80	154	0	0	0		1	0	1	
1744830538	scripts/ai/StandardAI.lua	1	768	768	32	256	64	0	32	0	384	80	59	0	2	0		1	0	1	
1744830539	scripts/ai/StandardAI.lua	1	768	768	32	256	64	0	32	0	384	80	39	0	1	0		1	0	1	
1744830540	scripts/ai/StandardAI.lua	1	768	768	32	256	64	0	32	0	384	80	39	0	2	0		1	0	1	
1744830541	scripts/ai/StandardAI.lua	1	768	768	32	256	64	0	32	0	384	80	170	0	0	0		1	0	1	
1744830542	scripts/ai/StandardAI.lua	1	768	768	32	256	64	0	32	0	384	80	169	0	0	0		1	0	1	
1744830543	scripts/ai/StandardAI.lua	1	768	768	32	256	64	0	32	0	384	80	168	0	0	0		1	0	1	
1744830544	scripts/ai/StandardAI.lua	1	768	768	32	256	64	0	32	0	384	80	174	0	0	0		1	0	1	
1744830545	scripts/ai/StandardAI.lua	1	768	768	32	256	64	0	32	0	384	80	173	0	0	0		1	0	1	
1744830546	scripts/ai/StandardAI.lua	1	768	768	32	256	64	0	32	0	384	80	178	0	0	0		1	0	1	
1744830547	scripts/ai/StandardAI.lua	1	768	768	32	256	64	0	32	0	384	80	179	0	0	0		1	0	1	
1744830548	scripts/ai/StandardAI.lua	1	768	768	32	256	64	0	32	0	384	80	171	0	0	0		1	0	1	
1744830549	scripts/ai/StandardAI.lua	1	768	768	32	256	64	0	32	0	384	80	311	0	1	0		1	0	1	
1744830550	scripts/ai/StandardAI.lua	1	768	768	32	256	64	0	32	0	384	80	312	0	2	0		1	0	1	
1744830551	scripts/ai/StandardAI.lua	1	768	768	32	256	64	0	32	0	384	80	312	0	1	0		1	0	1	
1744830552	scripts/ai/StandardAI.lua	1	768	768	32	256	64	0	32	0	384	80	313	0	1	0		1	0	1	
1744830553	scripts/ai/StandardAI.lua	1	768	768	32	256	64	0	32	0	384	80	314	0	1	0		1	0	1	
1744830554	scripts/ai/StandardAI.lua	1	768	768	32	256	64	0	32	0	384	80	314	0	2	0		1	0	1	
1744830555	scripts/ai/StandardAI.lua	1	768	768	32	256	64	0	32	0	384	80	80	0	0	0		1	0	1	
1744830556	scripts/ai/StandardAI.lua	1	768	768	32	256	64	512	32	0	384	80	0	0	0	0		1	0	1	
1744830557	scripts/ai/StandardAI.lua	1	768	768	32	256	64	0	32	0	384	80	43	0	0	0		1	0	1	
1744830558	scripts/ai/StandardAI.lua	1	768	768	32	256	64	0	32	0	384	80	43	0	1	0		1	0	1	
1744830559	scripts/ai/StandardAI.lua	1	768	768	32	256	64	0	32	0	384	80	42	0	0	0		1	0	1	
1744830560	scripts/ai/StandardAI.lua	1	768	768	32	256	64	0	32	0	384	80	42	0	1	0		1	0	1	
1744830561	scripts/ai/StandardAI.lua	1	768	768	32	256	64	0	32	0	384	80	41	0	0	0		1	0	1	
1744830562	scripts/ai/StandardAI.lua	1	768	768	32	256	64	0	32	0	384	80	41	0	1	0		1	0	1	
1744830563	scripts/ai/StandardAI.lua	1	768	768	32	256	64	0	32	0	384	80	319	0	1	0		1	0	1	
1744830564	scripts/ai/StandardAI.lua	1	768	768	32	256	64	0	32	0	384	80	316	0	1	0		1	0	1	
1744830565	scripts/ai/StandardAI.lua	1	768	768	32	256	64	0	32	0	384	80	317	0	1	0		1	0	1	
1744830566	scripts/ai/StandardAI.lua	1	768	768	32	256	64	1024	32	0	384	80	0	0	0	0		1	0	1	
1744830567	scripts/ai/StandardAI.lua	1	768	768	32	256	64	0	32	0	384	80	88	0	1	0		1	0	1	
1744830568	scripts/ai/StandardAI.lua	1	768	768	32	256	64	0	32	0	384	80	108	0	0	0		1	0	1	
1744830569	scripts/ai/StandardAI.lua	1	768	768	32	256	64	0	32	0	384	80	132	0	0	0		1	0	1	
1744830570	scripts/ai/StandardAI.lua	1	768	768	32	256	64	0	32	512	384	80	0	0	0	0		1	0	1	
1744830571	scripts/ai/StandardAI.lua	1	768	768	32	256	64	0	32	0	384	80	131	0	0	0		1	0	1	
1744830572	scripts/ai/StandardAI.lua	1	768	768	32	256	64	0	32	0	384	80	133	0	0	0		1	0	1	
1744830573	scripts/ai/StandardAI.lua	1	768	768	32	256	64	0	32	0	384	80	104	0	0	0		1	0	1	
1744830574	scripts/ai/StandardAI.lua	1	768	768	32	256	64	0	32	0	384	80	102	0	0	0		1	0	1	
1744830575	scripts/ai/StandardAI.lua	0	768	768	32	256	64	960	32	512	0	80	44	30	0	0		1	0	0	
1744830576	scripts/ai/StandardAI.lua	0	768	768	32	256	64	960	32	512	0	80	45	30	0	0		1	0	0	
1744830577	scripts/ai/StandardAI.lua	0	768	768	32	256	64	960	32	0	384	80	46	30	0	0		1	0	0	
1744830578	scripts/ai/StandardAI.lua	1	768	768	32	256	64	0	32	0	384	80	58	0	0	0		1	0	1	
1744830579	scripts/ai/StandardAI.lua	0	768	768	32	256	64	960	32	512	0	80	57	30	2	0		0	0	0	
1744830580	scripts/ai/StandardAI.lua	0	768	768	32	256	64	960	32	512	0	80	48	30	2	0		0	0	0	
1744830581	scripts/ai/StandardAI.lua	0	768	768	32	256	64	0	32	0	384	80	60	0	1	0		1	0	0	
1744830582	scripts/ai/StandardAI.lua	0	768	768	32	256	64	0	32	0	384	80	60	0	3	0		1	0	0	
1744830583	scripts/ai/StandardAI.lua	0	768	768	32	256	64	0	32	0	384	80	60	0	6	0		1	0	0	
1744830584	scripts/ai/StandardAI.lua	0	768	768	32	256	64	0	32	0	384	80	60	0	2	0		1	0	0	
1744830585	scripts/ai/StandardAI.lua	0	768	768	32	256	64	0	32	0	384	80	60	0	7	0		1	0	0	
1744830586	scripts/ai/StandardAI.lua	0	768	768	32	256	64	0	32	0	384	80	60	0	4	0		0	0	0	
1744830587	scripts/ai/StandardAI.lua	1	768	768	32	256	64	0	32	0	384	80	61	0	4	0		1	0	1	
1744830588	scripts/ai/StandardAI.lua	1	768	768	32	256	64	0	32	0	384	80	61	0	3	0		1	0	1	
1744830589	scripts/ai/StandardAI.lua	1	768	768	32	256	64	0	32	0	384	80	61	0	5	0		1	0	1	
1744830590	scripts/ai/StandardAI.lua	1	768	768	32	256	64	0	32	0	384	80	61	0	8	0		1	0	1	
1744830591	scripts/ai/StandardAI.lua	1	768	768	32	256	64	0	32	0	384	80	61	0	9	0		1	0	1	
1744830592	scripts/ai/StandardAI.lua	1	768	768	32	256	64	0	32	0	384	80	61	0	10	0		1	0	1	
1744830593	scripts/ai/StandardAI.lua	1	768	768	32	256	64	960	32	0	384	80	61	30	1	0		1	0	1	
1744830594	scripts/ai/StandardAI.lua	1	1024	768	32	256	64	0	32	0	384	80	283	0	1	0		1	0	1	
1744830595	scripts/ai/StandardAI.lua	1	768	768	32	256	64	0	32	1024	384	80	0	0	0	0		1	0	1	
1744830596	scripts/ai/StandardAI.lua	1	768	768	32	256	64	0	32	0	384	80	91	0	0	0		1	0	1	
1744830597	scripts/ai/StandardAI.lua	0	768	768	32	256	64	512	32	0	384	80	0	0	0	0		1	0	0	
1744830598	scripts/ai/StandardAI.lua	0	768	768	32	256	64	960	32	512	384	80	100	30	1	0		1	0	0	
1744830599	scripts/ai/StandardAI.lua	0	768	768	32	256	64	960	32	512	384	80	100	30	2	0		1	0	0	
1744830600	scripts/ai/StandardAI.lua	0	768	768	32	256	64	960	32	512	384	80	100	30	3	0		1	0	0	
1744830601	scripts/ai/StandardAI.lua	0	768	768	32	256	64	0	32	0	384	80	101	0	3	0		1	0	0	
1744830602	scripts/ai/StandardAI.lua	0	768	768	32	256	64	960	32	0	384	80	101	30	2	0		1	0	0	
1744830603	scripts/ai/StandardAI.lua	0	768	768	32	256	64	0	32	0	384	80	101	0	4	0		1	0	0	
1744830604	scripts/ai/StandardAI.lua	0	768	768	32	256	64	960	32	0	384	80	101	30	8	0		1	0	0	
1744830605	scripts/ai/StandardAI.lua	0	768	768	32	256	64	0	32	0	384	80	101	0	6	0		1	0	0	
1744830606	scripts/ai/StandardAI.lua	0	768	768	32	256	64	960	32	0	384	80	101	30	7	0		1	0	0	
1744830607	scripts/ai/StandardAI.lua	0	768	768	32	256	64	960	32	0	384	80	125	30	0	0		1	0	0	
1744830608	scripts/ai/StandardAI.lua	0	768	768	32	256	64	960	32	512	384	80	116	30	3	0		1	0	0	
1744830609	scripts/ai/StandardAI.lua	0	768	768	32	256	64	960	32	512	384	80	116	30	1	0		1	0	0	
1744830610	scripts/ai/StandardAI.lua	0	768	768	32	256	64	960	32	512	384	80	116	30	2	0		1	0	0	
1744830611	scripts/ai/StandardAI.lua	0	768	768	32	256	64	960	32	512	384	80	126	30	0	0		1	0	0	
1744830612	scripts/ai/StandardAI.lua	0	768	768	32	256	64	0	32	0	384	80	127	0	0	0		1	0	0	
1744830613	scripts/ai/StandardAI.lua	1	768	768	32	256	64	0	32	0	384	80	128	0	0	0		1	0	1	
1744830614	scripts/ai/StandardAI.lua	1	768	768	32	256	64	0	32	0	384	80	129	0	0	0		1	0	1	
1744830615	scripts/ai/StandardAI.lua	1	768	768	32	256	64	0	32	0	384	80	130	0	0	0		1	0	1	
1744830616	scripts/ai/StandardAI.lua	1	768	768	32	256	64	0	32	0	384	80	134	0	1	0		1	0	1	
1744830617	scripts/ai/StandardAI.lua	1	768	768	32	256	64	0	32	0	384	80	134	0	2	0		1	0	1	
1744830618	scripts/ai/StandardAI.lua	1	768	768	32	256	64	0	32	0	384	80	134	0	3	0		1	0	1	
1744830619	scripts/ai/StandardAI.lua	1	768	768	32	256	64	0	32	0	384	80	135	0	3	0		1	0	1	
1744830620	scripts/ai/StandardAI.lua	1	768	768	32	256	64	0	32	0	384	80	135	0	2	0		1	0	1	
1744830621	scripts/ai/StandardAI.lua	1	768	768	32	256	64	0	32	0	384	80	136	0	2	0		1	0	1	
1744830622	scripts/ai/StandardAI.lua	1	768	768	32	256	64	0	32	0	384	80	136	0	3	0		1	0	1	
1744830623	scripts/ai/StandardAI.lua	1	768	768	32	256	64	0	32	0	384	80	137	0	1	0		1	0	1	
1744830624	scripts/ai/StandardAI.lua	1	768	768	32	256	64	0	32	0	384	80	137	0	2	0		1	0	1	
1744830625	scripts/ai/StandardAI.lua	0	768	768	32	256	64	960	32	512	0	80	138	30	0	0		1	0	0	
1744830626	scripts/ai/StandardAI.lua	1	768	768	32	256	64	0	32	0	384	80	139	0	0	0		1	0	1	
1744830627	scripts/ai/StandardAI.lua	1	768	768	32	256	64	0	32	0	384	80	140	0	0	0		1	0	1	
1744830628	scripts/ai/StandardAI.lua	1	768	768	32	256	64	0	32	0	384	80	145	0	0	0		1	0	1	
1744830629	scripts/ai/StandardAI.lua	1	768	768	32	256	64	0	32	0	384	80	150	0	0	0		1	0	1	
1744830630	scripts/ai/StandardAI.lua	1	768	768	32	256	64	0	32	0	384	80	151	0	1	0		1	0	1	
1744830631	scripts/ai/StandardAI.lua	1	768	768	32	256	64	0	32	0	384	80	162	0	0	0		1	0	1	
1744830632	scripts/ai/StandardAI.lua	1	768	768	32	256	64	0	32	0	384	80	163	0	0	0		1	0	1	
1744830633	scripts/ai/StandardAI.lua	0	768	768	32	256	64	960	32	512	384	80	165	30	1	0		1	0	0	
1744830634	scripts/ai/StandardAI.lua	0	768	768	32	256	64	960	32	512	384	80	165	30	2	0		1	0	0	
1744830635	scripts/ai/StandardAI.lua	0	768	768	32	256	64	960	32	512	384	80	165	30	3	0		1	0	0	
1744830636	scripts/ai/StandardAI.lua	0	768	768	32	256	64	960	32	512	384	80	166	30	1	0		1	0	0	
1744830637	scripts/ai/StandardAI.lua	0	768	768	32	256	64	960	32	512	384	80	166	30	2	0		1	0	0	
1744830638	scripts/ai/StandardAI.lua	0	768	768	32	256	64	960	32	0	384	80	0	30	0	0		1	0	0	
1744830639	scripts/ai/StandardAI.lua	0	768	768	32	256	64	960	32	512	384	80	167	30	1	0		1	0	0	
1744830640	scripts/ai/StandardAI.lua	0	768	768	32	256	64	960	32	512	384	80	167	30	2	0		1	0	0	
1744830641	scripts/ai/StandardAI.lua	0	768	768	32	256	64	960	32	512	0	80	57	30	1	0		1	0	0	
1744830642	scripts/ai/StandardAI.lua	0	768	768	32	256	64	960	32	512	0	80	48	30	1	0		1	0	0	
1744830643	scripts/ai/StandardAI.lua	1	768	768	32	256	64	0	32	0	384	80	172	0	0	0		1	0	1	
1744830644	scripts/ai/StandardAI.lua	1	768	768	32	256	64	0	32	0	384	80	175	0	0	0		1	0	1	
1744830645	scripts/ai/StandardAI.lua	1	768	768	32	256	64	0	32	0	384	80	176	0	0	0		1	0	1	
1744830646	scripts/ai/StandardAI.lua	1	768	768	32	256	64	0	32	0	384	80	177	0	0	0		1	0	1	
1744830647	scripts/ai/StandardAI.lua	1	768	768	32	256	64	0	32	0	384	80	181	0	0	0		1	0	1	
1744830648	scripts/ai/StandardAI.lua	0	768	768	32	256	64	960	32	512	384	80	0	30	3	0		1	0	0	
1744830649	scripts/ai/StandardAI.lua	0	768	768	32	256	64	0	32	0	384	80	0	0	3	0		1	0	0	
1744830650	scripts/ai/StandardAI.lua	1	768	768	32	256	64	0	32	0	384	80	188	0	0	0		1	0	1	
1744830651	scripts/ai/StandardAI.lua	1	768	768	32	256	64	0	32	0	384	80	189	0	0	0		1	0	1	
1744830652	scripts/ai/StandardAI.lua	1	768	768	32	256	64	0	32	0	384	80	205	0	1	0		1	0	1	
1744830653	scripts/ai/StandardAI.lua	1	768	768	32	256	64	0	32	0	384	80	212	0	1	0		1	0	1	
1744830654	scripts/ai/StandardAI.lua	1	768	768	32	256	64	0	32	0	384	80	207	0	1	0		1	0	1	
1744830655	scripts/ai/StandardAI.lua	1	768	768	32	256	64	0	32	0	384	80	208	0	1	0		1	0	1	
1744830656	scripts/ai/StandardAI.lua	1	768	768	32	256	64	0	32	0	384	80	209	0	1	0		1	0	1	
1744830657	scripts/ai/StandardAI.lua	1	768	768	32	256	64	0	32	0	384	80	210	0	1	0		1	0	1	
1744830658	scripts/ai/StandardAI.lua	1	768	768	32	256	64	0	32	0	384	80	211	0	1	0		1	0	1	
1744830659	scripts/ai/StandardAI.lua	1	768	768	32	256	64	0	32	0	384	80	213	0	1	0		1	0	1	
1744830660	scripts/ai/StandardAI.lua	1	768	768	32	256	64	0	32	0	384	80	522	0	1	0		1	0	1	
1744830661	scripts/ai/StandardAI.lua	1	768	768	32	256	64	0	32	0	384	80	215	0	1	0		1	0	1	
1744830662	scripts/ai/StandardAI.lua	1	768	768	32	256	64	0	32	0	384	80	217	0	2	0		1	0	1	
1744830663	scripts/ai/StandardAI.lua	1	768	768	32	256	64	0	32	0	384	80	217	0	1	0		1	0	1	
1744830664	scripts/ai/StandardAI.lua	1	768	768	32	256	64	0	32	0	384	80	219	0	1	0		1	0	1	
1744830665	scripts/ai/StandardAI.lua	1	768	768	32	256	64	0	32	0	384	80	220	0	1	0		1	0	1	
1744830666	scripts/ai/StandardAI.lua	1	768	768	32	256	64	0	32	0	384	80	221	0	2	0		1	0	1	
1744830667	scripts/ai/StandardAI.lua	1	768	768	32	256	64	0	32	0	384	80	221	0	1	0		1	0	1	
1744830668	scripts/ai/StandardAI.lua	1	768	768	32	256	64	0	32	0	384	80	223	0	1	0		1	0	1	
1744830669	scripts/ai/StandardAI.lua	1	768	768	32	256	64	0	32	0	384	80	224	0	1	0		1	0	1	
1744830670	scripts/ai/StandardAI.lua	1	768	768	32	256	64	0	32	0	384	80	225	0	1	0		1	0	1	
1744830671	scripts/ai/StandardAI.lua	1	768	768	32	256	64	0	32	0	384	80	226	0	1	0		1	0	1	
1744830672	scripts/ai/StandardAI.lua	1	768	768	32	256	64	0	32	0	384	80	227	0	1	0		1	0	1	
1744830673	scripts/ai/StandardAI.lua	1	768	768	32	256	64	0	32	0	384	80	228	0	1	0		1	0	1	
1744830674	scripts/ai/StandardAI.lua	1	768	768	32	256	64	0	32	0	384	80	229	0	1	0		1	0	1	
1744830675	scripts/ai/StandardAI.lua	1	768	768	32	256	64	0	32	0	384	80	230	0	1	0		1	0	1	
1744830676	scripts/ai/StandardAI.lua	1	768	768	32	256	64	0	32	0	384	80	241	0	1	0		1	0	1	
1744830677	scripts/ai/StandardAI.lua	1	768	768	32	256	64	0	32	0	384	80	232	0	1	0		1	0	1	
1744830678	scripts/ai/StandardAI.lua	1	768	768	32	256	64	0	32	0	384	80	233	0	1	0		1	0	1	
1744830679	scripts/ai/StandardAI.lua	1	768	768	32	256	64	0	32	0	384	80	234	0	0	0		1	0	1	
1744830680	scripts/ai/StandardAI.lua	1	768	768	32	256	64	0	32	0	384	80	235	0	1	0		1	0	1	
1744830681	scripts/ai/StandardAI.lua	1	768	768	32	256	64	0	32	0	384	80	236	0	1	0		1	0	1	
1744830682	scripts/ai/StandardAI.lua	1	768	768	32	256	64	0	32	0	384	80	237	0	1	0		1	0	1	
1744830683	scripts/ai/StandardAI.lua	1	768	768	32	256	64	0	32	0	384	80	238	0	1	0		1	0	1	
1744830684	scripts/ai/StandardAI.lua	1	768	768	32	256	64	0	32	0	384	80	239	0	1	0		1	0	1	
1744830685	scripts/ai/StandardAI.lua	1	768	768	32	256	64	0	32	0	384	80	240	0	1	0		1	0	1	
1744830686	scripts/ai/StandardAI.lua	1	768	768	32	256	64	0	32	0	384	80	242	0	1	0		1	0	1	
1744830687	scripts/ai/StandardAI.lua	1	768	768	32	256	64	0	32	0	384	80	243	0	1	0		1	0	1	
1744830688	scripts/ai/StandardAI.lua	1	768	768	32	256	64	0	32	0	384	80	244	0	1	0		1	0	1	
1744830689	scripts/ai/StandardAI.lua	1	768	768	32	256	64	0	32	0	384	80	245	0	1	0		1	0	1	
1744830690	scripts/ai/StandardAI.lua	1	768	768	32	256	64	0	32	0	384	80	246	0	1	0		1	0	1	
1744830691	scripts/ai/StandardAI.lua	1	768	768	32	256	64	0	32	0	384	80	247	0	1	0		1	0	1	
1744830692	scripts/ai/StandardAI.lua	1	768	768	32	256	64	0	32	0	384	80	248	0	1	0		1	0	1	
1744830693	scripts/ai/StandardAI.lua	1	768	768	32	256	64	0	32	0	384	80	249	0	1	0		1	0	1	
1744830694	scripts/ai/StandardAI.lua	1	768	768	32	256	64	0	32	0	384	80	250	0	1	0		1	0	1	
1744830695	scripts/ai/StandardAI.lua	1	768	768	32	256	64	0	32	0	384	80	251	0	1	0		1	0	1	
1744830696	scripts/ai/StandardAI.lua	0	768	768	32	256	80	0	32	0	1024	64	255	0	1	0		0	0	0	
1744830697	scripts/ai/StandardAI.lua	1	768	768	32	256	64	0	32	0	384	80	258	0	1	0		1	0	1	
1744830698	scripts/ai/StandardAI.lua	1	768	768	32	256	64	0	32	0	384	80	259	0	0	0		1	0	1	
1744830699	scripts/ai/StandardAI.lua	1	768	768	32	256	64	0	32	0	384	80	260	0	0	0		1	0	1	
1744830700	scripts/ai/StandardAI.lua	1	768	768	32	256	64	0	32	0	384	80	263	0	1	0		1	0	1	
1744830701	scripts/ai/StandardAI.lua	1	768	768	32	256	64	0	32	0	384	80	264	0	1	0		1	0	1	
1744830702	scripts/ai/StandardAI.lua	1	768	768	32	256	64	0	32	0	384	80	265	0	1	0		1	0	1	
1744830703	scripts/ai/StandardAI.lua	1	768	768	32	256	64	0	32	0	384	80	266	0	1	0		1	0	1	
1744830704	scripts/ai/StandardAI.lua	1	768	768	32	256	64	0	32	0	384	80	267	0	1	0		1	0	1	
1744830705	scripts/ai/StandardAI.lua	1	768	768	32	256	64	0	32	0	384	80	268	0	1	0		1	0	1	
1744830706	scripts/ai/StandardAI.lua	1	768	768	32	256	64	0	32	0	384	80	269	0	1	0		1	0	1	
1744830707	scripts/ai/StandardAI.lua	1	768	768	32	256	64	0	32	0	384	80	270	0	1	0		1	0	1	
1744830708	scripts/ai/StandardAI.lua	1	768	768	32	256	64	0	32	0	384	80	271	0	1	0		1	0	1	
1744830709	scripts/ai/StandardAI.lua	1	768	768	32	256	64	0	32	0	384	80	272	0	1	0		1	0	1	
1744830710	scripts/ai/StandardAI.lua	1	768	768	32	256	64	0	32	0	384	80	273	0	1	0		1	0	1	
1744830711	scripts/ai/StandardAI.lua	1	768	768	32	256	64	0	32	0	384	80	274	0	1	0		1	0	1	
1744830712	scripts/ai/StandardAI.lua	1	768	768	32	256	64	0	32	0	384	80	279	0	2	0		1	0	1	
1744830713	scripts/ai/StandardAI.lua	1	768	768	32	256	64	0	32	0	384	80	279	0	1	0		1	0	1	
1744830714	scripts/ai/StandardAI.lua	1	768	768	32	256	64	0	32	0	384	80	281	0	1	0		1	0	1	
1744830715	scripts/ai/StandardAI.lua	1	768	768	32	256	64	0	32	0	384	80	282	0	1	0		1	0	1	
1744830716	scripts/ai/StandardAI.lua	1	768	768	32	256	64	0	32	0	384	80	284	0	1	0		1	0	1	
1744830717	scripts/ai/StandardAI.lua	1	768	768	32	256	64	0	32	0	384	80	285	0	1	0		1	0	1	
1744830718	scripts/ai/StandardAI.lua	1	768	768	32	256	64	0	32	0	384	80	286	0	1	0		1	0	1	
1744830719	scripts/ai/StandardAI.lua	1	768	768	32	256	64	0	32	0	384	80	287	0	1	0		1	0	1	
1744830720	scripts/ai/StandardAI.lua	1	768	768	32	256	64	0	32	0	384	80	289	0	2	0		1	0	1	
1744830721	scripts/ai/StandardAI.lua	1	768	768	32	256	64	0	32	0	384	80	289	0	3	0		1	0	1	
1744830722	scripts/ai/StandardAI.lua	1	768	768	32	256	64	0	32	0	384	80	292	0	1	0		1	0	1	
1744830723	scripts/ai/StandardAI.lua	1	768	768	32	256	64	0	32	0	384	80	294	0	1	0		1	0	1	
1744830724	scripts/ai/StandardAI.lua	0	768	768	32	256	80	0	32	0	1024	64	0	0	0	0		0	0	0	
1744830725	scripts/ai/StandardAI.lua	1	768	768	32	256	64	0	32	0	384	80	289	0	1	0		1	0	1	
1744830726	scripts/ai/StandardAI.lua	1	768	768	32	256	64	0	32	0	384	80	291	0	1	0		1	0	1	
1744830727	scripts/ai/StandardAI.lua	1	768	768	32	256	64	0	32	0	384	80	290	0	1	0		1	0	1	
1744830728	scripts/ai/StandardAI.lua	1	768	768	32	256	64	0	32	0	384	80	295	0	1	0		1	0	1	
1744830729	scripts/ai/StandardAI.lua	1	768	768	32	256	64	0	32	0	384	80	301	0	1	0		1	0	1	
1744830730	scripts/ai/StandardAI.lua	1	768	768	32	256	64	0	32	0	384	80	300	0	1	0		1	0	1	
1744830731	scripts/ai/StandardAI.lua	1	768	768	32	256	64	0	32	0	384	80	298	0	1	0		1	0	1	
1744830732	scripts/ai/StandardAI.lua	1	768	768	32	256	64	0	32	0	384	80	299	0	1	0		1	0	1	
1744830733	scripts/ai/StandardAI.lua	1	768	768	32	256	64	0	32	0	384	80	297	0	1	0		1	0	1	
1744830734	scripts/ai/StandardAI.lua	1	768	768	32	256	64	0	32	0	384	80	296	0	1	0		1	0	1	
1744830735	scripts/ai/StandardAI.lua	1	768	768	32	256	64	0	32	0	384	80	302	0	1	0		1	0	1	
1744830736	scripts/ai/StandardAI.lua	1	768	768	32	256	64	0	32	0	384	80	303	0	1	0		1	0	1	
1744830737	scripts/ai/StandardAI.lua	1	768	768	32	256	64	0	32	0	384	80	304	0	1	0		1	0	1	
1744830738	scripts/ai/StandardAI.lua	1	768	768	32	256	64	0	32	0	384	80	305	0	1	0		1	0	1	
1744830739	scripts/ai/StandardAI.lua	1	1024	768	32	256	64	0	32	0	384	80	306	0	2	0		1	0	1	
1744830740	scripts/ai/StandardAI.lua	1	1024	768	32	256	64	0	32	0	384	80	306	0	1	0		1	0	1	
1744830741	scripts/ai/StandardAI.lua	1	768	768	32	256	64	0	32	0	384	80	307	0	1	0		1	0	1	
1744830742	scripts/ai/StandardAI.lua	1	768	768	32	256	64	0	32	0	384	80	516	0	1	0		1	0	1	
1744830743	scripts/ai/StandardAI.lua	1	768	768	32	256	64	0	32	0	384	80	309	0	1	0		1	0	1	
1744830744	scripts/ai/StandardAI.lua	1	768	768	32	256	64	0	32	0	384	80	310	0	1	0		1	0	1	
1744830745	scripts/ai/StandardAI.lua	1	768	768	32	256	64	0	32	0	384	80	315	0	1	0		1	0	1	
1744830746	scripts/ai/StandardAI.lua	1	768	768	32	256	64	0	32	0	384	80	318	0	1	0		1	0	1	
1744830747	scripts/ai/StandardAI.lua	1	768	768	32	256	64	0	32	0	384	80	321	0	1	0		1	0	1	
1744830748	scripts/ai/StandardAI.lua	1	768	768	32	256	64	0	32	0	384	80	320	0	1	0		1	0	1	
1744830749	scripts/ai/StandardAI.lua	1	768	768	32	256	64	0	32	0	384	80	322	0	1	0		1	0	1	
1744830750	scripts/ai/StandardAI.lua	1	768	768	32	256	64	0	32	0	384	80	323	0	1	0		1	0	1	
1744830751	scripts/ai/StandardAI.lua	1	768	768	32	256	64	0	32	0	384	80	325	0	1	0		1	0	1	
1744830752	scripts/ai/StandardAI.lua	1	768	768	32	256	64	0	32	0	384	80	326	0	1	0		1	0	1	
1744830753	scripts/ai/StandardAI.lua	1	768	768	32	256	64	0	32	0	384	80	327	0	1	0		1	0	1	
1744830754	scripts/ai/StandardAI.lua	1	768	768	32	256	64	0	32	0	384	80	328	0	1	0		1	0	1	
1744830755	scripts/ai/StandardAI.lua	1	768	768	32	256	64	0	32	0	384	80	329	0	1	0		1	0	1	
1744830756	scripts/ai/StandardAI.lua	1	768	768	32	256	64	512	32	0	384	80	0	0	2	0		1	0	1	
1744830757	scripts/ai/StandardAI.lua	1	768	768	32	256	64	0	32	0	384	80	330	0	1	0		1	0	1	
1744830758	scripts/ai/StandardAI.lua	1	768	768	32	256	64	0	32	0	384	80	331	0	1	0		1	0	1	
1744830759	scripts/ai/StandardAI.lua	1	768	768	32	256	64	0	32	0	384	80	332	0	1	0		1	0	1	
1744830760	scripts/ai/StandardAI.lua	1	768	768	32	256	64	0	32	0	384	80	333	0	1	0		1	0	1	
1744830761	scripts/ai/StandardAI.lua	1	768	768	32	256	64	0	32	0	384	80	334	0	1	0		1	0	1	
1744830762	scripts/ai/StandardAI.lua	1	768	768	32	256	64	0	32	0	384	80	335	0	1	0		1	0	1	
1744830763	scripts/ai/StandardAI.lua	1	768	768	32	256	64	0	32	0	384	80	336	0	1	0		1	0	1	
1744830764	scripts/ai/StandardAI.lua	1	768	768	32	256	64	0	32	0	384	80	337	0	1	0		1	0	1	
1744830765	scripts/ai/StandardAI.lua	1	768	768	32	256	64	0	32	0	384	80	339	0	1	0		1	0	1	
1744830766	scripts/ai/StandardAI.lua	1	768	768	32	256	64	0	32	0	384	80	341	0	1	0		1	0	1	
1744830767	scripts/ai/StandardAI.lua	1	768	768	32	256	64	0	32	0	384	80	340	0	1	0		1	0	1	
1744830768	scripts/ai/StandardAI.lua	1	768	768	32	256	64	0	32	0	384	80	342	0	1	0		1	0	1	
1744830769	scripts/ai/StandardAI.lua	1	768	768	32	256	64	0	32	0	384	80	343	0	1	0		1	0	1	
1744830770	scripts/ai/StandardAI.lua	1	768	768	32	256	64	0	32	0	384	80	344	0	1	0		1	0	1	
1744830771	scripts/ai/StandardAI.lua	1	768	768	32	256	64	0	32	0	384	80	345	0	1	0		1	0	1	
1744830772	scripts/ai/StandardAI.lua	1	768	768	32	256	64	0	32	0	384	80	346	0	1	0		1	0	1	
1744830773	scripts/ai/StandardAI.lua	1	768	768	32	256	64	0	32	0	384	80	347	0	1	0		1	0	1	
1744830774	scripts/ai/StandardAI.lua	1	768	768	32	256	64	0	32	0	384	80	348	0	1	0		1	0	1	
1744830775	scripts/ai/StandardAI.lua	1	768	768	32	256	64	0	32	0	384	80	349	0	1	0		1	0	1	
1744830776	scripts/ai/StandardAI.lua	1	768	768	32	256	64	0	32	0	384	80	350	0	1	0		1	0	1	
1744830777	scripts/ai/StandardAI.lua	1	768	768	32	256	64	0	32	0	384	80	351	0	1	0		1	0	1	
1744830778	scripts/ai/StandardAI.lua	1	768	768	32	256	64	0	32	0	384	80	352	0	1	0		1	0	1	
1744830779	scripts/ai/StandardAI.lua	1	768	768	32	256	64	0	32	0	384	80	353	0	1	0		1	0	1	
1744830780	scripts/ai/StandardAI.lua	1	768	768	32	256	64	0	32	0	384	80	354	0	1	0		1	0	1	
1744830781	scripts/ai/StandardAI.lua	1	768	768	32	256	64	0	32	0	384	80	355	0	1	0		1	0	1	
1744830782	scripts/ai/StandardAI.lua	1	768	768	32	256	64	0	32	0	384	80	356	0	1	0		1	0	1	
1744830783	scripts/ai/StandardAI.lua	1	768	768	32	256	64	0	32	0	384	80	357	0	1	0		1	0	1	
1744830784	scripts/ai/StandardAI.lua	1	768	768	32	256	64	0	32	0	384	80	358	0	1	0		1	0	1	
1744830785	scripts/ai/StandardAI.lua	1	768	768	32	256	64	0	32	0	384	80	359	0	1	0		1	0	1	
1744830786	scripts/ai/StandardAI.lua	1	768	768	32	256	64	0	32	0	384	80	360	0	1	0		1	0	1	
1744830787	scripts/ai/StandardAI.lua	1	768	768	32	256	64	0	32	0	384	80	361	0	1	0		1	0	1	
1744830788	scripts/ai/StandardAI.lua	1	768	768	32	256	64	0	32	0	384	80	362	0	1	0		1	0	1	
1744830789	scripts/ai/StandardAI.lua	1	768	768	32	256	64	0	32	0	384	80	363	0	1	0		1	0	1	
1744830790	scripts/ai/StandardAI.lua	1	768	768	32	256	64	0	32	0	384	80	364	0	1	0		1	0	1	
1744830791	scripts/ai/StandardAI.lua	1	768	768	32	256	64	0	32	0	384	80	365	0	1	0		1	0	1	
1744830792	scripts/ai/StandardAI.lua	1	768	768	32	256	64	0	32	0	384	80	366	0	1	0		1	0	1	
1744830793	scripts/ai/StandardAI.lua	1	768	768	32	256	64	0	32	0	384	80	367	0	1	0		1	0	1	
1744830794	scripts/ai/StandardAI.lua	1	768	768	32	256	64	0	32	0	384	80	368	0	1	0		1	0	1	
1744830795	scripts/ai/StandardAI.lua	1	768	768	32	256	64	0	32	0	384	80	369	0	1	0		1	0	1	
1744830796	scripts/ai/StandardAI.lua	1	768	768	32	256	64	0	32	0	384	80	370	0	1	0		1	0	1	
1744830797	scripts/ai/StandardAI.lua	1	768	768	32	256	64	0	32	0	384	80	371	0	1	0		1	0	1	
1744830798	scripts/ai/StandardAI.lua	1	768	768	32	256	64	0	32	0	384	80	372	0	1	0		1	0	1	
1744830799	scripts/ai/StandardAI.lua	1	768	768	32	256	64	0	32	0	384	80	373	0	1	0		1	0	1	
1744830800	scripts/ai/StandardAI.lua	0	768	768	32	256	64	960	32	512	384	80	375	30	1	0		1	0	0	
1744830801	scripts/ai/StandardAI.lua	0	768	768	32	256	64	0	32	512	384	80	376	0	1	0		1	0	0	
1744830802	scripts/ai/StandardAI.lua	0	768	768	32	256	64	0	32	512	384	80	376	0	2	0		1	0	0	
1744830803	scripts/ai/StandardAI.lua	0	768	768	32	256	64	0	32	512	384	80	377	0	1	0		1	0	0	
1744830804	scripts/ai/StandardAI.lua	0	768	768	32	256	64	0	32	512	384	80	377	0	2	0		1	0	0	
1744830805	scripts/ai/StandardAI.lua	0	768	768	32	256	64	0	32	512	384	80	378	0	0	0		1	0	0	
1744830806	scripts/ai/StandardAI.lua	0	768	768	32	256	64	0	32	512	384	80	379	0	2	0		1	0	0	
1744830807	scripts/ai/StandardAI.lua	0	768	768	32	256	64	0	32	512	384	80	379	0	1	0		1	0	0	
1744830808	scripts/ai/StandardAI.lua	0	768	768	32	256	64	0	32	512	384	80	380	0	0	0		1	0	0	
1744830809	scripts/ai/StandardAI.lua	0	768	768	32	256	64	0	32	512	384	80	381	0	1	0		1	0	0	
1744830810	scripts/ai/StandardAI.lua	0	768	768	32	256	64	0	32	512	384	80	381	0	2	0		1	0	0	
1744830811	scripts/ai/StandardAI.lua	0	768	768	32	256	64	0	32	512	384	80	382	0	2	0		1	0	0	
1744830812	scripts/ai/StandardAI.lua	0	768	768	32	256	64	0	32	512	384	80	382	0	1	0		1	0	0	
1744830813	scripts/ai/StandardAI.lua	0	768	768	32	256	64	0	32	512	384	80	383	0	1	0		1	0	0	
1744830814	scripts/ai/StandardAI.lua	0	768	768	32	256	64	0	32	512	384	80	384	0	2	0		1	0	0	
1744830815	scripts/ai/StandardAI.lua	0	768	768	32	256	64	0	32	512	384	80	384	0	1	0		1	0	0	
1744830816	scripts/ai/StandardAI.lua	0	768	768	32	256	64	0	32	512	384	80	385	0	1	0		1	0	0	
1744830817	scripts/ai/StandardAI.lua	0	768	768	32	256	64	0	32	512	384	80	385	0	2	0		1	0	0	
1744830818	scripts/ai/StandardAI.lua	0	768	768	32	256	64	0	32	512	384	80	386	0	1	0		1	0	0	
1744830819	scripts/ai/StandardAI.lua	0	768	768	32	256	64	0	32	512	384	80	387	0	1	0		1	0	0	
1744830820	scripts/ai/StandardAI.lua	0	768	768	32	256	64	0	32	512	384	80	388	0	1	0		1	0	0	
1744830821	scripts/ai/StandardAI.lua	0	768	768	32	256	64	0	32	512	384	80	389	0	2	0		1	0	0	
1744830822	scripts/ai/StandardAI.lua	0	768	768	32	256	64	0	32	512	384	80	389	0	1	0		1	0	0	
1744830823	scripts/ai/StandardAI.lua	0	768	768	32	256	64	0	32	512	384	80	390	0	1	0		1	0	0	
1744830824	scripts/ai/StandardAI.lua	0	768	768	32	256	64	0	32	512	384	80	390	0	2	0		1	0	0	
1744830825	scripts/ai/StandardAI.lua	0	768	768	32	256	64	0	32	512	384	80	391	0	1	0		1	0	0	
1744830826	scripts/ai/StandardAI.lua	0	768	768	32	256	64	0	32	512	384	80	392	0	1	0		1	0	0	
1744830827	scripts/ai/StandardAI.lua	1	768	768	32	256	64	0	32	0	384	80	393	0	1	0		1	0	1	
1744830828	scripts/ai/StandardAI.lua	1	768	768	32	256	64	0	32	0	384	80	394	0	1	0		1	0	1	
1744830829	scripts/ai/StandardAI.lua	1	768	768	32	256	64	0	32	0	384	80	395	0	1	0		1	0	1	
1744830830	scripts/ai/StandardAI.lua	1	768	768	32	256	64	0	32	0	384	80	396	0	1	0		1	0	1	
1744830831	scripts/ai/StandardAI.lua	1	768	768	32	256	64	0	32	0	384	80	397	0	1	0		1	0	1	
1744830832	scripts/ai/StandardAI.lua	1	768	768	32	256	64	0	32	0	384	80	398	0	1	0		1	0	1	
1744830833	scripts/ai/StandardAI.lua	1	768	768	32	256	64	0	32	0	384	80	399	0	1	0		1	0	1	
1744830834	scripts/ai/StandardAI.lua	1	768	768	32	256	64	0	32	0	384	80	400	0	1	0		1	0	1	
1744830835	scripts/ai/StandardAI.lua	1	768	768	32	256	64	0	32	0	384	80	401	0	1	0		1	0	1	
1744830836	scripts/ai/StandardAI.lua	1	768	768	32	256	64	0	32	0	384	80	502	0	1	0		1	0	1	
1744830837	scripts/ai/StandardAI.lua	1	768	768	32	256	64	0	32	0	384	80	417	0	1	0		1	0	1	
1744830838	scripts/ai/StandardAI.lua	1	768	768	32	256	64	0	32	0	384	80	418	0	2	0		1	0	1	
1744830839	scripts/ai/StandardAI.lua	1	768	768	32	256	64	0	32	0	384	80	504	0	1	0		1	0	1	
1744830840	scripts/ai/StandardAI.lua	1	768	768	32	256	64	0	32	0	384	80	418	0	3	0		1	0	1	
1744830841	scripts/ai/StandardAI.lua	1	768	768	32	256	64	0	32	0	384	80	419	0	1	0		1	0	1	
1744830842	scripts/ai/StandardAI.lua	1	768	768	32	256	64	0	32	0	384	80	420	0	1	0		1	0	1	
1744830843	scripts/ai/StandardAI.lua	1	768	768	32	256	64	0	32	0	384	80	421	0	1	0		1	0	1	
1744830844	scripts/ai/StandardAI.lua	1	768	768	32	256	64	0	32	0	384	80	422	0	1	0		1	0	1	
1744830845	scripts/ai/StandardAI.lua	1	768	768	32	256	64	0	32	0	384	80	423	0	1	0		1	0	1	
1744830846	scripts/ai/StandardAI.lua	1	768	768	32	256	64	0	32	0	384	80	426	0	1	0		1	0	1	
1744830847	scripts/ai/StandardAI.lua	1	768	768	32	256	64	0	32	0	384	80	427	0	1	0		1	0	1	
1744830848	scripts/ai/StandardAI.lua	1	768	768	32	256	64	0	32	0	384	80	428	0	1	0		1	0	1	
1744830849	scripts/ai/StandardAI.lua	1	768	768	32	256	64	0	32	0	384	80	428	0	2	0		1	0	1	
1744830850	scripts/ai/StandardAI.lua	1	768	768	32	256	64	0	32	0	384	80	432	0	1	0		1	0	1	
1744830851	scripts/ai/StandardAI.lua	1	768	768	32	256	64	0	32	0	384	80	433	0	1	0		1	0	1	
1744830852	scripts/ai/StandardAI.lua	1	768	768	32	256	64	0	32	0	384	80	434	0	1	0		1	0	1	
1744830853	scripts/ai/StandardAI.lua	1	768	768	32	256	64	0	32	0	384	80	435	0	1	0		1	0	1	
1744830854	scripts/ai/StandardAI.lua	1	768	768	32	256	64	0	32	0	384	80	436	0	1	0		1	0	1	
1744830855	scripts/ai/StandardAI.lua	1	768	768	32	256	64	0	32	0	384	80	437	0	1	0		1	0	1	
1744830856	scripts/ai/StandardAI.lua	1	768	768	32	256	64	0	32	0	384	80	438	0	1	0		1	0	1	
1744830857	scripts/ai/StandardAI.lua	1	768	768	32	256	64	0	32	0	384	80	439	0	2	0		1	0	1	
1744830858	scripts/ai/StandardAI.lua	1	768	768	32	256	64	0	32	0	384	80	439	0	3	0		1	0	1	
1744830859	scripts/ai/StandardAI.lua	1	768	768	32	256	64	0	32	0	384	80	439	0	1	0		1	0	1	
1744830860	scripts/ai/StandardAI.lua	1	768	768	32	256	64	0	32	0	384	80	440	0	3	0		1	0	1	
1744830861	scripts/ai/StandardAI.lua	1	768	768	32	256	64	0	32	0	384	80	440	0	1	0		1	0	1	
1744830862	scripts/ai/StandardAI.lua	1	768	768	32	256	64	0	32	0	384	80	440	0	2	0		1	0	1	
1744830863	scripts/ai/StandardAI.lua	1	768	768	32	256	64	0	32	0	384	80	441	0	3	0		1	0	1	
1744830864	scripts/ai/StandardAI.lua	1	768	768	32	256	64	0	32	0	384	80	441	0	1	0		1	0	1	
1744830865	scripts/ai/StandardAI.lua	1	768	768	32	256	64	0	32	0	384	80	441	0	2	0		1	0	1	
1744830866	scripts/ai/StandardAI.lua	1	768	768	32	256	64	0	32	0	384	80	442	0	2	0		1	0	1	
1744830867	scripts/ai/StandardAI.lua	1	768	768	32	256	64	0	32	0	384	80	442	0	3	0		1	0	1	
1744830868	scripts/ai/StandardAI.lua	1	768	768	32	256	64	0	32	0	384	80	442	0	1	0		1	0	1	
1744830869	scripts/ai/StandardAI.lua	1	768	768	32	256	64	0	32	0	384	80	443	0	3	0		1	0	1	
1744830870	scripts/ai/StandardAI.lua	1	768	768	32	256	64	0	32	0	384	80	443	0	1	0		1	0	1	
1744830871	scripts/ai/StandardAI.lua	1	768	768	32	256	64	0	32	0	384	80	443	0	2	0		1	0	1	
1744830872	scripts/ai/StandardAI.lua	1	768	768	32	256	64	0	32	0	384	80	444	0	2	0		1	0	1	
1744830873	scripts/ai/StandardAI.lua	1	768	768	32	256	64	0	32	0	384	80	444	0	3	0		1	0	1	
1744830874	scripts/ai/StandardAI.lua	1	768	768	32	256	64	0	32	0	384	80	444	0	1	0		1	0	1	
1744830875	scripts/ai/StandardAI.lua	1	768	768	32	256	64	0	32	0	384	80	445	0	3	0		1	0	1	
1744830876	scripts/ai/StandardAI.lua	1	768	768	32	256	64	0	32	0	384	80	445	0	1	0		1	0	1	
1744830877	scripts/ai/StandardAI.lua	1	768	768	32	256	64	0	32	0	384	80	446	0	1	0		1	0	1	
1744830878	scripts/ai/StandardAI.lua	1	768	768	32	256	64	0	32	0	384	80	446	0	3	0		1	0	1	
1744830879	scripts/ai/StandardAI.lua	1	768	768	32	256	64	0	32	0	384	80	447	0	1	0		1	0	1	
1744830880	scripts/ai/StandardAI.lua	1	768	768	32	256	64	0	32	0	384	80	448	0	0	0		1	0	1	
1744830881	scripts/ai/StandardAI.lua	0	768	768	32	256	64	960	32	512	384	80	449	30	1	0		1	0	0	
1744830882	scripts/ai/StandardAI.lua	1	768	768	32	256	64	0	32	0	384	80	450	0	1	0		1	0	1	
1744830883	scripts/ai/StandardAI.lua	1	768	768	32	256	64	0	32	0	384	80	451	0	1	0		1	0	1	
1744830884	scripts/ai/StandardAI.lua	1	768	768	32	256	64	0	32	0	384	80	453	0	1	0		1	0	1	
1744830885	scripts/ai/StandardAI.lua	1	768	768	32	256	64	0	32	0	384	80	454	0	1	0		1	0	1	
1744830886	scripts/ai/StandardAI.lua	1	768	768	32	256	64	0	32	0	384	80	455	0	1	0		1	0	1	
1744830887	scripts/ai/StandardAI.lua	1	768	768	32	256	64	0	32	0	384	80	457	0	1	0		1	0	1	
1744830888	scripts/ai/StandardAI.lua	1	768	768	32	256	64	0	32	0	384	80	458	0	1	0		1	0	1	
1744830889	scripts/ai/StandardAI.lua	1	768	768	32	256	64	0	32	0	384	80	459	0	1	0		1	0	1	
1744830890	scripts/ai/StandardAI.lua	1	768	768	32	256	64	0	32	0	384	80	460	0	1	0		1	0	1	
1744830891	scripts/ai/StandardAI.lua	1	768	768	32	256	64	0	32	0	384	80	461	0	1	0		1	0	1	
1744830892	scripts/ai/StandardAI.lua	1	768	768	32	256	64	0	32	0	384	80	462	0	1	0		1	0	1	
1744830893	scripts/ai/StandardAI.lua	1	768	768	32	256	64	0	32	0	384	80	463	0	1	0		1	0	1	
1744830894	scripts/ai/StandardAI.lua	1	768	768	32	256	64	0	32	0	384	80	464	0	1	0		1	0	1	
1744830895	scripts/ai/StandardAI.lua	1	768	768	32	256	64	0	32	0	384	80	465	0	1	0		1	0	1	
1744830896	scripts/ai/StandardAI.lua	1	768	768	32	256	64	0	32	0	384	80	466	0	1	0		1	0	1	
1744830897	scripts/ai/StandardAI.lua	1	768	768	32	256	64	0	32	0	384	80	467	0	1	0		1	0	1	
1744830898	scripts/ai/StandardAI.lua	1	768	768	32	256	64	0	32	0	384	80	468	0	1	0		1	0	1	
1744830899	scripts/ai/StandardAI.lua	1	768	768	32	256	64	0	32	0	384	80	469	0	1	0		1	0	1	
1744830900	scripts/ai/StandardAI.lua	1	768	768	32	256	64	0	32	0	384	80	470	0	1	0		1	0	1	
1744830901	scripts/ai/StandardAI.lua	1	768	768	32	256	64	0	32	0	384	80	471	0	1	0		1	0	1	
1744830902	scripts/ai/StandardAI.lua	1	768	768	32	256	64	0	32	0	384	80	472	0	1	0		1	0	1	
1744830903	scripts/ai/StandardAI.lua	1	768	768	32	256	64	0	32	0	384	80	473	0	1	0		1	0	1	
1744830904	scripts/ai/StandardAI.lua	1	768	768	32	256	64	0	32	0	384	80	474	0	2	0		1	0	1	
1744830905	scripts/ai/StandardAI.lua	1	768	768	32	256	64	0	32	0	384	80	474	0	1	0		1	0	1	
1744830906	scripts/ai/StandardAI.lua	1	768	768	32	256	64	0	32	0	384	80	475	0	1	0		1	0	1	
1744830907	scripts/ai/StandardAI.lua	1	768	768	32	256	64	0	32	0	384	80	476	0	1	0		1	0	1	
1744830908	scripts/ai/StandardAI.lua	1	768	768	32	256	64	0	32	0	384	80	482	0	1	0		1	0	1	
1744830909	scripts/ai/StandardAI.lua	1	768	768	32	256	64	0	32	0	384	80	483	0	1	0		1	0	1	
1744830910	scripts/ai/StandardAI.lua	1	768	768	32	256	64	0	32	0	384	80	484	0	1	0		1	0	1	
1744830911	scripts/ai/StandardAI.lua	1	768	768	32	256	64	0	32	0	384	80	485	0	1	0		1	0	1	
1744830912	scripts/ai/StandardAI.lua	1	768	768	32	256	64	0	32	0	384	80	486	0	1	0		1	0	1	
1744830913	scripts/ai/StandardAI.lua	1	768	768	32	256	64	0	32	0	384	80	487	0	1	0		1	0	1	
1744830914	scripts/ai/StandardAI.lua	1	768	768	32	256	64	0	32	0	384	80	488	0	1	0		1	0	1	
1744830915	scripts/ai/StandardAI.lua	1	768	768	32	256	64	0	32	0	384	80	490	0	1	0		1	0	1	
1744830916	scripts/ai/StandardAI.lua	1	768	768	32	256	64	0	32	0	384	80	491	0	1	0		1	0	1	
1744830917	scripts/ai/StandardAI.lua	1	768	768	32	256	64	0	32	0	384	80	492	0	1	0		1	0	1	
1744830918	scripts/ai/StandardAI.lua	1	768	768	32	256	64	0	32	0	384	80	493	0	1	0		1	0	1	
1744830919	scripts/ai/StandardAI.lua	1	768	768	32	256	64	0	32	0	384	80	494	0	1	0		1	0	1	
1744830920	scripts/ai/StandardAI.lua	1	768	768	32	256	64	0	32	0	384	80	495	0	1	0		1	0	1	
1744830921	scripts/ai/StandardAI.lua	1	768	768	32	256	64	0	32	0	384	80	496	0	1	0		1	0	1	
1744830922	scripts/ai/StandardAI.lua	0	768	768	32	256	64	960	32	512	0	80	497	30	1	0		1	0	0	
1744830923	scripts/ai/StandardAI.lua	1	768	768	32	256	64	0	32	0	384	80	498	0	1	0		1	0	1	
1744830924	scripts/ai/StandardAI.lua	1	768	768	32	256	64	0	32	0	384	80	499	0	1	0		1	0	1	
1744830925	scripts/ai/StandardAI.lua	1	768	768	32	256	64	0	32	0	384	80	500	0	1	0		1	0	1	
1744830926	scripts/ai/StandardAI.lua	1	768	768	32	256	64	0	32	0	384	80	501	0	1	0		1	0	1	
1744830927	scripts/ai/StandardAI.lua	1	768	768	32	256	64	0	32	0	384	80	503	0	1	0		1	0	1	
1744830928	scripts/ai/StandardAI.lua	1	768	768	32	256	64	0	32	0	384	80	506	0	1	0		1	0	1	
1744830929	scripts/ai/StandardAI.lua	1	768	768	32	256	64	0	32	0	384	80	507	0	1	0		1	0	1	
1744830930	scripts/ai/StandardAI.lua	1	768	768	32	256	64	0	32	0	384	80	508	0	1	0		1	0	1	
1744830931	scripts/ai/StandardAI.lua	1	768	768	32	256	64	0	32	0	384	80	509	0	1	0		1	0	1	
1744830932	scripts/ai/StandardAI.lua	1	768	768	32	256	64	0	32	0	384	80	510	0	1	0		1	0	1	
1744830933	scripts/ai/StandardAI.lua	1	768	768	32	256	64	0	32	0	384	80	511	0	1	0		1	0	1	
1744830934	scripts/ai/StandardAI.lua	1	768	768	32	256	64	0	32	0	384	80	512	0	1	0		1	0	1	
1744830935	scripts/ai/StandardAI.lua	1	768	768	32	256	64	0	32	0	384	80	513	0	1	0		1	0	1	
1744830936	scripts/ai/StandardAI.lua	1	768	768	32	256	64	0	32	0	384	80	514	0	1	0		1	0	1	
1744830937	scripts/ai/StandardAI.lua	1	768	768	32	256	64	0	32	0	384	80	515	0	1	0		1	0	1	
1744830938	scripts/ai/StandardAI.lua	1	768	768	32	256	64	0	32	0	384	80	517	0	1	0		1	0	1	
1744830939	scripts/ai/StandardAI.lua	1	768	768	32	256	64	0	32	0	384	80	518	0	1	0		1	0	1	
1744830940	scripts/ai/StandardAI.lua	1	768	768	32	256	64	0	32	0	384	80	519	0	1	0		1	0	1	
1744830941	scripts/ai/StandardAI.lua	1	768	768	32	256	64	0	32	0	384	80	520	0	1	0		1	0	1	
1744830942	scripts/ai/StandardAI.lua	0	768	768	32	256	64	0	32	0	384	80	151	0	2	0		1	0	0	
1744830943	scripts/ai/StandardAI.lua	0	768	768	32	256	64	0	32	0	384	80	151	0	3	0		1	0	0	
1744830944	scripts/ai/StandardAI.lua	0	768	768	32	256	64	960	32	0	0	80	0	30	0	0		0	0	0	
1744830945	scripts/ai/StandardAI.lua	1	768	768	32	256	64	0	32	0	384	80	521	0	1	0		1	0	1	
1744830946	scripts/ai/StandardAI.lua	0	768	768	32	256	64	960	32	512	0	80	477	30	0	0		1	0	0	
1744830947	scripts/ai/StandardAI.lua	0	768	768	32	256	64	960	32	512	0	80	478	30	0	0		1	0	0	
1744830948	scripts/ai/StandardAI.lua	0	768	768	32	256	64	960	32	512	0	80	479	30	0	0		1	0	0	
1744830949	scripts/ai/StandardAI.lua	0	768	768	32	256	64	960	32	512	0	80	480	30	0	0		1	0	0	
1744830950	scripts/ai/StandardAI.lua	0	768	768	32	256	64	0	32	0	384	80	526	0	1	0		1	0	0	
1744830951	scripts/ai/StandardAI.lua	0	768	768	32	256	64	0	32	0	384	80	526	0	3	0		1	0	0	
1744830952	scripts/ai/StandardAI.lua	0	768	768	32	256	64	0	32	0	384	80	526	0	2	0		1	0	0	
1744830953	scripts/Map/世界通用/ai/标准无敌免屠杀.lua	0	768	768	32	256	64	0	32	0	384	80	525	0	1	0		1	0	0	
1744830954	scripts/Map/世界通用/ai/标准无敌免屠杀.lua	0	768	768	32	256	64	0	32	0	384	80	524	0	1	0		1	0	0	
1744830955	scripts/Map/世界通用/ai/标准改阵营Boss通用.lua	1	1024	768	32	1280	64	0	32	0	384	80	527	0	2	0		1	0	1	
1744830956	scripts/Map/世界通用/ai/标准改阵营Boss通用.lua	1	1024	768	32	1280	64	0	32	0	384	80	527	0	1	0		1	0	1	
1744830957	scripts/ai/StandardAI.lua	1	768	768	32	256	64	0	32	0	384	80	528	0	2	0		1	0	0	
1744830958	scripts/ai/StandardAI.lua	1	768	768	32	256	64	0	32	0	384	80	528	0	1	0		1	0	0	
1744830959	scripts/ai/StandardAI.lua	1	768	768	32	256	64	0	32	0	384	80	253	0	1	0		1	0	1	
1744830960	scripts/ai/StandardAI.lua	1	768	768	32	256	64	0	32	0	384	80	252	0	1	0		1	0	1	
1744830961	scripts/ai/StandardAI.lua	1	768	768	32	256	64	0	32	0	384	80	254	0	1	0		1	0	1	
1744830962	scripts/ai/StandardAI.lua	1	768	768	32	256	64	0	32	0	384	80	261	0	1	0		1	0	1	
1744830963	scripts/ai/StandardAI.lua	1	768	768	32	256	64	0	32	0	384	80	530	0	1	0		1	0	0	
1744830964	scripts/ai/StandardAI.lua	1	768	768	32	256	64	0	32	0	384	80	530	0	2	0		1	0	0	
1744830965	scripts/ai/StandardAI.lua	1	768	768	32	256	64	0	32	0	384	80	529	0	2	0		1	0	0	
1744830966	scripts/ai/StandardAI.lua	1	768	768	32	256	64	0	32	0	384	80	529	0	1	0		1	0	0	
1744830967	scripts/ai/StandardAI.lua	1	768	768	32	256	64	0	32	0	384	80	538	0	0	0		1	0	1	
1744830968	scripts/ai/StandardAI.lua	1	768	768	32	256	64	0	32	0	384	80	539	0	0	0		1	0	1	
1744830969	scripts/ai/StandardAI.lua	1	768	768	32	256	64	0	32	0	384	80	540	0	0	0		1	0	1	
1744830970	scripts/ai/StandardAI.lua	0	768	768	32	256	64	0	32	0	384	80	541	0	0	0		1	0	0	
1744830971	scripts/ai/StandardAI.lua	1	768	768	32	256	64	0	32	0	384	80	544	0	0	0		1	0	1	
1744830972	scripts/ai/StandardAI.lua	1	768	768	32	256	64	0	32	0	384	80	545	0	0	0		1	0	1	
1744830973	scripts/ai/StandardAI.lua	1	768	768	32	256	64	0	32	0	384	80	546	0	0	0		1	0	1	
1744830974	scripts/ai/StandardAI.lua	1	768	768	32	256	64	0	32	0	384	80	548	0	0	0		1	0	1	
1744830975	scripts/ai/StandardAI.lua	1	768	768	32	256	64	0	32	0	384	80	547	0	0	0		1	0	1	
1744830976	scripts/ai/StandardAI.lua	1	768	768	32	256	64	0	32	0	384	80	556	0	0	0		1	0	1	
1744830977	scripts/ai/StandardAI.lua	1	768	768	32	256	64	0	32	0	384	80	549	0	0	0		1	0	1	
1744830978	scripts/ai/StandardAI.lua	1	768	768	32	256	64	0	32	0	384	80	550	0	1	0		1	0	1	
1744830979	scripts/ai/StandardAI.lua	1	768	768	32	256	64	0	32	0	384	80	550	0	2	0		1	0	1	
1744830980	scripts/ai/StandardAI.lua	1	768	768	32	256	64	0	32	0	384	80	554	0	0	0		1	0	1	
1744830981	scripts/ai/StandardAI.lua	1	768	768	32	256	64	0	32	0	384	80	553	0	0	0		1	0	1	
1744830982	scripts/ai/StandardAI.lua	1	768	768	32	256	64	0	32	0	384	80	555	0	0	0		1	0	1	
1744830983	scripts/ai/StandardAI.lua	1	768	768	32	256	64	0	32	0	384	80	558	0	1	0		1	0	1	
1744830984	scripts/ai/StandardAI.lua	1	768	768	32	256	64	0	32	0	384	80	559	0	1	0		1	0	1	
1744830985	scripts/ai/StandardAI.lua	1	768	768	32	256	64	0	32	0	384	80	557	0	0	0		1	0	1	
