AIType	ScriptFile	IsPositive	AlertRange	SearchPlayerDistance	AlertOverTime	AttackRange	EscapeTime	EscapeRange	EscapeInterval	WanderRange	WanderDistance	WanderInterval	PatrolPathID	EscapeLife	PatrolOrderIndex	ReviveTeammate	CustomArguments	IsAutoTurn	NpcSceneType	IsSnarlInFight	DialogIdleTime
-1761607679	scripts/ai/StandardAI.lua	0	768	768	32	256	64	0	32	0	384	80	7	0	0	0		1	0	0	
-1761607678	scripts/ai/StandardAI.lua	1	769	768	32	256	64	0	32	0	0	80	0	0	0	0		1	0	1	
-1761607677	scripts/ai/StandardAI.lua	0	768	768	32	256	64	0	32	0	384	80	3	0	0	0		1	0	0	
-1761607676	scripts/ai/StandardAI.lua	0	768	768	32	256	64	0	32	0	384	80	1	0	3	0		1	0	0	
-1761607675	scripts/ai/StandardAI.lua	0	768	768	32	256	64	0	32	0	384	80	1	0	2	0		1	0	0	
-1761607674	scripts/ai/StandardAI.lua	0	768	768	32	256	64	0	32	0	384	80	39	0	1	0		1	0	0	
-1761607673	scripts/ai/StandardAI.lua	1	768	768	32	256	64	0	32	0	384	80	8	0	2	0		1	0	0	
-1761607672	scripts/ai/StandardAI.lua	1	768	768	32	256	64	0	32	0	384	80	8	0	3	0		1	0	0	
-1761607671	scripts/ai/StandardAI.lua	0	768	768	32	256	64	0	32	0	384	80	11	0	0	0		1	0	0	
-1761607670	scripts/ai/StandardAI.lua	1	768	768	32	256	64	0	32	0	384	80	9	0	2	0		1	0	0	
-1761607669	scripts/ai/StandardAI.lua	1	768	768	32	256	64	0	32	0	384	80	9	0	3	0		1	0	0	
-1761607668	scripts/ai/StandardAI.lua	1	768	768	32	256	64	0	32	0	384	80	10	0	1	0		1	0	0	
-1761607667	scripts/ai/StandardAI.lua	1	768	768	32	256	64	0	32	0	384	80	10	0	3	0		1	0	0	
-1761607666	scripts/ai/StandardAI.lua	1	768	768	32	256	64	0	32	0	384	80	10	0	5	0		1	0	0	
-1761607665	scripts/ai/StandardAI.lua	1	768	768	32	256	64	0	32	0	384	80	30	0	1	0		1	0	1	
-1761607664	scripts/ai/StandardAI.lua	1	768	768	32	256	64	0	32	0	384	80	28	0	1	0		1	0	1	
-1761607663	scripts/ai/StandardAI.lua	1	768	768	32	256	64	0	32	0	384	80	27	0	1	0		1	0	1	
-1761607662	scripts/ai/StandardAI.lua	1	768	768	32	256	64	0	32	0	384	80	25	0	1	0		1	0	1	
-1761607661	scripts/ai/StandardAI.lua	1	768	768	32	256	64	0	32	0	384	80	26	0	1	0		1	0	1	
-1761607660	scripts/ai/StandardAI.lua	1	768	768	32	256	64	0	32	0	384	80	19	0	1	0		1	0	1	
-1761607659	scripts/ai/StandardAI.lua	1	768	768	32	256	64	0	32	0	384	80	21	0	1	0		1	0	1	
-1761607658	scripts/ai/StandardAI.lua	1	768	768	32	256	64	0	32	0	384	80	29	0	1	0		1	0	1	
-1761607657	scripts/ai/StandardAI.lua	1	768	768	32	256	64	0	32	0	384	80	31	0	1	0		1	0	1	
-1761607656	scripts/ai/StandardAI.lua	1	768	768	32	256	64	0	32	0	384	80	18	0	1	0		1	0	1	
-1761607655	scripts/ai/StandardAI.lua	1	768	768	32	256	64	0	32	0	384	80	20	0	1	0		1	0	1	
-1761607654	scripts/ai/StandardAI.lua	1	768	768	32	256	64	0	32	0	384	80	22	0	1	0		1	0	1	
-1761607653	scripts/ai/StandardAI.lua	1	768	768	32	256	64	0	32	0	384	80	23	0	1	0		1	0	1	
-1761607652	scripts/ai/StandardAI.lua	1	768	768	32	256	64	0	32	0	384	80	24	0	1	0		1	0	1	
-1761607651	scripts/ai/StandardAI.lua	0	768	768	32	256	64	0	32	0	384	80	13	0	3	0		1	0	0	
-1761607650	scripts/ai/StandardAI.lua	0	768	768	32	256	64	0	32	0	384	80	13	0	2	0		1	0	0	
-1761607649	scripts/ai/StandardAI.lua	0	768	768	32	256	64	0	32	0	384	80	13	0	1	0		1	0	0	
-1761607648	scripts/ai/StandardAI.lua	0	768	768	32	256	64	0	32	0	384	80	14	0	2	0		1	0	0	
-1761607647	scripts/ai/StandardAI.lua	0	768	768	32	256	64	0	32	0	384	80	14	0	3	0		1	0	0	
-1761607646	scripts/ai/StandardAI.lua	1	768	768	32	256	64	0	32	0	384	80	15	0	0	0		1	0	0	
-1761607645	scripts/ai/StandardAI.lua	1	768	768	32	256	64	0	32	0	384	80	287	0	1	0		1	0	1	
-1761607644	scripts/ai/StandardAI.lua	1	768	768	32	256	64	0	32	0	384	80	17	0	0	0		1	0	0	
-1761607643	scripts/ai/StandardAI.lua	0	768	768	32	256	64	0	32	0	384	80	16	0	0	0		1	0	0	
-1761607642	scripts/ai/StandardAI.lua	0	768	768	32	256	64	0	32	0	384	80	32	0	2	0		1	0	0	
-1761607641	scripts/ai/StandardAI.lua	0	768	768	32	256	64	0	32	0	384	80	32	0	3	0		1	0	0	
-1761607640	scripts/ai/StandardAI.lua	1	768	768	32	256	64	0	32	0	384	80	35	0	1	0		1	0	1	
-1761607639	scripts/ai/StandardAI.lua	1	768	768	32	256	64	0	32	0	384	80	33	0	1	0		1	0	1	
-1761607638	scripts/ai/StandardAI.lua	1	768	768	32	256	64	0	32	0	384	80	37	0	1	0		1	0	1	
-1761607637	scripts/ai/StandardAI.lua	1	768	768	32	256	64	0	32	0	384	80	38	0	1	0		1	0	1	
-1761607636	scripts/ai/StandardAI.lua	1	768	768	32	256	64	0	32	0	384	80	36	0	1	0		1	0	1	
-1761607635	scripts/ai/StandardAI.lua	1	768	768	32	256	64	0	32	0	384	80	34	0	1	0		1	0	1	
-1761607634	scripts/ai/StandardAI.lua	1	768	768	32	256	64	0	32	0	384	80	40	0	1	0		1	0	0	
-1761607633	scripts/ai/StandardAI.lua	1	768	768	32	256	64	0	32	0	384	80	41	0	1	0		1	0	0	
-1761607632	scripts/ai/StandardAI.lua	1	768	768	32	256	64	960	32	0	384	80	61	30	1	0		1	0	1	
-1761607631	scripts/ai/StandardAI.lua	1	768	768	32	256	64	0	32	0	384	80	62	0	1	0		1	0	1	
-1761607630	scripts/ai/StandardAI.lua	0	768	768	32	256	64	0	32	0	384	80	42	0	1	0		1	0	0	
-1761607629	scripts/ai/StandardAI.lua	1	768	768	32	256	64	0	32	0	384	80	43	0	1	0		1	0	0	
-1761607628	scripts/ai/StandardAI.lua	0	768	768	32	256	64	0	32	0	384	80	44	0	1	0		1	0	0	
-1761607627	scripts/ai/StandardAI.lua	1	768	768	32	256	64	0	32	0	384	80	45	0	1	0		1	0	0	
-1761607626	scripts/ai/StandardAI.lua	1	768	768	32	256	64	0	32	0	384	80	45	0	3	0		1	0	0	
-1761607625	scripts/ai/StandardAI.lua	1	768	768	32	256	64	0	32	0	384	80	45	0	2	0		1	0	0	
-1761607624	scripts/ai/StandardAI.lua	1	768	768	32	256	64	0	32	0	384	80	47	0	1	0		1	0	0	
-1761607623	scripts/ai/StandardAI.lua	1	768	768	32	256	64	0	32	0	384	80	46	0	1	0		1	0	0	
-1761607622	scripts/ai/StandardAI.lua	1	768	768	32	256	64	0	32	0	384	80	48	0	1	0		1	0	0	
-1761607621	scripts/ai/StandardAI.lua	1	768	768	32	256	64	0	32	0	384	80	60	0	2	0		1	0	0	
-1761607620	scripts/ai/StandardAI.lua	1	768	768	32	256	64	0	32	0	384	80	60	0	3	0		1	0	0	
-1761607619	scripts/ai/StandardAI.lua	0	768	768	32	256	64	0	32	0	384	80	49	0	1	0		1	0	0	
-1761607618	scripts/ai/StandardAI.lua	0	768	768	32	256	64	0	32	0	384	80	51	0	1	0		1	0	0	
-1761607617	scripts/ai/StandardAI.lua	0	768	768	32	256	64	0	32	0	384	80	50	0	1	0		1	0	0	
-1761607616	scripts/ai/StandardAI.lua	0	768	768	32	256	64	0	32	0	384	80	53	0	1	0		1	0	0	
-1761607615	scripts/ai/StandardAI.lua	1	768	768	32	256	64	0	32	0	384	80	52	0	1	0		1	0	0	
-1761607614	scripts/ai/StandardAI.lua	1	768	768	32	256	64	0	32	0	384	80	55	0	1	0		1	0	0	
-1761607613	scripts/ai/StandardAI.lua	1	768	768	32	256	64	0	32	0	384	80	56	0	1	0		1	0	0	
-1761607612	scripts/ai/StandardAI.lua	1	768	768	32	256	64	0	32	0	384	80	57	0	1	0		1	0	0	
-1761607611	scripts/ai/StandardAI.lua	1	768	768	32	256	64	0	32	0	384	80	54	0	1	0		1	0	0	
-1761607610	scripts/ai/StandardAI.lua	1	768	768	32	256	64	0	32	0	384	80	54	0	2	0		1	0	0	
-1761607609	scripts/ai/StandardAI.lua	1	768	768	32	256	64	0	32	0	384	80	54	0	3	0		1	0	0	
-1761607608	scripts/ai/StandardAI.lua	1	768	768	32	256	64	0	32	0	384	80	58	0	1	0		1	0	0	
-1761607607	scripts/ai/StandardAI.lua	0	768	768	32	256	64	0	32	0	384	80	78	0	1	0		1	0	0	
-1761607606	scripts/ai/StandardAI.lua	0	768	768	32	256	64	0	32	0	384	80	0	0	1	0		1	0	0	
-1761607605	scripts/ai/StandardAI.lua	0	768	768	32	256	64	0	32	0	384	80	83	0	2	0		1	0	0	
-1761607604	scripts/ai/StandardAI.lua	1	768	768	32	256	64	0	32	0	384	80	303	0	0	0		1	0	1	
-1761607603	scripts/ai/StandardAI.lua	0	768	768	32	256	64	0	32	0	384	80	74	0	2	0		1	0	0	
-1761607602	scripts/ai/StandardAI.lua	0	768	768	32	256	64	0	32	0	384	80	81	0	1	0		1	0	0	
-1761607601	scripts/ai/StandardAI.lua	0	768	768	32	256	64	0	32	0	384	80	84	0	1	0		1	0	0	
-1761607600	scripts/ai/StandardAI.lua	0	768	768	32	256	64	0	32	0	384	80	80	0	0	0		1	0	0	
-1761607599	scripts/ai/StandardAI.lua	0	768	768	32	256	64	0	32	0	384	80	292	0	1	0		1	0	0	
-1761607598	scripts/ai/StandardAI.lua	0	768	768	32	256	64	0	32	0	384	80	86	0	1	0		1	0	0	
-1761607597	scripts/ai/StandardAI.lua	0	768	768	32	256	64	0	32	0	384	80	85	0	1	0		1	0	0	
-1761607596	scripts/ai/StandardAI.lua	1	768	768	32	256	64	0	32	0	384	80	59	0	1	0		1	0	0	
-1761607595	scripts/ai/StandardAI.lua	1	768	768	32	256	64	0	32	0	384	80	59	0	2	0		1	0	0	
-1761607594	scripts/ai/StandardAI.lua	1	768	768	32	256	64	0	32	0	384	80	59	0	3	0		1	0	0	
-1761607593	scripts/ai/StandardAI.lua	0	768	768	32	256	64	0	32	0	384	80	70	0	1	0		1	0	0	
-1761607592	scripts/ai/StandardAI.lua	0	768	768	32	256	64	0	32	0	384	80	240	0	1	0		1	0	0	
-1761607591	scripts/ai/StandardAI.lua	0	768	768	32	256	64	0	32	0	384	80	65	0	2	0		1	0	0	
-1761607590	scripts/ai/StandardAI.lua	0	768	768	32	256	64	0	32	0	384	80	66	0	3	0		1	0	0	
-1761607589	scripts/ai/StandardAI.lua	0	768	768	32	256	64	0	32	0	384	80	67	0	1	0		1	0	0	
-1761607588	scripts/ai/StandardAI.lua	0	768	768	32	256	64	0	32	0	384	80	69	0	1	0		1	0	0	
-1761607587	scripts/ai/StandardAI.lua	0	768	768	32	256	64	0	32	0	384	80	71	0	1	0		1	0	0	
-1761607586	scripts/ai/StandardAI.lua	1	768	768	32	256	64	0	32	0	384	80	115	0	1	0		1	0	0	
-1761607585	scripts/ai/StandardAI.lua	1	768	768	32	256	64	0	32	0	384	80	120	0	2	0		1	0	0	
-1761607584	scripts/ai/StandardAI.lua	0	768	768	32	256	64	0	32	0	384	80	143	0	1	0		1	0	0	
-1761607583	scripts/ai/StandardAI.lua	1	768	768	32	256	64	0	32	0	384	80	155	0	1	0		1	0	0	
-1761607582	scripts/ai/StandardAI.lua	1	768	768	32	256	64	0	32	0	384	80	2	0	2	0		1	0	1	
-1761607581	scripts/ai/StandardAI.lua	1	768	768	32	256	64	0	32	0	384	80	2	0	3	0		1	0	1	
-1761607580	scripts/ai/StandardAI.lua	0	768	768	32	256	64	0	32	0	384	80	302	0	0	0		1	0	0	
-1761607579	scripts/ai/StandardAI.lua	0	768	768	32	256	64	0	32	0	384	80	72	0	1	0		1	0	0	
-1761607578	scripts/ai/StandardAI.lua	0	768	768	32	256	64	0	32	0	384	80	73	0	2	0		1	0	0	
-1761607577	scripts/ai/StandardAI.lua	0	768	768	32	256	64	0	32	0	384	80	73	0	3	0		1	0	0	
-1761607576	scripts/ai/StandardAI.lua	0	768	768	32	256	64	0	32	0	384	80	75	0	1	0		1	0	0	
-1761607575	scripts/ai/StandardAI.lua	0	768	768	32	256	64	0	32	0	384	80	76	0	1	0		1	0	0	
-1761607574	scripts/ai/StandardAI.lua	0	768	768	32	256	64	0	32	0	384	80	77	0	2	0		1	0	0	
-1761607573	scripts/ai/StandardAI.lua	0	768	768	32	256	64	0	32	0	384	80	77	0	3	0		1	0	0	
-1761607572	scripts/ai/StandardAI.lua	0	768	768	32	256	64	0	32	0	384	80	79	0	3	0		1	0	0	
-1761607571	scripts/ai/StandardAI.lua	0	768	768	32	256	64	0	32	0	384	80	79	0	2	0		1	0	0	
-1761607570	scripts/ai/StandardAI.lua	1	768	768	32	256	64	0	32	0	384	80	84	0	3	0		1	0	0	
-1761607569	scripts/ai/StandardAI.lua	0	768	768	32	256	64	0	32	0	384	80	88	0	1	0		1	0	0	
-1761607568	scripts/ai/StandardAI.lua	0	768	768	32	256	64	0	32	0	384	80	89	0	1	0		1	0	0	
-1761607567	scripts/ai/StandardAI.lua	0	768	768	32	256	64	0	32	0	384	80	262	0	1	0		1	0	0	
-1761607566	scripts/ai/StandardAI.lua	1	768	768	32	256	64	0	32	0	384	80	106	0	1	0		1	0	0	
-1761607565	scripts/ai/StandardAI.lua	1	768	768	32	256	64	0	32	0	384	80	90	0	1	0		1	0	0	
-1761607564	scripts/ai/StandardAI.lua	0	768	768	32	256	64	0	32	0	384	80	111	0	1	0		1	0	0	
-1761607563	scripts/ai/StandardAI.lua	1	768	768	32	256	64	0	32	0	384	80	95	0	1	0		1	0	0	
-1761607562	scripts/ai/StandardAI.lua	1	768	768	32	256	64	0	32	0	384	80	93	0	1	0		1	0	0	
-1761607561	scripts/ai/StandardAI.lua	1	768	768	32	256	64	0	32	0	384	80	91	0	2	0		1	0	0	
-1761607560	scripts/ai/StandardAI.lua	1	768	768	32	256	64	0	32	0	384	80	91	0	3	0		1	0	0	
-1761607559	scripts/ai/StandardAI.lua	1	768	768	32	256	64	0	32	0	384	80	92	0	3	0		1	0	0	
-1761607558	scripts/ai/StandardAI.lua	1	768	768	32	256	64	0	32	0	384	80	92	0	2	0		1	0	0	
-1761607557	scripts/ai/StandardAI.lua	1	768	768	32	256	64	0	32	0	384	80	98	0	1	0		1	0	0	
-1761607556	scripts/ai/StandardAI.lua	1	768	768	32	256	64	0	32	0	384	80	270	0	1	0		1	0	0	
-1761607555	scripts/ai/StandardAI.lua	1	768	768	32	256	64	0	32	0	384	80	94	0	1	0		1	0	0	
-1761607554	scripts/ai/StandardAI.lua	1	768	768	32	256	64	0	32	0	384	80	96	0	1	0		1	0	0	
-1761607553	scripts/ai/StandardAI.lua	1	768	768	32	256	64	0	32	0	384	80	97	0	1	0		1	0	0	
-1761607552	scripts/ai/StandardAI.lua	1	768	768	32	256	64	0	32	0	384	80	97	0	3	0		1	0	0	
-1761607551	scripts/ai/StandardAI.lua	1	768	768	32	256	64	0	32	0	384	80	97	0	2	0		1	0	0	
-1761607550	scripts/ai/StandardAI.lua	1	768	768	32	256	64	0	32	0	384	80	99	0	3	0		1	0	0	
-1761607549	scripts/ai/StandardAI.lua	1	768	768	32	256	64	0	32	0	384	80	99	0	2	0		1	0	0	
-1761607548	scripts/ai/StandardAI.lua	1	768	768	32	256	64	0	32	0	384	80	102	0	1	0		1	0	0	
-1761607547	scripts/ai/StandardAI.lua	1	768	768	32	256	64	0	32	0	384	80	100	0	1	0		1	0	0	
-1761607546	scripts/ai/StandardAI.lua	1	768	768	32	256	64	0	32	0	384	80	101	0	1	0		1	0	0	
-1761607545	scripts/ai/StandardAI.lua	1	768	768	32	256	64	0	32	0	384	80	105	0	2	0		1	0	0	
-1761607544	scripts/ai/StandardAI.lua	1	768	768	32	256	64	0	32	0	384	80	103	0	1	0		1	0	0	
-1761607543	scripts/ai/StandardAI.lua	1	768	768	32	256	64	0	32	0	384	80	104	0	1	0		1	0	0	
-1761607542	scripts/ai/StandardAI.lua	1	768	768	32	256	64	0	32	0	384	80	104	0	2	0		1	0	0	
-1761607541	scripts/ai/StandardAI.lua	1	768	768	32	256	64	0	32	0	384	80	104	0	3	0		1	0	0	
-1761607540	scripts/ai/StandardAI.lua	1	768	768	32	256	64	0	32	0	384	80	105	0	3	0		1	0	0	
-1761607539	scripts/ai/StandardAI.lua	1	768	768	32	256	64	0	32	0	384	80	107	0	1	0		1	0	0	
-1761607538	scripts/ai/StandardAI.lua	1	768	768	32	256	64	0	32	0	384	80	108	0	1	0		1	0	0	
-1761607537	scripts/ai/StandardAI.lua	1	768	768	32	256	64	0	32	0	384	80	110	0	1	0		1	0	0	
-1761607536	scripts/ai/StandardAI.lua	1	768	768	32	256	64	0	32	0	384	80	109	0	1	0		1	0	0	
-1761607535	scripts/ai/StandardAI.lua	1	768	768	32	256	64	0	32	0	384	80	112	0	1	0		1	0	0	
-1761607534	scripts/ai/StandardAI.lua	1	768	768	32	256	64	0	32	0	384	80	112	0	2	0		1	0	0	
-1761607533	scripts/ai/StandardAI.lua	1	768	768	32	256	64	0	32	0	384	80	112	0	3	0		1	0	0	
-1761607532	scripts/ai/StandardAI.lua	0	768	768	32	256	64	0	32	0	384	80	295	0	1	0		1	0	0	
-1761607531	scripts/ai/StandardAI.lua	0	768	768	32	256	64	0	32	0	384	80	170	0	1	0		1	0	0	
-1761607530	scripts/ai/StandardAI.lua	0	768	768	32	256	64	0	32	0	384	80	114	0	1	0		1	0	0	
-1761607529	scripts/ai/StandardAI.lua	0	768	768	32	256	64	0	32	0	384	80	113	0	2	0		1	0	0	
-1761607528	scripts/ai/StandardAI.lua	0	768	768	32	256	64	0	32	0	384	80	113	0	3	0		1	0	0	
-1761607527	scripts/ai/StandardAI.lua	1	768	768	32	256	64	0	32	0	384	80	176	0	1	0		1	0	0	
-1761607526	scripts/ai/StandardAI.lua	1	768	768	32	256	64	0	32	0	384	80	179	0	1	0		1	0	0	
-1761607525	scripts/ai/StandardAI.lua	1	768	768	32	256	64	0	32	0	384	80	181	0	1	0		1	0	0	
-1761607524	scripts/ai/StandardAI.lua	1	768	768	32	256	64	0	32	0	384	80	116	0	2	0		1	0	0	
-1761607523	scripts/ai/StandardAI.lua	1	768	768	32	256	64	0	32	0	384	80	116	0	3	0		1	0	0	
-1761607522	scripts/ai/StandardAI.lua	1	768	768	32	256	64	0	32	0	384	80	118	0	1	0		1	0	0	
-1761607521	scripts/ai/StandardAI.lua	1	768	768	32	256	64	0	32	0	384	80	117	0	2	0		1	0	0	
-1761607520	scripts/ai/StandardAI.lua	1	768	768	32	256	64	0	32	0	384	80	117	0	3	0		1	0	0	
-1761607519	scripts/ai/StandardAI.lua	0	768	768	32	256	64	0	32	0	384	80	119	0	1	0		1	0	0	
-1761607518	scripts/ai/StandardAI.lua	1	768	768	32	256	64	0	32	0	384	80	120	0	3	0		1	0	0	
-1761607517	scripts/ai/StandardAI.lua	1	768	768	32	256	64	0	32	0	384	80	122	0	2	0		1	0	0	
-1761607516	scripts/ai/StandardAI.lua	1	768	768	32	256	64	0	32	0	384	80	122	0	3	0		1	0	0	
-1761607515	scripts/ai/StandardAI.lua	1	768	768	32	256	64	0	32	0	384	80	123	0	1	0		1	0	0	
-1761607514	scripts/ai/StandardAI.lua	1	768	768	32	256	64	0	32	0	384	80	124	0	1	0		1	0	0	
-1761607513	scripts/ai/StandardAI.lua	1	768	768	32	256	64	0	32	0	384	80	137	0	1	0		1	0	0	
-1761607512	scripts/ai/StandardAI.lua	1	768	768	32	256	64	0	32	0	384	80	138	0	2	0		1	0	0	
-1761607511	scripts/ai/StandardAI.lua	1	768	768	32	256	64	0	32	0	384	80	138	0	1	0		1	0	0	
-1761607510	scripts/ai/StandardAI.lua	0	768	768	32	256	64	0	32	0	384	80	139	0	1	0		1	0	0	
-1761607509	scripts/ai/StandardAI.lua	1	768	768	32	256	64	0	32	0	384	80	140	0	1	0		1	0	0	
-1761607508	scripts/ai/StandardAI.lua	1	768	768	32	256	64	0	32	0	384	80	141	0	1	0		1	0	0	
-1761607507	scripts/ai/StandardAI.lua	1	768	768	32	256	64	0	32	0	384	80	142	0	1	0		1	0	0	
-1761607506	scripts/ai/StandardAI.lua	1	768	768	32	256	64	0	32	0	384	80	142	0	2	0		1	0	0	
-1761607505	scripts/ai/StandardAI.lua	1	768	768	32	256	64	0	32	0	384	80	157	0	1	0		1	0	0	
-1761607504	scripts/ai/StandardAI.lua	1	768	768	32	256	64	0	32	0	384	80	156	0	1	0		1	0	0	
-1761607503	scripts/ai/StandardAI.lua	1	768	768	32	256	64	0	32	0	384	80	144	0	2	0		1	0	0	
-1761607502	scripts/ai/StandardAI.lua	1	768	768	32	256	64	0	32	0	384	80	144	0	3	0		1	0	0	
-1761607501	scripts/ai/StandardAI.lua	1	768	768	32	256	64	0	32	0	384	80	144	0	1	0		1	0	0	
-1761607500	scripts/ai/StandardAI.lua	0	768	768	32	256	64	0	32	0	384	80	146	0	1	0		1	0	0	
-1761607499	scripts/ai/StandardAI.lua	0	768	768	32	256	64	0	32	0	384	80	145	0	1	0		1	0	0	
-1761607498	scripts/ai/StandardAI.lua	1	768	768	32	256	64	0	32	0	384	80	147	0	3	0		1	0	0	
-1761607497	scripts/ai/StandardAI.lua	1	768	768	32	256	64	0	32	0	384	80	147	0	2	0		1	0	0	
-1761607496	scripts/ai/StandardAI.lua	1	768	768	32	256	64	0	32	0	384	80	148	0	1	0		1	0	0	
-1761607495	scripts/ai/StandardAI.lua	1	768	768	32	256	64	0	32	0	384	80	149	0	1	0		1	0	0	
-1761607494	scripts/ai/StandardAI.lua	1	768	768	32	256	64	0	32	0	384	80	150	0	2	0		1	0	0	
-1761607493	scripts/ai/StandardAI.lua	1	768	768	32	256	64	0	32	0	384	80	150	0	3	0		1	0	0	
-1761607492	scripts/ai/StandardAI.lua	1	768	768	32	256	64	0	32	0	384	80	152	0	2	0		1	0	0	
-1761607491	scripts/ai/StandardAI.lua	1	768	768	32	256	64	0	32	0	384	80	152	0	3	0		1	0	0	
-1761607490	scripts/ai/StandardAI.lua	1	768	768	32	256	64	0	32	0	384	80	153	0	2	0		1	0	0	
-1761607489	scripts/ai/StandardAI.lua	1	768	768	32	256	64	0	32	0	384	80	153	0	3	0		1	0	0	
-1761607488	scripts/ai/StandardAI.lua	1	768	768	32	256	64	0	32	0	384	80	154	0	1	0		1	0	0	
-1761607487	scripts/ai/StandardAI.lua	0	768	768	32	256	64	0	32	0	384	80	158	0	1	0		1	0	0	
-1761607486	scripts/ai/StandardAI.lua	1	768	768	32	256	64	0	32	0	384	80	161	0	1	0		1	0	0	
-1761607485	scripts/ai/StandardAI.lua	1	768	768	32	256	64	0	32	0	384	80	159	0	1	0		1	0	0	
-1761607484	scripts/ai/StandardAI.lua	1	768	768	32	256	64	0	32	0	384	80	160	0	1	0		1	0	0	
-1761607483	scripts/ai/StandardAI.lua	1	768	768	32	256	64	0	32	0	384	80	162	0	1	0		1	0	0	
-1761607482	scripts/ai/StandardAI.lua	1	768	768	32	256	64	0	32	0	384	80	163	0	1	0		1	0	0	
-1761607481	scripts/ai/StandardAI.lua	0	768	768	32	256	64	0	32	0	384	80	164	0	2	0		1	0	0	
-1761607480	scripts/ai/StandardAI.lua	0	768	768	32	256	64	0	32	0	384	80	164	0	1	0		1	0	0	
-1761607479	scripts/ai/StandardAI.lua	0	768	768	32	256	64	0	32	0	384	80	164	0	3	0		1	0	0	
-1761607478	scripts/ai/StandardAI.lua	0	768	768	32	256	64	0	32	0	384	80	164	0	4	0		1	0	0	
-1761607477	scripts/ai/StandardAI.lua	1	768	768	32	256	64	0	32	0	384	80	165	0	2	0		1	0	0	
-1761607476	scripts/ai/StandardAI.lua	1	768	768	32	256	64	0	32	0	384	80	165	0	3	0		1	0	0	
-1761607475	scripts/ai/StandardAI.lua	1	768	768	32	256	64	0	32	0	384	80	166	0	1	0		1	0	0	
-1761607474	scripts/ai/StandardAI.lua	0	768	768	32	256	64	0	32	0	384	80	167	0	3	0		1	0	0	
-1761607473	scripts/ai/StandardAI.lua	0	768	768	32	256	64	0	32	0	384	80	167	0	2	0		1	0	0	
-1761607472	scripts/ai/StandardAI.lua	0	768	768	32	256	64	0	32	0	384	80	168	0	1	0		1	0	0	
-1761607471	scripts/ai/StandardAI.lua	0	768	768	32	256	64	0	32	0	384	80	171	0	1	0		1	0	0	
-1761607470	scripts/ai/StandardAI.lua	1	768	768	32	256	64	0	32	0	384	80	188	0	1	0		1	0	0	
-1761607469	scripts/ai/StandardAI.lua	1	768	768	32	256	64	0	32	0	384	80	172	0	1	0		1	0	0	
-1761607468	scripts/ai/StandardAI.lua	1	768	768	32	256	64	0	32	0	384	80	175	0	1	0		1	0	0	
-1761607467	scripts/ai/StandardAI.lua	0	768	768	32	256	64	0	32	0	384	80	177	0	1	0		1	0	0	
-1761607466	scripts/ai/StandardAI.lua	1	768	768	32	256	64	0	32	0	384	80	174	0	1	0		1	0	0	
-1761607465	scripts/ai/StandardAI.lua	1	768	768	32	256	64	0	32	0	384	80	178	0	1	0		1	0	0	
-1761607464	scripts/ai/StandardAI.lua	1	768	768	32	256	64	0	32	0	384	80	173	0	2	0		1	0	0	
-1761607463	scripts/ai/StandardAI.lua	1	768	768	32	256	64	0	32	0	384	80	173	0	3	0		1	0	0	
-1761607462	scripts/ai/StandardAI.lua	1	768	768	32	256	64	0	32	0	384	80	180	0	2	0		1	0	0	
-1761607461	scripts/ai/StandardAI.lua	1	768	768	32	256	64	0	32	0	384	80	180	0	3	0		1	0	0	
-1761607460	scripts/ai/StandardAI.lua	0	768	768	32	256	64	0	32	0	384	80	182	0	2	0		1	0	0	
-1761607459	scripts/ai/StandardAI.lua	0	768	768	32	256	64	0	32	0	384	80	182	0	3	0		1	0	0	
-1761607458	scripts/ai/StandardAI.lua	0	768	768	32	256	64	0	32	0	384	80	183	0	2	0		1	0	0	
-1761607457	scripts/ai/StandardAI.lua	0	768	768	32	256	64	0	32	0	384	80	183	0	3	0		1	0	0	
-1761607456	scripts/ai/StandardAI.lua	0	768	768	32	256	64	0	32	0	384	80	184	0	2	0		1	0	0	
-1761607455	scripts/ai/StandardAI.lua	0	768	768	32	256	64	0	32	0	384	80	184	0	3	0		1	0	0	
-1761607454	scripts/ai/StandardAI.lua	0	768	768	32	256	64	0	32	0	384	80	185	0	2	0		1	0	0	
-1761607453	scripts/ai/StandardAI.lua	0	768	768	32	256	64	0	32	0	384	80	185	0	3	0		1	0	0	
-1761607452	scripts/ai/StandardAI.lua	0	768	768	32	256	64	0	32	0	384	80	186	0	1	0		1	0	0	
-1761607451	scripts/ai/StandardAI.lua	0	768	768	32	256	64	0	32	0	384	80	169	0	0	0		1	0	0	
-1761607450	scripts/ai/StandardAI.lua	1	768	768	32	256	64	0	32	0	384	80	187	0	1	0		1	0	0	
-1761607449	scripts/ai/StandardAI.lua	0	768	768	32	256	64	0	32	0	384	80	189	0	1	0		1	0	0	
-1761607448	scripts/ai/StandardAI.lua	0	768	768	32	256	64	0	32	0	384	80	221	0	1	0		1	0	0	
-1761607447	scripts/ai/StandardAI.lua	0	768	768	32	256	64	0	32	0	384	80	239	0	1	0		1	0	0	
-1761607446	scripts/ai/StandardAI.lua	0	768	768	32	256	64	0	32	0	384	80	237	0	1	0		1	0	0	
-1761607445	scripts/ai/StandardAI.lua	0	768	768	32	256	64	0	32	0	384	80	226	0	1	0		1	0	0	
-1761607444	scripts/ai/StandardAI.lua	0	768	768	32	256	64	0	32	0	384	80	279	0	1	0		1	0	0	
-1761607443	scripts/ai/StandardAI.lua	0	768	768	32	256	64	0	32	0	384	80	233	0	1	0		1	0	0	
-1761607442	scripts/ai/StandardAI.lua	0	768	768	32	256	64	0	32	0	384	80	278	0	1	0		1	0	0	
-1761607441	scripts/ai/StandardAI.lua	0	768	768	32	256	64	0	32	0	384	80	229	0	1	0		1	0	0	
-1761607440	scripts/ai/StandardAI.lua	0	768	768	32	256	64	0	32	0	384	80	232	0	1	0		1	0	0	
-1761607439	scripts/ai/StandardAI.lua	0	768	768	32	256	64	0	32	0	384	80	227	0	1	0		1	0	0	
-1761607438	scripts/ai/StandardAI.lua	0	768	768	32	256	64	0	32	0	384	80	228	0	1	0		1	0	0	
-1761607437	scripts/ai/StandardAI.lua	0	768	768	32	256	64	0	32	0	384	80	233	0	3	0		1	0	0	
-1761607436	scripts/ai/StandardAI.lua	0	768	768	32	256	64	0	32	0	384	80	233	0	2	0		1	0	0	
-1761607435	scripts/ai/StandardAI.lua	0	768	768	32	256	64	0	32	0	384	80	230	0	1	0		1	0	0	
-1761607434	scripts/ai/StandardAI.lua	0	768	768	32	256	64	0	32	0	384	80	191	0	0	0		1	0	0	
-1761607433	scripts/ai/StandardAI.lua	0	768	768	32	256	64	0	32	0	384	80	192	0	0	0		1	0	0	
-1761607432	scripts/ai/StandardAI.lua	0	768	768	32	256	64	0	32	0	384	80	193	0	1	0		1	0	0	
-1761607431	scripts/ai/StandardAI.lua	0	768	768	32	256	64	0	32	0	384	80	214	0	1	0		1	0	0	
-1761607430	scripts/ai/StandardAI.lua	0	768	768	32	256	64	0	32	0	384	80	200	0	1	0		1	0	0	
-1761607429	scripts/ai/StandardAI.lua	0	768	768	32	256	64	0	32	0	384	80	194	0	1	0		1	0	0	
-1761607428	scripts/ai/StandardAI.lua	0	768	768	32	256	64	0	32	0	384	80	196	0	1	0		1	0	0	
-1761607427	scripts/ai/StandardAI.lua	0	768	768	32	256	64	0	32	0	384	80	207	0	1	0		1	0	0	
-1761607426	scripts/ai/StandardAI.lua	0	768	768	32	256	64	0	32	0	384	80	208	0	1	0		1	0	0	
-1761607425	scripts/ai/StandardAI.lua	0	768	768	32	256	64	0	32	0	384	80	197	0	1	0		1	0	0	
-1761607424	scripts/ai/StandardAI.lua	0	768	768	32	256	64	0	32	0	384	80	195	0	1	0		1	0	0	
-1761607423	scripts/ai/StandardAI.lua	0	768	768	32	256	64	0	32	0	384	80	212	0	1	0		1	0	0	
-1761607422	scripts/ai/StandardAI.lua	0	768	768	32	256	64	0	32	0	384	80	223	0	1	0		1	0	0	
-1761607421	scripts/ai/StandardAI.lua	0	768	768	32	256	64	0	32	0	384	80	215	0	0	0		1	0	0	
-1761607420	scripts/ai/StandardAI.lua	0	768	768	32	256	64	0	32	0	384	80	217	0	1	0		1	0	0	
-1761607419	scripts/ai/StandardAI.lua	0	768	768	32	256	64	0	32	0	384	80	216	0	1	0		1	0	0	
-1761607418	scripts/ai/StandardAI.lua	0	768	768	32	256	64	0	32	0	384	80	218	0	1	0		1	0	0	
-1761607417	scripts/ai/StandardAI.lua	0	768	768	32	256	64	0	32	0	384	80	285	0	1	0		1	0	0	
-1761607416	scripts/ai/StandardAI.lua	0	768	768	32	256	64	0	32	0	384	80	219	0	1	0		1	0	0	
-1761607415	scripts/ai/StandardAI.lua	0	768	768	32	256	64	0	32	0	384	80	220	0	0	0		1	0	0	
-1761607414	scripts/ai/StandardAI.lua	0	768	768	32	256	64	0	32	0	384	80	222	0	1	0		1	0	0	
-1761607413	scripts/ai/StandardAI.lua	0	768	768	32	256	64	0	32	0	384	80	224	0	2	0		1	0	0	
-1761607412	scripts/ai/StandardAI.lua	0	768	768	32	256	64	0	32	0	384	80	224	0	3	0		1	0	0	
-1761607411	scripts/ai/StandardAI.lua	0	768	768	32	256	64	0	32	0	384	80	225	0	1	0		1	0	0	
-1761607410	scripts/ai/StandardAI.lua	0	768	768	32	256	80	0	32	0	1024	64	236	0	0	0		0	0	0	
-1761607409	scripts/ai/StandardAI.lua	0	768	768	32	256	64	0	32	0	384	80	235	0	1	0		1	0	0	
-1761607408	scripts/ai/StandardAI.lua	0	768	768	32	256	64	0	32	0	384	80	234	0	1	0		1	0	0	
-1761607407	scripts/ai/StandardAI.lua	0	768	768	32	256	64	0	32	0	384	80	236	0	2	0		1	0	0	
-1761607406	scripts/ai/StandardAI.lua	0	768	768	32	256	64	0	32	0	384	80	238	0	1	0		1	0	0	
-1761607405	scripts/ai/StandardAI.lua	0	768	768	32	256	64	0	32	0	384	80	260	0	1	0		1	0	0	
-1761607404	scripts/ai/StandardAI.lua	0	768	768	32	256	64	0	32	0	384	80	294	0	1	0		1	0	0	
-1761607403	scripts/ai/StandardAI.lua	0	768	768	32	256	64	0	32	0	384	80	251	0	1	0		1	0	0	
-1761607402	scripts/ai/StandardAI.lua	0	768	768	32	256	64	0	32	0	384	80	241	0	1	0		1	0	0	
-1761607401	scripts/ai/StandardAI.lua	0	768	768	32	256	64	0	32	0	384	80	242	0	1	0		1	0	0	
-1761607400	scripts/ai/StandardAI.lua	0	768	768	32	256	64	0	32	0	384	80	243	0	2	0		1	0	0	
-1761607399	scripts/ai/StandardAI.lua	0	768	768	32	256	64	0	32	0	384	80	243	0	3	0		1	0	0	
-1761607398	scripts/ai/StandardAI.lua	0	768	768	32	256	64	0	32	0	384	80	244	0	1	0		1	0	0	
-1761607397	scripts/ai/StandardAI.lua	0	768	768	32	256	64	0	32	0	384	80	245	0	1	0		1	0	0	
-1761607396	scripts/ai/StandardAI.lua	0	768	768	32	256	64	0	32	0	384	80	246	0	1	0		1	0	0	
-1761607395	scripts/ai/StandardAI.lua	0	768	768	32	256	64	0	32	0	384	80	248	0	2	0		1	0	0	
-1761607394	scripts/ai/StandardAI.lua	0	768	768	32	256	64	0	32	0	384	80	248	0	3	0		1	0	0	
-1761607393	scripts/ai/StandardAI.lua	0	768	768	32	256	64	0	32	0	384	80	247	0	2	0		1	0	0	
-1761607392	scripts/ai/StandardAI.lua	0	768	768	32	256	64	0	32	0	384	80	247	0	3	0		1	0	0	
-1761607391	scripts/ai/StandardAI.lua	0	768	768	32	256	64	0	32	0	384	80	249	0	2	0		1	0	0	
-1761607390	scripts/ai/StandardAI.lua	0	768	768	32	256	64	0	32	0	384	80	249	0	3	0		1	0	0	
-1761607389	scripts/ai/StandardAI.lua	0	768	768	32	256	64	0	32	0	384	80	250	0	2	0		1	0	0	
-1761607388	scripts/ai/StandardAI.lua	0	768	768	32	256	64	0	32	0	384	80	250	0	3	0		1	0	0	
-1761607387	scripts/ai/StandardAI.lua	0	768	768	32	256	64	0	32	0	384	80	256	0	1	0		1	0	0	
-1761607386	scripts/ai/StandardAI.lua	0	768	768	32	256	64	0	32	0	384	80	255	0	1	0		1	0	0	
-1761607385	scripts/ai/StandardAI.lua	0	768	768	32	256	64	0	32	0	384	80	252	0	1	0		1	0	0	
-1761607384	scripts/ai/StandardAI.lua	0	768	768	32	256	64	0	32	0	384	80	253	0	1	0		1	0	0	
-1761607383	scripts/ai/StandardAI.lua	0	768	768	32	256	64	0	32	0	384	80	254	0	1	0		1	0	0	
-1761607382	scripts/ai/StandardAI.lua	1	768	768	32	256	64	0	32	0	384	80	258	0	3	0		1	0	0	
-1761607381	scripts/ai/StandardAI.lua	1	768	768	32	256	64	0	32	0	384	80	258	0	2	0		1	0	0	
-1761607380	scripts/ai/StandardAI.lua	0	768	768	32	256	64	0	32	0	384	80	257	0	2	0		1	0	0	
-1761607379	scripts/ai/StandardAI.lua	0	768	768	32	256	64	0	32	0	384	80	257	0	3	0		1	0	0	
-1761607378	scripts/ai/StandardAI.lua	0	768	768	32	256	64	0	32	0	384	80	259	0	1	0		1	0	0	
-1761607377	scripts/ai/StandardAI.lua	0	768	768	32	256	64	0	32	0	384	80	261	0	1	0		1	0	0	
-1761607376	scripts/ai/StandardAI.lua	1	768	768	32	256	64	0	32	0	384	80	286	0	1	0		1	0	0	
-1761607375	scripts/ai/StandardAI.lua	0	768	768	32	256	64	0	32	0	384	80	264	0	0	0		1	0	0	
-1761607374	scripts/ai/StandardAI.lua	0	768	768	32	256	64	0	32	0	384	80	265	0	0	0		1	0	0	
-1761607373	scripts/ai/StandardAI.lua	0	768	768	32	256	64	0	32	0	384	80	82	0	2	0		1	0	0	
-1761607372	scripts/ai/StandardAI.lua	0	768	768	32	256	64	0	32	0	384	80	82	0	3	0		1	0	0	
-1761607371	scripts/ai/StandardAI.lua	0	768	768	32	256	64	0	32	0	384	80	83	0	1	0		1	0	0	
-1761607370	scripts/ai/StandardAI.lua	0	768	768	32	256	64	0	32	0	384	80	268	0	1	0		1	0	0	
-1761607369	scripts/ai/StandardAI.lua	0	768	768	32	256	64	0	32	0	384	80	213	0	1	0		1	0	0	
-1761607368	scripts/ai/StandardAI.lua	0	768	768	32	256	64	0	32	0	384	80	202	0	1	0		1	0	0	
-1761607367	scripts/ai/StandardAI.lua	0	768	768	32	256	64	0	32	0	384	80	201	0	0	0		1	0	0	
-1761607366	scripts/ai/StandardAI.lua	0	768	768	32	256	64	0	32	0	384	80	210	0	1	0		1	0	0	
-1761607365	scripts/ai/StandardAI.lua	0	768	768	32	256	64	0	32	0	384	80	206	0	1	0		1	0	0	
-1761607364	scripts/ai/StandardAI.lua	0	768	768	32	256	64	0	32	0	384	80	211	0	1	0		1	0	0	
-1761607363	scripts/ai/StandardAI.lua	0	768	768	32	256	64	0	32	0	384	80	199	0	1	0		1	0	0	
-1761607362	scripts/ai/StandardAI.lua	0	768	768	32	256	64	0	32	0	384	80	203	0	1	0		1	0	0	
-1761607361	scripts/ai/StandardAI.lua	0	768	768	32	256	64	0	32	0	384	80	204	0	1	0		1	0	0	
-1761607360	scripts/ai/StandardAI.lua	0	768	768	32	256	64	0	32	0	384	80	198	0	1	0		1	0	0	
-1761607359	scripts/ai/StandardAI.lua	0	768	768	32	256	64	0	32	0	384	80	205	0	1	0		1	0	0	
-1761607358	scripts/ai/StandardAI.lua	0	768	768	32	256	64	0	32	0	384	80	209	0	1	0		1	0	0	
-1761607357	scripts/ai/StandardAI.lua	0	768	768	32	256	64	0	32	0	384	80	269	0	1	0		1	0	0	
-1761607356	scripts/ai/StandardAI.lua	1	768	768	32	256	64	0	32	0	384	80	274	0	1	0		1	0	0	
-1761607355	scripts/ai/StandardAI.lua	1	768	768	32	256	64	0	32	0	384	80	275	0	1	0		1	0	0	
-1761607354	scripts/ai/StandardAI.lua	1	768	768	32	256	64	0	32	0	384	80	276	0	1	0		1	0	0	
-1761607353	scripts/ai/StandardAI.lua	0	768	768	32	256	64	0	32	0	384	80	277	0	3	0		1	0	0	
-1761607352	scripts/ai/StandardAI.lua	0	768	768	32	256	64	0	32	0	384	80	277	0	2	0		1	0	0	
-1761607351	scripts/ai/StandardAI.lua	0	768	768	32	256	64	0	32	0	384	80	280	0	1	0		1	0	0	
-1761607350	scripts/ai/StandardAI.lua	0	768	768	32	256	64	0	32	0	384	80	283	0	1	0		1	0	0	
-1761607349	scripts/ai/StandardAI.lua	0	768	768	32	256	64	0	32	0	384	80	281	0	1	0		1	0	0	
-1761607348	scripts/ai/StandardAI.lua	0	768	768	32	256	64	0	32	0	384	80	282	0	1	0		1	0	0	
-1761607347	scripts/ai/StandardAI.lua	0	768	768	32	256	64	0	32	0	384	80	284	0	2	0		1	0	0	
-1761607346	scripts/ai/StandardAI.lua	0	768	768	32	256	64	0	32	0	384	80	284	0	3	0		1	0	0	
-1761607345	scripts/ai/StandardAI.lua	1	768	768	32	256	64	0	32	0	384	80	313	0	1	0		1	0	1	
-1761607344	scripts/ai/StandardAI.lua	1	768	768	32	256	64	0	32	0	384	80	314	0	1	0		1	0	1	
-1761607343	scripts/ai/StandardAI.lua	1	768	768	32	256	64	0	32	0	384	80	308	0	1	0		1	0	1	
-1761607342	scripts/ai/StandardAI.lua	1	768	768	32	256	64	0	32	0	384	80	288	0	2	0		1	0	1	
-1761607341	scripts/ai/StandardAI.lua	1	768	768	32	256	64	0	32	0	384	80	288	0	3	0		1	0	1	
-1761607340	scripts/ai/StandardAI.lua	1	768	768	32	256	64	0	32	0	384	80	289	0	1	0		1	0	1	
-1761607339	scripts/ai/StandardAI.lua	0	768	768	32	256	64	0	32	0	384	80	290	0	1	0		1	0	0	
-1761607338	scripts/ai/StandardAI.lua	1	768	768	32	256	64	0	32	0	384	80	291	0	3	0		1	0	1	
-1761607337	scripts/ai/StandardAI.lua	0	768	768	32	256	64	0	32	0	384	80	291	0	2	0		1	0	0	
-1761607336	scripts/ai/StandardAI.lua	0	768	768	32	256	64	0	32	0	384	80	293	0	1	0		1	0	0	
-1761607335	scripts/ai/StandardAI.lua	0	768	768	32	256	64	0	32	0	384	80	296	0	2	0		1	0	0	
-1761607334	scripts/ai/StandardAI.lua	0	768	768	32	256	64	0	32	0	384	80	296	0	3	0		1	0	0	
-1761607333	scripts/ai/StandardAI.lua	0	768	768	32	256	64	0	32	0	384	80	299	0	1	0		1	0	0	
-1761607332	scripts/ai/StandardAI.lua	0	768	768	32	256	64	0	32	0	384	80	301	0	1	0		1	0	0	
-1761607331	scripts/ai/StandardAI.lua	1	768	768	32	256	64	0	32	0	384	80	297	0	1	0		1	0	0	
-1761607330	scripts/ai/StandardAI.lua	0	768	768	32	256	64	0	32	0	384	80	298	0	1	0		1	0	0	
-1761607329	scripts/ai/StandardAI.lua	0	768	768	32	256	64	0	32	0	384	80	300	0	1	0		1	0	0	
-1761607328	scripts/ai/StandardAI.lua	1	768	768	32	256	64	0	32	0	384	80	304	0	1	0		1	0	1	
-1761607327	scripts/ai/StandardAI.lua	1	768	768	32	256	64	0	32	0	384	80	305	0	3	0		1	0	1	
-1761607326	scripts/ai/StandardAI.lua	1	768	768	32	256	64	0	32	0	384	80	305	0	2	0		1	0	1	
-1761607325	scripts/ai/StandardAI.lua	1	768	768	32	256	64	0	32	0	384	80	316	0	1	0		1	0	1	
-1761607324	scripts/ai/StandardAI.lua	1	768	768	32	256	64	0	32	0	384	80	306	0	3	0		1	0	1	
-1761607323	scripts/ai/StandardAI.lua	1	768	768	32	256	64	0	32	0	384	80	306	0	2	0		1	0	1	
-1761607322	scripts/ai/StandardAI.lua	1	768	768	32	256	64	0	32	0	384	80	307	0	2	0		1	0	1	
-1761607321	scripts/ai/StandardAI.lua	1	768	768	32	256	64	0	32	0	384	80	307	0	3	0		1	0	1	
-1761607320	scripts/ai/StandardAI.lua	1	768	768	32	256	64	0	32	0	384	80	309	0	1	0		1	0	1	
-1761607319	scripts/ai/StandardAI.lua	1	768	768	32	256	64	0	32	0	384	80	310	0	1	0		1	0	1	
-1761607318	scripts/ai/StandardAI.lua	1	768	768	32	256	64	0	32	0	384	80	311	0	1	0		1	0	1	
-1761607317	scripts/ai/StandardAI.lua	1	768	768	32	256	64	0	32	0	384	80	312	0	1	0		1	0	1	
-1761607316	scripts/ai/StandardAI.lua	1	768	768	32	256	64	0	32	0	384	80	315	0	3	0		1	0	1	
-1761607315	scripts/ai/StandardAI.lua	1	768	768	32	256	64	0	32	0	384	80	315	0	2	0		1	0	1	
-1761607314	scripts/ai/StandardAI.lua	0	768	768	32	256	64	0	32	0	384	80	317	0	2	0		1	0	0	
-1761607313	scripts/ai/StandardAI.lua	0	768	768	32	256	64	0	32	0	384	80	317	0	3	0		1	0	0	
-1761607312	scripts/ai/StandardAI.lua	0	768	768	32	256	64	0	32	0	384	80	318	0	1	0		1	0	0	
-1761607311	scripts/ai/StandardAI.lua	0	768	768	32	256	64	0	32	0	384	80	319	0	1	0		1	0	0	
-1761607310	scripts/ai/StandardAI.lua	0	768	768	32	256	64	0	32	0	384	80	320	0	2	0		1	0	0	
-1761607309	scripts/ai/StandardAI.lua	0	768	768	32	256	64	0	32	0	384	80	320	0	3	0		1	0	0	
-1761607308	scripts/ai/StandardAI.lua	1	768	768	32	256	64	0	32	0	384	80	329	0	1	0		1	0	1	
-1761607307	scripts/ai/StandardAI.lua	1	768	768	32	256	64	0	32	0	384	80	336	0	1	0		1	0	1	
-1761607306	scripts/ai/StandardAI.lua	1	768	768	32	256	64	0	32	0	384	80	330	0	1	0		1	0	1	
-1761607305	scripts/ai/StandardAI.lua	1	768	768	32	256	64	0	32	0	384	80	334	0	1	0		1	0	1	
-1761607304	scripts/ai/StandardAI.lua	1	768	768	32	256	64	960	32	0	384	80	404	30	1	0		1	0	1	
-1761607303	scripts/ai/StandardAI.lua	1	768	768	32	256	64	960	32	0	384	80	405	30	1	0		1	0	1	
-1761607302	scripts/ai/StandardAI.lua	1	768	768	32	256	64	0	32	0	384	80	325	0	1	0		1	0	1	
-1761607301	scripts/ai/StandardAI.lua	1	768	768	32	256	64	960	32	0	384	80	325	30	2	0		1	0	1	
-1761607300	scripts/ai/StandardAI.lua	1	768	768	32	256	64	960	32	0	384	80	325	30	3	0		1	0	1	
-1761607299	scripts/ai/StandardAI.lua	1	768	768	32	256	64	960	32	0	384	80	326	30	1	0		1	0	1	
-1761607298	scripts/ai/StandardAI.lua	1	768	768	32	256	64	960	32	0	384	80	327	30	1	0		1	0	1	
-1761607297	scripts/ai/StandardAI.lua	1	768	768	32	256	64	960	32	0	384	80	328	30	2	0		1	0	1	
-1761607296	scripts/ai/StandardAI.lua	1	768	768	32	256	64	960	32	0	384	80	328	30	3	0		1	0	1	
-1761607295	scripts/ai/StandardAI.lua	1	768	768	32	256	64	0	32	0	384	80	331	0	1	0		1	0	1	
-1761607294	scripts/ai/StandardAI.lua	1	768	768	32	256	64	960	32	0	384	80	331	30	2	0		1	0	1	
-1761607293	scripts/ai/StandardAI.lua	1	768	768	32	256	64	960	32	0	384	80	331	30	3	0		1	0	1	
-1761607292	scripts/ai/StandardAI.lua	1	768	768	32	256	64	0	32	0	384	80	332	0	1	0		1	0	1	
-1761607291	scripts/ai/StandardAI.lua	1	768	768	32	256	64	960	32	0	384	80	333	30	0	0		1	0	1	
-1761607290	scripts/ai/StandardAI.lua	1	768	768	32	256	64	960	32	0	384	80	333	30	3	0		1	0	1	
-1761607289	scripts/ai/StandardAI.lua	1	768	768	32	256	64	0	32	0	384	80	335	0	1	0		1	0	1	
-1761607288	scripts/ai/StandardAI.lua	1	768	768	32	256	64	960	32	0	384	80	335	30	2	0		1	0	1	
-1761607287	scripts/ai/StandardAI.lua	1	768	768	32	256	64	960	32	0	384	80	335	30	3	0		1	0	1	
-1761607286	scripts/ai/StandardAI.lua	1	768	768	32	256	64	960	32	0	384	80	337	30	2	0		1	0	1	
-1761607285	scripts/ai/StandardAI.lua	1	768	768	32	256	64	960	32	0	384	80	337	30	3	0		1	0	1	
-1761607284	scripts/ai/StandardAI.lua	1	768	768	32	256	64	960	32	0	384	80	338	30	2	0		1	0	1	
-1761607283	scripts/ai/StandardAI.lua	1	768	768	32	256	64	960	32	0	384	80	338	30	3	0		1	0	1	
-1761607282	scripts/ai/StandardAI.lua	1	768	768	32	256	64	960	32	0	384	80	339	30	1	0		1	0	1	
-1761607281	scripts/ai/StandardAI.lua	1	768	768	32	256	64	0	32	0	384	80	340	0	1	0		1	0	1	
-1761607280	scripts/ai/StandardAI.lua	1	768	768	32	256	64	0	32	0	384	80	341	0	1	0		1	0	1	
-1761607279	scripts/ai/StandardAI.lua	1	768	768	32	256	64	960	32	0	384	80	342	30	1	0		1	0	1	
-1761607278	scripts/ai/StandardAI.lua	1	768	768	32	256	64	960	32	0	384	80	343	30	1	0		1	0	1	
-1761607277	scripts/ai/StandardAI.lua	1	768	768	32	256	64	960	32	0	384	80	344	30	2	0		1	0	1	
-1761607276	scripts/ai/StandardAI.lua	1	768	768	32	256	64	960	32	0	384	80	344	30	3	0		1	0	1	
-1761607275	scripts/ai/StandardAI.lua	1	768	768	32	256	64	960	32	0	384	80	345	30	2	0		1	0	1	
-1761607274	scripts/ai/StandardAI.lua	1	768	768	32	256	64	960	32	0	384	80	345	30	3	0		1	0	1	
-1761607273	scripts/ai/StandardAI.lua	1	768	768	32	256	64	960	32	0	384	80	346	30	2	0		1	0	1	
-1761607272	scripts/ai/StandardAI.lua	1	768	768	32	256	64	960	32	0	384	80	346	30	3	0		1	0	1	
-1761607271	scripts/ai/StandardAI.lua	1	768	768	32	256	64	960	32	0	384	80	347	30	2	0		1	0	1	
-1761607270	scripts/ai/StandardAI.lua	1	768	768	32	256	64	960	32	0	384	80	347	30	3	0		1	0	1	
-1761607269	scripts/ai/StandardAI.lua	1	768	768	32	256	64	960	32	0	384	80	348	30	2	0		1	0	1	
-1761607268	scripts/ai/StandardAI.lua	1	768	768	32	256	64	960	32	0	384	80	348	30	3	0		1	0	1	
-1761607267	scripts/ai/StandardAI.lua	0	768	768	32	256	64	0	32	0	384	80	350	0	1	0		1	0	0	
-1761607266	scripts/ai/StandardAI.lua	0	768	768	32	256	64	0	32	0	384	80	350	0	2	0		1	0	0	
-1761607265	scripts/ai/StandardAI.lua	0	768	768	32	256	64	0	32	0	384	80	350	0	3	0		1	0	0	
-1761607264	scripts/ai/StandardAI.lua	0	768	768	32	256	64	0	32	0	384	80	351	0	1	0		1	0	0	
-1761607263	scripts/ai/StandardAI.lua	0	768	768	32	256	64	0	32	0	384	80	351	0	2	0		1	0	0	
-1761607262	scripts/ai/StandardAI.lua	0	768	768	32	256	64	0	32	0	384	80	351	0	3	0		1	0	0	
-1761607261	scripts/ai/StandardAI.lua	0	768	768	32	256	64	0	32	0	384	80	352	0	3	0		1	0	0	
-1761607260	scripts/ai/StandardAI.lua	0	768	768	32	256	64	0	32	0	384	80	352	0	2	0		1	0	0	
-1761607259	scripts/ai/StandardAI.lua	0	768	768	32	256	64	0	32	0	384	80	352	0	1	0		1	0	0	
-1761607258	scripts/ai/StandardAI.lua	0	768	768	32	256	64	0	32	0	384	80	353	0	1	0		1	0	0	
-1761607257	scripts/ai/StandardAI.lua	0	768	768	32	256	64	0	32	0	384	80	354	0	1	0		1	0	0	
-1761607256	scripts/ai/StandardAI.lua	0	768	768	32	256	64	0	32	0	384	80	355	0	1	0		1	0	0	
-1761607255	scripts/ai/StandardAI.lua	0	768	768	32	256	64	0	32	0	384	80	356	0	1	0		1	0	0	
-1761607254	scripts/ai/StandardAI.lua	0	768	768	32	256	64	0	32	0	384	80	358	0	0	0		1	0	0	
-1761607253	scripts/ai/StandardAI.lua	0	768	768	32	256	64	0	32	0	384	80	357	0	2	0		1	0	0	
-1761607252	scripts/ai/StandardAI.lua	0	768	768	32	256	64	0	32	0	384	80	357	0	1	0		1	0	0	
-1761607251	scripts/ai/StandardAI.lua	0	768	768	32	256	80	1280	32	0	0	80	0	25	0	0		0	0	0	
-1761607250	scripts/ai/StandardAI.lua	0	768	768	32	256	64	0	32	0	384	80	362	0	0	0		1	0	0	
-1761607249	scripts/ai/StandardAI.lua	0	768	768	32	256	64	0	32	0	384	80	380	0	0	0		1	0	0	
-1761607248	scripts/ai/StandardAI.lua	0	768	768	32	256	64	0	32	0	384	80	373	0	0	0		1	0	0	
-1761607247	scripts/ai/StandardAI.lua	0	768	768	32	256	64	0	32	0	384	80	374	0	0	0		1	0	0	
-1761607246	scripts/ai/StandardAI.lua	0	768	768	32	256	64	0	32	0	384	80	375	0	0	0		1	0	0	
-1761607245	scripts/ai/StandardAI.lua	0	768	768	32	256	64	0	32	0	384	80	376	0	0	0		1	0	0	
-1761607244	scripts/ai/StandardAI.lua	0	768	768	32	256	64	0	32	0	384	80	377	0	0	0		1	0	0	
-1761607243	scripts/ai/StandardAI.lua	0	768	768	32	256	64	0	32	0	384	80	378	0	1	0		1	0	0	
-1761607242	scripts/ai/StandardAI.lua	0	768	768	32	256	64	0	32	0	384	80	378	0	2	0		1	0	0	
-1761607241	scripts/ai/StandardAI.lua	0	768	768	32	256	64	0	32	0	384	80	378	0	3	0		1	0	0	
-1761607240	scripts/ai/StandardAI.lua	0	768	768	32	256	64	0	32	0	384	80	379	0	2	0		1	0	0	
-1761607239	scripts/ai/StandardAI.lua	0	768	768	32	256	64	0	32	0	384	80	379	0	3	0		1	0	0	
-1761607238	scripts/ai/StandardAI.lua	0	768	768	32	256	64	0	32	0	384	80	381	0	2	0		1	0	0	
-1761607237	scripts/ai/StandardAI.lua	0	768	768	32	256	64	0	32	0	384	80	381	0	3	0		1	0	0	
-1761607236	scripts/ai/StandardAI.lua	0	768	768	32	256	64	0	32	0	384	80	382	0	1	0		1	0	0	
-1761607235	scripts/ai/StandardAI.lua	0	768	768	32	256	64	0	32	0	384	80	382	0	2	0		1	0	0	
-1761607234	scripts/ai/StandardAI.lua	0	768	768	32	256	64	0	32	0	384	80	382	0	3	0		1	0	0	
-1761607233	scripts\Map\ACT_ËÄÔÂÂåÑô\ai\ÍµÏ®ÎäÀÎ¹Ø\¾«Ó¢ËÑË÷·¶Î§180¶È.lua	1	768	768	32	256	64	0	32	0	384	80	395	0	0	0		1	0	1	
-1761607232	scripts\Map\ACT_ËÄÔÂÂåÑô\ai\ÍµÏ®ÎäÀÎ¹Ø\¾«Ó¢ËÑË÷·¶Î§180¶È.lua	1	768	768	32	256	64	0	32	0	384	80	394	0	0	0		1	0	1	
-1761607231	scripts\Map\ACT_ËÄÔÂÂåÑô\ai\ÍµÏ®ÎäÀÎ¹Ø\¾«Ó¢ËÑË÷·¶Î§360¶È.lua	0	768	768	32	256	64	0	32	0	384	80	389	0	2	1		1	0	0	
-1761607230	scripts\Map\ACT_ËÄÔÂÂåÑô\ai\ÍµÏ®ÎäÀÎ¹Ø\¾«Ó¢ËÑË÷·¶Î§180¶È.lua	0	448	448	32	256	64	0	32	0	384	80	389	0	3	0		1	0	0	
-1761607229	scripts\Map\ACT_ËÄÔÂÂåÑô\ai\ÍµÏ®ÎäÀÎ¹Ø\¾«Ó¢ËÑË÷·¶Î§360¶È.lua	0	768	768	32	256	64	0	32	0	384	80	385	0	2	1		1	0	0	
-1761607228	scripts\Map\ACT_ËÄÔÂÂåÑô\ai\ÍµÏ®ÎäÀÎ¹Ø\¾«Ó¢ËÑË÷·¶Î§180¶È.lua	0	448	448	32	256	64	0	32	0	384	80	385	0	3	0		1	0	0	
-1761607227	scripts\Map\ACT_ËÄÔÂÂåÑô\ai\ÍµÏ®ÎäÀÎ¹Ø\¾«Ó¢ËÑË÷·¶Î§360¶È.lua	0	768	768	32	256	64	0	32	0	384	80	386	0	2	1		1	0	0	
-1761607226	scripts\Map\ACT_ËÄÔÂÂåÑô\ai\ÍµÏ®ÎäÀÎ¹Ø\¾«Ó¢ËÑË÷·¶Î§180¶È.lua	0	448	448	32	256	64	0	32	0	384	80	386	0	3	0		1	0	0	
-1761607225	scripts\Map\ACT_ËÄÔÂÂåÑô\ai\ÍµÏ®ÎäÀÎ¹Ø\¾«Ó¢ËÑË÷·¶Î§360¶È.lua	0	768	768	32	256	64	0	32	0	384	80	387	0	2	1		1	0	0	
-1761607224	scripts\Map\ACT_ËÄÔÂÂåÑô\ai\ÍµÏ®ÎäÀÎ¹Ø\¾«Ó¢ËÑË÷·¶Î§180¶È.lua	0	448	448	32	256	64	0	32	0	384	80	387	0	3	0		1	0	0	
-1761607223	scripts\Map\ACT_ËÄÔÂÂåÑô\ai\ÍµÏ®ÎäÀÎ¹Ø\¾«Ó¢ËÑË÷·¶Î§360¶È.lua	0	768	768	32	256	64	0	32	0	384	80	390	0	2	1		1	0	0	
-1761607222	scripts\Map\ACT_ËÄÔÂÂåÑô\ai\ÍµÏ®ÎäÀÎ¹Ø\¾«Ó¢ËÑË÷·¶Î§180¶È.lua	0	448	448	32	256	64	0	32	0	384	80	390	0	3	0		1	0	0	
-1761607221	scripts\Map\ACT_ËÄÔÂÂåÑô\ai\ÍµÏ®ÎäÀÎ¹Ø\¾«Ó¢ËÑË÷·¶Î§360¶È.lua	0	768	768	32	256	64	0	32	0	384	80	391	0	2	1		1	0	0	
-1761607220	scripts\Map\ACT_ËÄÔÂÂåÑô\ai\ÍµÏ®ÎäÀÎ¹Ø\¾«Ó¢ËÑË÷·¶Î§180¶È.lua	0	448	448	32	256	64	0	32	0	384	80	391	0	3	0		1	0	0	
-1761607219	scripts\Map\ACT_ËÄÔÂÂåÑô\ai\ÍµÏ®ÎäÀÎ¹Ø\¾«Ó¢ËÑË÷·¶Î§360¶È.lua	0	768	768	32	256	64	0	32	0	384	80	392	0	2	1		1	0	0	
-1761607218	scripts\Map\ACT_ËÄÔÂÂåÑô\ai\ÍµÏ®ÎäÀÎ¹Ø\¾«Ó¢ËÑË÷·¶Î§180¶È.lua	0	448	448	32	256	64	0	32	0	384	80	392	0	3	0		1	0	0	
-1761607217	scripts\Map\ACT_ËÄÔÂÂåÑô\ai\ÍµÏ®ÎäÀÎ¹Ø\¾«Ó¢ËÑË÷·¶Î§360¶È.lua	0	768	768	32	256	64	0	32	0	384	80	393	0	2	1		1	0	0	
-1761607216	scripts\Map\ACT_ËÄÔÂÂåÑô\ai\ÍµÏ®ÎäÀÎ¹Ø\¾«Ó¢ËÑË÷·¶Î§180¶È.lua	0	448	448	32	256	64	0	32	0	384	80	393	0	3	0		1	0	0	
-1761607215	scripts\Map\ACT_ËÄÔÂÂåÑô\ai\ÍµÏ®ÎäÀÎ¹Ø\¾«Ó¢ËÑË÷·¶Î§360¶È.lua	0	768	768	32	256	64	0	32	0	384	80	383	0	2	1		1	0	0	
-1761607214	scripts\Map\ACT_ËÄÔÂÂåÑô\ai\ÍµÏ®ÎäÀÎ¹Ø\¾«Ó¢ËÑË÷·¶Î§180¶È.lua	0	448	448	32	256	64	0	32	0	384	80	383	0	3	0		1	0	0	
-1761607213	scripts\Map\ACT_ËÄÔÂÂåÑô\ai\ÍµÏ®ÎäÀÎ¹Ø\¾«Ó¢ËÑË÷·¶Î§360¶È.lua	0	768	768	32	256	64	0	32	0	384	80	384	0	2	1		1	0	0	
-1761607212	scripts\Map\ACT_ËÄÔÂÂåÑô\ai\ÍµÏ®ÎäÀÎ¹Ø\¾«Ó¢ËÑË÷·¶Î§180¶È.lua	0	448	448	32	256	64	0	32	0	384	80	384	0	3	0		1	0	0	
-1761607211	scripts\Map\ACT_ËÄÔÂÂåÑô\ai\ÍµÏ®ÎäÀÎ¹Ø\¾«Ó¢ËÑË÷·¶Î§180¶È.lua	0	960	960	32	640	64	0	32	0	384	80	394	0	0	0		1	0	1	
-1761607210	scripts/ai/StandardAI.lua	1	768	768	32	256	64	0	32	512	384	80	396	0	10	0		1	0	1	
-1761607209	scripts/ai/StandardAI.lua	1	768	768	32	256	64	0	32	512	384	80	396	0	0	0		1	0	1	
-1761607208	scripts/ai/StandardAI.lua	1	768	768	32	256	64	0	32	512	384	80	396	0	9	0		1	0	1	
-1761607207	scripts/ai/StandardAI.lua	0	768	768	32	256	64	0	32	0	384	80	397	0	0	0		1	0	0	
-1761607206	scripts/ai/StandardAI.lua	0	768	768	32	256	64	0	32	0	384	80	398	0	0	0		1	0	0	
-1761607205	scripts/ai/StandardAI.lua	1	768	768	32	256	64	960	32	0	384	80	402	30	2	0		1	0	1	
-1761607204	scripts/ai/StandardAI.lua	1	768	768	32	256	64	960	32	0	384	80	401	30	2	0		1	0	1	
-1761607203	scripts/ai/StandardAI.lua	1	768	768	32	256	64	960	32	0	384	80	400	30	3	0		1	0	1	
-1761607202	scripts/ai/StandardAI.lua	1	768	768	32	256	64	960	32	0	384	80	400	30	2	0		1	0	1	
-1761607201	scripts/ai/StandardAI.lua	1	768	768	32	256	64	960	32	0	384	80	401	30	3	0		1	0	1	
-1761607200	scripts/ai/StandardAI.lua	1	768	768	32	256	64	960	32	0	384	80	402	30	3	0		1	0	1	
-1761607199	scripts/ai/StandardAI.lua	1	768	768	32	256	64	0	32	0	384	80	400	0	1	0		1	0	1	
-1761607198	scripts/ai/StandardAI.lua	1	768	768	32	256	64	960	32	0	384	80	403	30	3	0		1	0	1	
-1761607197	scripts/ai/StandardAI.lua	1	768	768	32	256	64	960	32	0	384	80	403	30	2	0		1	0	1	
-1761607196	scripts/ai/StandardAI.lua	1	768	768	32	256	64	0	32	0	384	80	401	0	1	0		1	0	1	
-1761607195	scripts/ai/StandardAI.lua	1	768	768	32	256	64	0	32	0	384	80	402	0	1	0		1	0	1	
-1761607194	scripts/ai/StandardAI.lua	1	768	768	32	256	64	0	32	0	384	80	403	0	1	0		1	0	1	
-1761607193	scripts/ai/StandardAI.lua	1	768	768	32	256	64	960	32	0	384	80	406	30	1	0		1	0	1	
-1761607192	scripts/ai/StandardAI.lua	1	768	768	32	256	64	960	32	0	384	80	407	30	2	0		1	0	1	
-1761607191	scripts/ai/StandardAI.lua	1	768	768	32	256	64	960	32	0	384	80	407	30	3	0		1	0	1	
-1761607190	scripts/ai/StandardAI.lua	1	768	768	32	256	64	960	32	0	384	80	407	30	1	0		1	0	1	
-1761607189	scripts/ai/StandardAI.lua	1	768	768	32	256	64	960	32	0	384	80	0	30	3	0		1	0	1	
-1761607188	scripts/ai/StandardAI.lua	1	768	768	32	256	64	960	32	0	384	80	409	30	1	0		1	0	1	
