AIType	ScriptFile	IsPositive	AlertRange	SearchPlayerDistance	AlertOverTime	AttackRange	EscapeTime	EscapeRange	EscapeInterval	WanderRange	WanderDistance	WanderInterval	PatrolPathID	EscapeLife	PatrolOrderIndex	ReviveTeammate	CustomArguments	IsAutoTurn	NpcSceneType	IsSnarlInFight	DialogIdleTime
-1728053247	scripts/ai/StandardAI.lua	1	768	768	32	256	64	0	32	0	384	80	1	0	1	0		1	0	0	
-1728053246	scripts/ai/StandardAI.lua	1	768	768	32	256	64	0	32	0	384	80	2	0	1	0		1	0	0	
-1728053245	scripts/ai/StandardAI.lua	1	768	768	32	256	64	0	32	0	384	80	5	0	1	0		1	0	0	
-1728053244	scripts/ai/StandardAI.lua	1	768	768	32	256	64	0	32	0	384	80	5	0	2	0		1	0	0	
-1728053243	scripts/ai/StandardAI.lua	1	768	768	32	256	64	0	32	0	384	80	3	0	1	0		1	0	0	
-1728053242	scripts/ai/StandardAI.lua	1	768	768	32	256	64	0	32	0	384	80	6	0	1	0		1	0	0	
-1728053241	scripts/ai/StandardAI.lua	1	768	768	32	256	64	0	32	0	384	80	7	0	1	0		1	0	0	
-1728053240	scripts/ai/StandardAI.lua	1	768	768	32	256	64	0	32	0	384	80	4	0	1	0		1	0	0	
-1728053239	scripts/ai/StandardAI.lua	1	768	768	32	256	64	0	32	0	384	80	8	0	1	0		1	0	1	
-1728053238	scripts/ai/StandardAI.lua	1	768	768	32	256	64	0	32	0	384	80	9	0	1	0		1	0	1	
-1728053237	scripts/ai/StandardAI.lua	0	768	768	32	256	64	0	32	0	384	80	10	0	3	0		1	0	0	
-1728053236	scripts/ai/StandardAI.lua	0	768	768	32	256	64	0	32	0	384	80	10	0	1	0		1	0	0	
-1728053235	scripts/ai/StandardAI.lua	0	768	768	32	256	64	0	32	0	384	80	10	0	2	0		1	0	0	
-1728053234	scripts/ai/StandardAI.lua	0	768	768	32	256	64	0	32	0	384	80	11	0	2	0		1	0	0	
-1728053233	scripts/ai/StandardAI.lua	0	768	768	32	256	64	0	32	0	384	80	11	0	1	0		1	0	0	
-1728053232	scripts/ai/StandardAI.lua	0	768	768	32	256	64	0	32	0	384	80	11	0	3	0		1	0	0	
-1728053231	scripts/ai/StandardAI.lua	0	768	768	32	256	64	0	32	0	384	80	12	0	3	0		1	0	0	
-1728053230	scripts/ai/StandardAI.lua	0	768	768	32	256	64	0	32	0	384	80	12	0	2	0		1	0	0	
-1728053229	scripts/ai/StandardAI.lua	0	768	768	32	256	64	0	32	0	384	80	13	0	1	0		1	0	0	
-1728053228	scripts/ai/StandardAI.lua	0	768	768	32	256	64	0	32	0	384	80	13	0	2	0		1	0	0	
-1728053227	scripts/ai/StandardAI.lua	0	768	768	32	256	64	0	32	0	384	80	13	0	3	0		1	0	0	
-1728053226	scripts/ai/StandardAI.lua	0	768	768	32	256	64	0	32	0	384	80	14	0	2	0		1	0	0	
-1728053225	scripts/ai/StandardAI.lua	0	768	768	32	256	64	0	32	0	384	80	14	0	3	0		1	0	0	
-1728053224	scripts/ai/StandardAI.lua	0	768	768	32	256	64	0	32	0	384	80	16	0	1	0		1	0	0	
-1728053223	scripts/ai/StandardAI.lua	0	768	768	32	256	64	0	32	0	384	80	16	0	2	0		1	0	0	
-1728053222	scripts/ai/StandardAI.lua	0	768	768	32	256	64	0	32	0	384	80	22	0	1	0		1	0	0	
-1728053221	scripts/ai/StandardAI.lua	0	768	768	32	256	64	0	32	0	384	80	23	0	1	0		1	0	0	
-1728053220	scripts/ai/StandardAI.lua	1	768	768	32	256	64	0	32	0	384	80	111	0	1	0		1	0	0	
-1728053219	scripts/ai/StandardAI.lua	0	768	768	32	256	64	0	32	0	384	80	0	0	1	0		1	0	0	
-1728053218	scripts/ai/StandardAI.lua	0	768	768	32	256	64	0	32	0	384	80	109	0	1	0		1	0	0	
-1728053217	scripts/ai/StandardAI.lua	0	768	768	32	256	64	0	32	0	384	80	41	0	1	0		1	0	0	
-1728053216	scripts/ai/StandardAI.lua	0	768	768	32	256	64	0	32	0	384	80	41	0	3	0		1	0	0	
-1728053215	scripts/ai/StandardAI.lua	0	768	768	32	256	64	0	32	0	384	80	41	0	7	0		1	0	0	
-1728053214	scripts/ai/StandardAI.lua	0	768	768	32	256	64	0	32	0	384	80	41	0	5	0		1	0	0	
-1728053213	scripts/ai/StandardAI.lua	0	768	768	32	256	64	0	32	0	384	80	41	0	6	0		1	0	0	
-1728053212	scripts/ai/StandardAI.lua	0	768	768	32	256	64	0	32	0	384	80	42	0	2	0		1	0	0	
-1728053211	scripts/ai/StandardAI.lua	0	768	768	32	256	64	0	32	0	384	80	42	0	1	0		1	0	0	
-1728053210	scripts/ai/StandardAI.lua	0	768	768	32	256	64	0	32	0	384	80	43	0	1	0		1	0	0	
-1728053209	scripts/ai/StandardAI.lua	0	768	768	32	256	64	0	32	0	384	80	43	0	2	0		1	0	0	
-1728053208	scripts/ai/StandardAI.lua	0	768	768	32	256	64	0	32	0	384	80	44	0	1	0		1	0	0	
-1728053207	scripts/ai/StandardAI.lua	0	768	768	32	256	64	0	32	0	384	80	44	0	2	0		1	0	0	
-1728053206	scripts/ai/StandardAI.lua	0	768	768	32	256	64	0	32	512	384	80	0	0	0	0		1	0	0	
-1728053205	scripts/ai/StandardAI.lua	0	768	768	32	256	64	0	32	0	384	80	48	0	1	0		1	0	0	
-1728053204	scripts/ai/StandardAI.lua	0	768	768	32	256	64	0	32	0	384	80	46	0	1	0		1	0	0	
-1728053203	scripts/ai/StandardAI.lua	0	768	768	32	256	64	0	32	0	384	80	0	0	3	0		1	0	0	
-1728053202	scripts/ai/StandardAI.lua	0	768	768	32	256	64	0	32	0	384	80	50	0	2	0		1	0	0	
-1728053201	scripts/ai/StandardAI.lua	0	768	768	32	256	64	0	32	0	384	80	50	0	3	0		1	0	0	
-1728053200	scripts/ai/StandardAI.lua	0	768	768	32	256	64	0	32	0	384	80	51	0	2	0		1	0	0	
-1728053199	scripts/ai/StandardAI.lua	0	768	768	32	256	64	0	32	0	384	80	51	0	3	0		1	0	0	
-1728053198	scripts/ai/StandardAI.lua	0	768	768	32	256	64	0	32	0	384	80	52	0	2	0		1	0	0	
-1728053197	scripts/ai/StandardAI.lua	0	768	768	32	256	64	0	32	0	384	80	52	0	3	0		1	0	0	
-1728053196	scripts/ai/StandardAI.lua	0	768	768	32	256	64	0	32	0	384	80	53	0	2	0		1	0	0	
-1728053195	scripts/ai/StandardAI.lua	0	768	768	32	256	64	0	32	0	384	80	53	0	3	0		1	0	0	
-1728053194	scripts/ai/StandardAI.lua	1	768	768	32	256	64	0	32	512	384	80	57	0	1	0		1	0	1	
-1728053193	scripts/ai/StandardAI.lua	0	768	768	32	256	64	0	32	0	384	80	0	0	0	0		1	0	0	
-1728053192	scripts/ai/StandardAI.lua	1	768	768	32	256	64	0	32	0	384	80	56	0	3	0		1	0	0	
-1728053191	scripts/ai/StandardAI.lua	1	768	768	32	256	64	0	32	0	384	80	56	0	2	0		1	0	0	
-1728053190	scripts/ai/StandardAI.lua	1	768	768	32	256	64	0	32	512	384	80	57	0	2	0		1	0	1	
-1728053189	scripts/ai/StandardAI.lua	1	768	768	32	256	64	0	32	512	384	80	57	0	3	0		1	0	1	
-1728053188	scripts/ai/StandardAI.lua	0	768	768	32	256	64	0	32	0	384	80	59	0	2	0		1	0	0	
-1728053187	scripts/ai/StandardAI.lua	0	768	768	32	256	64	0	32	0	384	80	59	0	1	0		1	0	0	
-1728053186	scripts/ai/StandardAI.lua	0	768	768	32	256	64	0	32	0	384	80	59	0	4	0		1	0	0	
-1728053185	scripts/ai/StandardAI.lua	0	768	768	32	256	64	0	32	0	384	80	59	0	3	0		1	0	0	
-1728053184	scripts/ai/StandardAI.lua	0	768	768	32	256	64	0	32	0	384	80	59	0	5	0		1	0	0	
-1728053183	scripts/ai/StandardAI.lua	0	768	768	32	256	64	0	32	0	384	80	60	0	1	0		1	0	0	
-1728053182	scripts/ai/StandardAI.lua	0	768	768	32	256	64	0	32	0	384	80	60	0	2	0		1	0	0	
-1728053181	scripts/ai/StandardAI.lua	0	768	768	32	256	64	0	32	0	384	80	61	0	2	0		1	0	0	
-1728053180	scripts/ai/StandardAI.lua	0	768	768	32	256	64	0	32	0	384	80	61	0	1	0		1	0	0	
-1728053179	scripts/ai/StandardAI.lua	0	768	768	32	256	64	0	32	0	384	80	62	0	4	0		1	0	0	
-1728053178	scripts/ai/StandardAI.lua	0	768	768	32	256	64	0	32	0	384	80	62	0	5	0		1	0	0	
-1728053177	scripts/ai/StandardAI.lua	0	768	768	32	256	64	0	32	0	384	80	62	0	3	0		1	0	0	
-1728053176	scripts/ai/StandardAI.lua	0	768	768	32	256	64	0	32	0	384	80	62	0	2	0		1	0	0	
-1728053175	scripts/ai/StandardAI.lua	0	768	768	32	256	64	0	32	0	384	80	62	0	1	0		1	0	0	
-1728053174	scripts/ai/StandardAI.lua	0	768	768	32	256	64	0	32	0	384	80	64	0	3	0		1	0	0	
-1728053173	scripts/ai/StandardAI.lua	0	768	768	32	256	64	0	32	0	384	80	64	0	2	0		1	0	0	
-1728053172	scripts/ai/StandardAI.lua	0	768	768	32	256	64	0	32	0	384	80	64	0	1	0		1	0	0	
-1728053171	scripts/ai/StandardAI.lua	0	768	768	32	256	64	0	32	0	384	80	96	0	2	0		1	0	0	
-1728053170	scripts/ai/StandardAI.lua	0	768	768	32	256	64	0	32	0	384	80	95	0	2	0		1	0	0	
-1728053169	scripts/ai/StandardAI.lua	0	768	768	32	256	64	0	32	0	384	80	66	0	2	0		1	0	0	
-1728053168	scripts/ai/StandardAI.lua	0	768	768	32	256	64	0	32	0	384	80	66	0	3	0		1	0	0	
-1728053167	scripts/ai/StandardAI.lua	0	768	768	32	256	64	0	32	0	384	80	65	0	3	0		1	0	0	
-1728053166	scripts/ai/StandardAI.lua	0	768	768	32	256	64	0	32	0	384	80	65	0	2	0		1	0	0	
-1728053165	scripts/ai/StandardAI.lua	0	768	768	32	256	64	0	32	0	384	80	67	0	1	0		1	0	0	
-1728053164	scripts/ai/StandardAI.lua	0	768	768	32	256	64	0	32	0	384	80	67	0	2	0		1	0	0	
-1728053163	scripts/ai/StandardAI.lua	0	768	768	32	256	64	0	32	0	384	80	68	0	1	0		1	0	0	
-1728053162	scripts/ai/StandardAI.lua	0	768	768	32	256	64	0	32	0	384	80	69	0	1	0		1	0	0	
-1728053161	scripts/ai/StandardAI.lua	0	768	768	32	256	64	0	32	0	384	80	70	0	1	0		1	0	0	
-1728053160	scripts/ai/StandardAI.lua	0	768	768	32	256	64	0	32	0	384	80	71	0	1	0		1	0	0	
-1728053159	scripts/ai/StandardAI.lua	0	768	768	32	256	64	0	32	0	384	80	71	0	2	0		1	0	0	
-1728053158	scripts/ai/StandardAI.lua	0	768	768	32	256	64	0	32	0	384	80	72	0	1	0		1	0	0	
-1728053157	scripts/ai/StandardAI.lua	0	768	768	32	256	64	0	32	0	384	80	73	0	3	0		1	0	0	
-1728053156	scripts/ai/StandardAI.lua	0	768	768	32	256	64	0	32	0	384	80	73	0	1	0		1	0	0	
-1728053155	scripts/ai/StandardAI.lua	0	768	768	32	256	64	0	32	0	384	80	73	0	4	0		1	0	0	
-1728053154	scripts/ai/StandardAI.lua	0	768	768	32	256	64	0	32	0	384	80	73	0	2	0		1	0	0	
-1728053153	scripts/ai/StandardAI.lua	0	768	768	32	256	64	0	32	0	384	80	74	0	3	0		1	0	0	
-1728053152	scripts/ai/StandardAI.lua	0	768	768	32	256	64	0	32	0	384	80	74	0	2	0		1	0	0	
-1728053151	scripts/ai/StandardAI.lua	0	768	768	32	256	64	0	32	0	384	80	75	0	1	0		1	0	0	
-1728053150	scripts/ai/StandardAI.lua	0	768	768	32	256	64	0	32	0	384	80	76	0	1	0		1	0	0	
-1728053149	scripts/ai/StandardAI.lua	0	768	768	32	256	64	0	32	0	384	80	77	0	0	0		1	0	0	
-1728053148	scripts/ai/StandardAI.lua	0	768	768	32	256	64	0	32	0	384	80	79	0	1	0		1	0	0	
-1728053147	scripts/ai/StandardAI.lua	0	768	768	32	256	64	0	32	0	384	80	80	0	3	0		1	0	0	
-1728053146	scripts/ai/StandardAI.lua	0	768	768	32	256	64	0	32	0	384	80	80	0	2	0		1	0	0	
-1728053145	scripts/ai/StandardAI.lua	0	768	768	32	256	64	0	32	0	384	80	81	0	2	0		1	0	0	
-1728053144	scripts/ai/StandardAI.lua	0	768	768	32	256	64	0	32	0	384	80	81	0	3	0		1	0	0	
-1728053143	scripts/ai/StandardAI.lua	0	768	768	32	256	64	0	32	0	384	80	82	0	3	0		1	0	0	
-1728053142	scripts/ai/StandardAI.lua	0	768	768	32	256	64	0	32	0	384	80	82	0	2	0		1	0	0	
-1728053141	scripts/ai/StandardAI.lua	0	768	768	32	256	64	0	32	0	384	80	83	0	3	0		1	0	0	
-1728053140	scripts/ai/StandardAI.lua	0	768	768	32	256	64	0	32	0	384	80	83	0	2	0		1	0	0	
-1728053139	scripts/ai/StandardAI.lua	0	768	768	32	256	64	0	32	0	384	80	84	0	1	0		1	0	0	
-1728053138	scripts/ai/StandardAI.lua	0	768	768	32	256	64	0	32	0	384	80	84	0	2	0		1	0	0	
-1728053137	scripts/ai/StandardAI.lua	0	768	768	32	256	64	960	32	512	384	80	96	30	1	0		1	0	0	
-1728053136	scripts/ai/StandardAI.lua	0	768	768	32	256	64	960	32	512	384	80	95	30	1	0		1	0	0	
-1728053135	scripts/ai/StandardAI.lua	0	768	768	32	256	64	0	32	0	384	80	97	0	3	0		1	0	0	
-1728053134	scripts/ai/StandardAI.lua	0	768	768	32	256	64	0	32	0	384	80	97	0	2	0		1	0	0	
-1728053133	scripts/ai/StandardAI.lua	0	768	768	32	256	64	960	32	0	384	80	98	30	2	0		1	0	0	
-1728053132	scripts/ai/StandardAI.lua	0	768	768	32	256	64	0	32	0	384	80	99	0	2	0		1	0	0	
-1728053131	scripts/ai/StandardAI.lua	0	768	768	32	256	64	0	32	0	384	80	99	0	3	0		1	0	0	
-1728053130	scripts/ai/StandardAI.lua	0	768	768	32	256	64	0	32	0	384	80	100	0	3	0		1	0	0	
-1728053129	scripts/ai/StandardAI.lua	0	768	768	32	256	64	0	32	0	384	80	100	0	2	0		1	0	0	
-1728053128	scripts/ai/StandardAI.lua	0	768	768	32	256	64	0	32	0	384	80	101	0	0	0		1	0	0	
-1728053127	scripts/ai/StandardAI.lua	0	768	768	32	256	64	0	32	0	384	80	102	0	1	0		1	0	0	
-1728053126	scripts/ai/StandardAI.lua	0	768	768	32	256	64	0	32	0	384	80	102	0	2	0		1	0	0	
-1728053125	scripts/ai/StandardAI.lua	0	768	768	32	256	64	0	32	0	384	80	103	0	1	0		1	0	0	
-1728053124	scripts/ai/StandardAI.lua	0	768	768	32	256	64	0	32	0	384	80	104	0	3	0		1	0	0	
-1728053123	scripts/ai/StandardAI.lua	0	768	768	32	256	64	0	32	0	384	80	104	0	2	0		1	0	0	
-1728053122	scripts/ai/StandardAI.lua	0	768	768	32	256	64	0	32	0	384	80	105	0	4	0		1	0	0	
-1728053121	scripts/ai/StandardAI.lua	0	768	768	32	256	64	0	32	0	384	80	105	0	5	0		1	0	0	
-1728053120	scripts/ai/StandardAI.lua	0	768	768	32	256	64	0	32	0	384	80	105	0	1	0		1	0	0	
-1728053119	scripts/ai/StandardAI.lua	0	768	768	32	256	64	0	32	0	384	80	105	0	2	0		1	0	0	
-1728053118	scripts/ai/StandardAI.lua	0	768	768	32	256	64	0	32	0	384	80	105	0	7	0		1	0	0	
-1728053117	scripts/ai/StandardAI.lua	0	768	768	32	256	64	0	32	0	384	80	106	0	1	0		1	0	0	
-1728053116	scripts/ai/StandardAI.lua	0	768	768	32	256	64	0	32	0	384	80	106	0	4	0		1	0	0	
-1728053115	scripts/ai/StandardAI.lua	0	768	768	32	256	64	0	32	0	384	80	106	0	8	0		1	0	0	
-1728053114	scripts/ai/StandardAI.lua	0	768	768	32	256	64	0	32	0	384	80	106	0	7	0		1	0	0	
-1728053113	scripts/ai/StandardAI.lua	0	768	768	32	256	64	0	32	0	384	80	106	0	6	0		1	0	0	
-1728053112	scripts/ai/StandardAI.lua	0	768	768	32	256	64	0	32	0	384	80	107	0	5	0		1	0	0	
-1728053111	scripts/ai/StandardAI.lua	0	768	768	32	256	64	0	32	0	384	80	107	0	1	0		1	0	0	
-1728053110	scripts/ai/StandardAI.lua	0	768	768	32	256	64	0	32	0	384	80	107	0	7	0		1	0	0	
-1728053109	scripts/ai/StandardAI.lua	0	768	768	32	256	64	0	32	0	384	80	107	0	8	0		1	0	0	
-1728053108	scripts/ai/StandardAI.lua	0	768	768	32	256	64	0	32	0	384	80	108	0	1	0		1	0	0	
-1728053107	scripts/ai/StandardAI.lua	0	768	768	32	256	64	0	32	0	384	80	110	0	1	0		1	0	0	
-1728053106	scripts/ai/StandardAI.lua	0	768	768	32	256	64	0	32	0	384	80	110	0	2	0		1	0	0	
-1728053105	scripts/ai/StandardAI.lua	0	768	768	32	256	64	0	32	0	384	80	110	0	3	0		1	0	0	
-1728053104	scripts/ai/StandardAI.lua	1	768	768	32	256	64	0	32	0	384	80	112	0	1	0		1	0	1	
-1728053103	scripts/ai/StandardAI.lua	1	768	768	32	256	64	0	32	0	384	80	121	0	1	0		1	0	1	
-1728053102	scripts/ai/StandardAI.lua	1	768	768	32	256	64	0	32	0	384	80	120	0	3	0		1	0	1	
-1728053101	scripts/ai/StandardAI.lua	1	768	768	32	256	64	0	32	0	384	80	119	0	3	0		1	0	1	
-1728053100	scripts/ai/StandardAI.lua	1	768	768	32	256	64	0	32	0	384	80	118	0	2	0		1	0	1	
-1728053099	scripts/ai/StandardAI.lua	1	768	768	32	256	64	0	32	0	384	80	114	0	3	0		1	0	1	
-1728053098	scripts/ai/StandardAI.lua	1	768	768	32	256	64	0	32	0	384	80	115	0	2	0		1	0	1	
-1728053097	scripts/ai/StandardAI.lua	1	768	768	32	256	64	0	32	0	384	80	116	0	2	0		1	0	1	
-1728053096	scripts/ai/StandardAI.lua	1	768	768	32	256	64	0	32	0	384	80	117	0	3	0		1	0	1	
-1728053095	scripts/ai/StandardAI.lua	1	768	768	32	256	64	0	32	0	384	80	114	0	2	0		1	0	1	
-1728053094	scripts/ai/StandardAI.lua	1	768	768	32	256	64	0	32	0	384	80	115	0	3	0		1	0	1	
-1728053093	scripts/ai/StandardAI.lua	1	768	768	32	256	64	0	32	0	384	80	116	0	3	0		1	0	1	
-1728053092	scripts/ai/StandardAI.lua	1	768	768	32	256	64	0	32	0	384	80	117	0	2	0		1	0	1	
-1728053091	scripts/ai/StandardAI.lua	1	768	768	32	256	64	0	32	0	384	80	118	0	3	0		1	0	1	
-1728053090	scripts/ai/StandardAI.lua	1	768	768	32	256	64	0	32	0	384	80	119	0	2	0		1	0	1	
-1728053089	scripts/ai/StandardAI.lua	1	768	768	32	256	64	0	32	0	384	80	120	0	2	0		1	0	1	
-1728053088	scripts/ai/StandardAI.lua	1	768	768	32	256	64	0	32	0	384	80	123	0	0	0		1	0	1	
-1728053087	scripts/ai/StandardAI.lua	1	768	768	32	256	64	0	32	0	384	80	122	0	0	0		1	0	1	
-1728053086	scripts/ai/StandardAI.lua	1	768	768	32	256	64	0	32	0	384	80	130	0	1	0		1	0	1	
-1728053085	scripts/ai/StandardAI.lua	1	768	768	32	256	64	0	32	0	384	80	131	0	1	0		1	0	1	
-1728053084	scripts/ai/StandardAI.lua	1	768	768	32	256	64	0	32	0	384	80	133	0	4	0		1	0	1	
-1728053083	scripts/ai/StandardAI.lua	1	768	768	32	256	64	0	32	0	384	80	133	0	2	0		1	0	1	
-1728053082	scripts/ai/StandardAI.lua	1	768	768	32	256	64	0	32	0	384	80	133	0	1	0		1	0	1	
-1728053081	scripts/ai/StandardAI.lua	1	768	768	32	256	64	0	32	0	384	80	133	0	3	0		1	0	1	
-1728053080	scripts/ai/StandardAI.lua	1	768	768	32	256	64	0	32	0	384	80	134	0	3	0		1	0	1	
-1728053079	scripts/ai/StandardAI.lua	1	768	768	32	256	64	0	32	0	384	80	134	0	4	0		1	0	1	
-1728053078	scripts/ai/StandardAI.lua	1	768	768	32	256	64	0	32	0	384	80	134	0	2	0		1	0	1	
-1728053077	scripts/ai/StandardAI.lua	1	768	768	32	256	64	0	32	0	384	80	134	0	1	0		1	0	1	
-1728053076	scripts/ai/StandardAI.lua	1	768	768	32	256	64	0	32	0	384	80	137	0	2	0		1	0	1	
-1728053075	scripts/ai/StandardAI.lua	1	768	768	32	256	64	0	32	0	384	80	137	0	1	0		1	0	1	
-1728053074	scripts/ai/StandardAI.lua	1	768	768	32	256	64	0	32	0	384	80	137	0	3	0		1	0	1	
-1728053073	scripts/ai/StandardAI.lua	1	768	768	32	256	64	0	32	0	384	80	137	0	4	0		1	0	1	
-1728053072	scripts/ai/StandardAI.lua	1	768	768	32	256	64	0	32	0	384	80	139	0	0	0		1	0	1	
-1728053071	scripts/ai/StandardAI.lua	1	768	768	32	256	64	0	32	0	384	80	140	0	0	0		1	0	1	
-1728053070	scripts/ai/StandardAI.lua	1	768	768	32	256	64	0	32	0	384	80	0	0	3	0		1	0	0	
-1728053069	scripts/ai/StandardAI.lua	1	768	768	32	256	64	0	32	0	384	80	124	0	0	0		1	0	1	
-1728053068	scripts/ai/StandardAI.lua	1	768	768	32	256	64	0	32	0	384	80	125	0	0	0		1	0	1	
-1728053067	scripts/ai/StandardAI.lua	1	768	768	32	256	64	0	32	0	384	80	134	0	5	0		1	0	1	
-1728053066	scripts/ai/StandardAI.lua	1	768	768	32	256	64	0	32	0	384	80	127	0	0	0		1	0	1	
-1728053065	scripts/ai/StandardAI.lua	1	768	768	32	256	64	0	32	0	384	80	128	0	0	0		1	0	1	
-1728053064	scripts/ai/StandardAI.lua	1	768	768	32	256	64	0	32	0	384	80	135	0	2	0		1	0	1	
-1728053063	scripts/ai/StandardAI.lua	1	768	768	32	256	64	0	32	0	384	80	135	0	1	0		1	0	1	
-1728053062	scripts/ai/StandardAI.lua	1	768	768	32	256	64	0	32	0	384	80	129	0	0	0		1	0	1	
-1728053061	scripts/ai/StandardAI.lua	1	768	768	32	256	64	0	32	0	384	80	136	0	0	0		1	0	1	
-1728053060	scripts/ai/StandardAI.lua	1	768	768	32	256	64	0	32	0	384	80	137	0	5	0		1	0	1	
-1728053059	scripts/ai/StandardAI.lua	1	768	768	32	256	64	0	32	0	384	80	138	0	0	0		1	0	1	
-1728053058	scripts/ai/StandardAI.lua	1	768	768	32	256	64	0	32	0	384	80	132	0	2	0		1	0	1	
-1728053057	scripts/ai/StandardAI.lua	1	768	768	32	256	64	0	32	0	384	80	132	0	1	0		1	0	1	
-1728053056	scripts/ai/StandardAI.lua	1	768	768	32	256	64	0	32	0	384	80	142	0	0	0		1	0	1	
-1728053055	scripts/ai/StandardAI.lua	1	768	768	32	256	64	0	32	0	384	80	144	0	0	0		1	0	1	
-1728053054	scripts/ai/StandardAI.lua	1	768	768	32	256	64	0	32	0	384	80	141	0	0	0		1	0	1	
-1728053053	scripts/ai/StandardAI.lua	1	768	768	32	256	64	0	32	0	384	80	133	0	5	0		1	0	1	
-1728053052	scripts/ai/StandardAI.lua	1	768	768	32	256	64	0	32	0	384	80	0	0	2	0		1	0	1	
