AIType	ScriptFile	IsPositive	AlertRange	SearchPlayerDistance	AlertOverTime	AttackRange	EscapeTime	EscapeRange	EscapeInterval	WanderRange	WanderDistance	WanderInterval	PatrolPathID	EscapeLife	PatrolOrderIndex	ReviveTeammate	CustomArguments	IsAutoTurn	NpcSceneType	IsSnarlInFight	DialogIdleTime
587202561	scripts/ai/StandardAI.lua	1	768	768	32	256	64	0	32	0	384	80	111	0	2	0		1	0	1	
587202562	scripts/ai/StandardAI.lua	1	768	768	32	256	64	0	32	0	384	80	315	0	0	0		1	0	1	
587202563	scripts/ai/StandardAI.lua	1	768	768	32	256	64	0	32	0	384	80	319	0	0	0		1	0	1	
587202564	scripts/ai/StandardAI.lua	1	768	768	32	256	64	0	32	0	384	80	108	0	0	0		1	0	1	
587202565	scripts/ai/StandardAI.lua	1	768	768	32	256	64	0	32	0	384	80	318	0	0	0		1	0	1	
587202566	scripts/ai/StandardAI.lua	1	768	768	32	256	64	0	32	0	384	80	314	0	0	0		1	0	1	
587202567	scripts/ai/StandardAI.lua	1	768	768	32	256	64	0	32	0	384	80	110	0	0	0		1	0	1	
587202568	scripts/ai/StandardAI.lua	1	768	768	32	256	64	0	32	0	384	80	311	0	0	0		1	0	1	
587202569	scripts/ai/StandardAI.lua	1	768	768	32	256	64	0	32	0	384	80	124	0	0	0		1	0	1	
587202570	scripts/ai/StandardAI.lua	1	768	768	32	256	64	0	32	0	384	80	118	0	0	0		1	0	1	
587202571	scripts/ai/StandardAI.lua	1	768	768	32	256	64	0	32	0	384	80	247	0	0	0		1	0	1	
587202572	scripts/ai/StandardAI.lua	1	768	768	32	256	64	0	32	0	384	80	119	0	0	0		1	0	1	
587202573	scripts/ai/StandardAI.lua	1	768	768	32	256	64	0	32	0	384	80	34	0	2	0		1	0	1	
587202574	scripts/ai/StandardAI.lua	1	768	768	32	256	64	0	32	0	384	80	34	0	1	0		1	0	1	
587202575	scripts/ai/StandardAI.lua	1	768	768	32	256	64	0	32	0	384	80	164	0	1	0		1	0	1	
587202576	scripts/ai/StandardAI.lua	1	768	768	32	256	64	0	32	0	384	80	164	0	2	0		1	0	1	
587202577	scripts/ai/StandardAI.lua	1	768	768	32	256	64	0	32	0	384	80	1	0	0	0		1	0	1	
587202578	scripts/ai/StandardAI.lua	1	768	768	32	256	64	0	32	0	384	80	2	0	0	0		1	0	1	
587202579	scripts/ai/StandardAI.lua	1	768	768	32	256	64	0	32	0	384	80	3	0	0	0		1	0	1	
587202580	scripts/ai/StandardAI.lua	1	768	768	32	256	64	0	32	0	384	80	4	0	0	0		1	0	1	
587202581	scripts/ai/StandardAI.lua	1	768	768	32	256	64	0	32	0	384	80	5	0	0	0		1	0	1	
587202582	scripts/ai/StandardAI.lua	0	768	768	32	256	64	0	32	0	384	80	304	0	0	0		1	0	0	
587202583	scripts/ai/StandardAI.lua	1	768	768	32	256	64	0	32	0	384	80	215	0	0	0		1	0	1	
587202584	scripts/ai/StandardAI.lua	1	768	768	32	256	64	0	32	0	384	80	10	0	0	0		1	0	1	
587202585	scripts/ai/StandardAI.lua	1	768	768	32	256	64	0	32	0	384	80	11	0	0	0		1	0	1	
587202586	scripts/ai/StandardAI.lua	1	768	768	32	256	64	0	32	0	384	80	12	0	0	0		1	0	1	
587202587	scripts/ai/StandardAI.lua	1	768	768	32	256	64	0	32	0	384	80	13	0	0	0		1	0	1	
587202588	scripts/ai/StandardAI.lua	1	768	768	32	256	64	0	32	0	384	80	14	0	0	0		1	0	1	
587202589	scripts/ai/StandardAI.lua	1	768	768	32	256	64	0	32	0	384	80	15	0	0	0		1	0	1	
587202590	scripts/ai/StandardAI.lua	1	768	768	32	256	64	0	32	0	384	80	16	0	0	0		1	0	1	
587202591	scripts/ai/StandardAI.lua	1	768	768	32	256	64	0	32	0	384	80	17	0	0	0		1	0	1	
587202592	scripts/ai/StandardAI.lua	1	768	768	32	256	64	0	32	0	384	80	18	0	0	0		1	0	1	
587202593	scripts/ai/StandardAI.lua	1	768	768	32	256	64	0	32	0	384	80	19	0	0	0		1	0	1	
587202594	scripts/ai/StandardAI.lua	1	768	768	32	256	64	0	32	0	384	80	20	0	0	0		1	0	1	
587202595	scripts/ai/StandardAI.lua	1	768	768	32	256	64	0	32	0	384	80	21	0	0	0		1	0	1	
587202596	scripts/ai/StandardAI.lua	1	768	768	32	256	64	0	32	0	384	80	22	0	0	0		1	0	1	
587202597	scripts/ai/StandardAI.lua	1	768	768	32	256	64	0	32	0	384	80	23	0	0	0		1	0	1	
587202598	scripts/ai/StandardAI.lua	1	768	768	32	256	64	0	32	0	384	80	24	0	3	0		1	0	1	
587202599	scripts/ai/StandardAI.lua	1	768	768	32	256	64	0	32	0	384	80	24	0	1	0		1	0	1	
587202600	scripts/ai/StandardAI.lua	1	768	768	32	256	64	0	32	0	384	80	24	0	2	0		1	0	1	
587202601	scripts/ai/StandardAI.lua	1	768	768	32	256	64	0	32	0	384	80	25	0	1	0		1	0	1	
587202602	scripts/ai/StandardAI.lua	1	768	768	32	256	64	0	32	0	384	80	25	0	2	0		1	0	1	
587202603	scripts/ai/StandardAI.lua	1	768	768	32	256	64	0	32	0	384	80	25	0	3	0		1	0	1	
587202604	scripts/ai/StandardAI.lua	1	768	768	32	256	64	0	32	0	384	80	27	0	0	0		1	0	1	
587202605	scripts/ai/StandardAI.lua	1	768	768	32	256	64	0	32	0	384	80	29	0	0	0		1	0	1	
587202606	scripts/ai/StandardAI.lua	1	768	768	32	256	64	0	32	0	384	80	30	0	0	0		1	0	1	
587202607	scripts/ai/StandardAI.lua	0	768	768	32	256	64	0	32	0	384	80	0	0	0	0		1	0	0	
587202608	scripts/ai/StandardAI.lua	1	768	768	32	256	64	0	32	0	384	80	31	0	0	0		1	0	1	
587202609	scripts/ai/StandardAI.lua	1	768	768	32	256	64	0	32	0	384	80	32	0	0	0		1	0	1	
587202610	scripts/ai/StandardAI.lua	1	768	768	32	256	64	0	32	0	384	80	33	0	0	0		1	0	1	
587202611	scripts/ai/StandardAI.lua	1	768	768	32	256	64	0	32	0	384	80	35	0	0	0		1	0	1	
587202612	scripts/ai/StandardAI.lua	1	768	768	32	256	64	0	32	0	384	80	36	0	0	0		1	0	1	
587202613	scripts/ai/StandardAI.lua	1	768	768	32	256	64	0	32	0	384	80	37	0	0	0		1	0	1	
587202614	scripts/ai/StandardAI.lua	1	768	768	32	256	64	0	32	0	384	80	38	0	0	0		1	0	1	
587202615	scripts/ai/StandardAI.lua	1	768	768	32	256	64	0	32	0	384	80	39	0	0	0		1	0	1	
587202616	scripts/ai/StandardAI.lua	1	768	768	32	256	64	0	32	0	384	80	40	0	0	0		1	0	1	
587202617	scripts/ai/StandardAI.lua	1	768	768	32	256	64	0	32	0	384	80	41	0	0	0		1	0	1	
587202618	scripts/ai/StandardAI.lua	1	768	768	32	256	64	0	32	0	384	80	42	0	0	0		1	0	1	
587202619	scripts/ai/StandardAI.lua	1	768	768	32	256	64	0	32	0	384	80	43	0	0	0		1	0	1	
587202620	scripts/ai/StandardAI.lua	1	768	768	32	256	64	0	32	0	384	80	44	0	0	0		1	0	1	
587202621	scripts/ai/StandardAI.lua	1	768	768	32	256	64	0	32	0	384	80	45	0	0	0		1	0	1	
587202622	scripts/ai/StandardAI.lua	1	768	768	32	256	64	0	32	0	384	80	46	0	0	0		1	0	1	
587202623	scripts/ai/StandardAI.lua	1	768	768	32	256	64	0	32	0	384	80	47	0	1	0		1	0	1	
587202624	scripts/ai/StandardAI.lua	1	768	768	32	256	64	0	32	0	384	80	47	0	2	0		1	0	1	
587202625	scripts/ai/StandardAI.lua	1	768	768	32	256	64	0	32	0	384	80	47	0	3	0		1	0	1	
587202626	scripts/ai/StandardAI.lua	1	768	768	32	256	64	0	32	0	384	80	48	0	1	0		1	0	1	
587202627	scripts/ai/StandardAI.lua	1	768	768	32	256	64	0	32	0	384	80	48	0	3	0		1	0	1	
587202628	scripts/ai/StandardAI.lua	1	768	768	32	256	64	0	32	0	384	80	48	0	2	0		1	0	1	
587202629	scripts/ai/StandardAI.lua	1	768	768	32	256	64	0	32	0	384	80	49	0	0	0		1	0	1	
587202630	scripts/ai/StandardAI.lua	1	768	768	32	256	64	0	32	0	384	80	50	0	0	0		1	0	1	
587202631	scripts/ai/StandardAI.lua	1	768	768	32	256	64	0	32	0	384	80	51	0	0	0		1	0	1	
587202632	scripts/ai/StandardAI.lua	1	768	768	32	256	64	0	32	0	384	80	52	0	1	0		1	0	1	
587202633	scripts/ai/StandardAI.lua	1	768	768	32	256	64	0	32	0	384	80	52	0	2	0		1	0	1	
587202634	scripts/ai/StandardAI.lua	1	768	768	32	256	64	0	32	0	384	80	52	0	3	0		1	0	1	
587202635	scripts/ai/StandardAI.lua	1	768	768	32	256	64	0	32	0	384	80	53	0	1	0		1	0	1	
587202636	scripts/ai/StandardAI.lua	1	768	768	32	256	64	0	32	0	384	80	53	0	2	0		1	0	1	
587202637	scripts/ai/StandardAI.lua	1	768	768	32	256	64	0	32	0	384	80	54	0	1	0		1	0	1	
587202638	scripts/ai/StandardAI.lua	1	768	768	32	256	64	0	32	0	384	80	54	0	2	0		1	0	1	
587202639	scripts/ai/StandardAI.lua	0	768	768	32	256	64	960	32	512	384	80	55	30	1	0		0	0	0	
587202640	scripts/ai/StandardAI.lua	0	768	768	32	256	64	960	32	512	384	80	56	30	1	0		0	0	0	
587202641	scripts/ai/StandardAI.lua	0	768	768	32	256	64	960	32	512	384	80	57	30	1	0		0	0	0	
587202642	scripts/ai/StandardAI.lua	0	768	768	32	256	64	960	32	512	384	80	58	30	1	0		0	0	0	
587202643	scripts/ai/StandardAI.lua	1	768	768	32	256	64	0	32	0	384	80	59	0	1	0		1	0	1	
587202644	scripts/ai/StandardAI.lua	1	768	768	32	256	64	0	32	0	384	80	59	0	3	0		1	0	1	
587202645	scripts/ai/StandardAI.lua	1	768	768	32	256	64	0	32	0	384	80	59	0	2	0		1	0	1	
587202646	scripts/ai/StandardAI.lua	0	768	768	32	256	64	960	32	512	384	80	0	30	0	0		0	0	0	
587202647	scripts/ai/StandardAI.lua	0	768	768	32	256	64	960	32	512	384	80	60	30	0	0		0	0	0	
587202648	scripts/ai/StandardAI.lua	1	768	768	32	256	64	0	32	0	384	80	61	0	0	0		1	0	1	
587202649	scripts/ai/StandardAI.lua	1	768	768	32	256	64	0	32	0	384	80	62	0	0	0		1	0	1	
587202650	scripts/ai/StandardAI.lua	1	768	768	32	256	64	0	32	0	384	80	63	0	0	0		1	0	1	
587202651	scripts/ai/StandardAI.lua	1	768	768	32	256	64	0	32	0	384	80	64	0	0	0		1	0	1	
587202652	scripts/ai/StandardAI.lua	1	768	768	32	256	64	0	32	0	384	80	65	0	0	0		1	0	1	
587202653	scripts/ai/StandardAI.lua	1	768	768	32	256	64	0	32	0	384	80	66	0	0	0		1	0	1	
587202654	scripts/ai/StandardAI.lua	1	768	768	32	256	64	0	32	0	384	80	67	0	6	0		1	0	1	
587202655	scripts/ai/StandardAI.lua	1	768	768	32	256	64	0	32	0	384	80	67	0	4	0		1	0	1	
587202656	scripts/ai/StandardAI.lua	1	768	768	32	256	64	0	32	0	384	80	67	0	1	0		1	0	1	
587202657	scripts/ai/StandardAI.lua	1	768	768	32	256	64	0	32	0	384	80	67	0	5	0		1	0	1	
587202658	scripts/ai/StandardAI.lua	1	768	768	32	256	64	0	32	0	384	80	67	0	3	0		1	0	1	
587202659	scripts/ai/StandardAI.lua	1	768	768	32	256	64	0	32	0	384	80	67	0	2	0		1	0	1	
587202660	scripts/ai/StandardAI.lua	1	768	768	32	256	64	0	32	0	384	80	68	0	0	0		1	0	1	
587202661	scripts/ai/StandardAI.lua	1	768	768	32	256	64	0	32	0	384	80	69	0	0	0		1	0	1	
587202662	scripts/ai/StandardAI.lua	1	768	768	32	256	64	0	32	0	384	80	70	0	0	0		1	0	1	
587202663	scripts/ai/StandardAI.lua	1	768	768	32	256	64	0	32	0	384	80	71	0	0	0		1	0	1	
587202664	scripts/ai/StandardAI.lua	1	768	768	32	256	64	0	32	0	384	80	72	0	0	0		1	0	1	
587202665	scripts/ai/StandardAI.lua	1	768	768	32	256	64	0	32	0	384	80	73	0	0	0		1	0	1	
587202666	scripts/ai/StandardAI.lua	1	768	768	32	256	64	0	32	0	384	80	74	0	0	0		1	0	1	
587202667	scripts/ai/StandardAI.lua	1	768	768	32	256	64	0	32	0	384	80	75	0	0	0		1	0	1	
587202668	scripts/ai/StandardAI.lua	1	768	768	32	256	64	0	32	0	384	80	76	0	1	0		1	0	1	
587202669	scripts/ai/StandardAI.lua	1	768	768	32	256	64	0	32	0	384	80	76	0	2	0		1	0	1	
587202670	scripts/ai/StandardAI.lua	1	768	768	32	256	64	0	32	0	384	80	77	0	2	0		1	0	1	
587202671	scripts/ai/StandardAI.lua	1	768	768	32	256	64	0	32	0	384	80	77	0	1	0		1	0	1	
587202672	scripts/ai/StandardAI.lua	1	768	768	32	256	64	0	32	0	384	80	77	0	3	0		1	0	1	
587202673	scripts/ai/StandardAI.lua	1	768	768	32	256	64	0	32	0	384	80	78	0	2	0		1	0	1	
587202674	scripts/ai/StandardAI.lua	1	768	768	32	256	64	0	32	0	384	80	78	0	1	0		1	0	1	
587202675	scripts/ai/StandardAI.lua	1	768	768	32	256	64	0	32	0	384	80	79	0	0	0		1	0	1	
587202676	scripts/ai/StandardAI.lua	1	768	768	32	256	64	0	32	0	384	80	80	0	2	0		1	0	1	
587202677	scripts/ai/StandardAI.lua	1	768	768	32	256	64	0	32	0	384	80	80	0	1	0		1	0	1	
587202678	scripts/ai/StandardAI.lua	1	768	768	32	256	64	0	32	0	384	80	81	0	0	0		1	0	1	
587202679	scripts/ai/StandardAI.lua	1	768	768	32	256	64	0	32	0	384	80	82	0	0	0		1	0	1	
587202680	scripts/ai/StandardAI.lua	1	768	768	32	256	64	0	32	0	384	80	83	0	0	0		1	0	1	
587202681	scripts/ai/StandardAI.lua	1	768	768	32	256	64	0	32	0	384	80	84	0	0	0		1	0	1	
587202682	scripts/ai/StandardAI.lua	1	768	768	32	256	64	0	32	0	384	80	250	0	0	0		1	0	1	
587202683	scripts/ai/StandardAI.lua	1	768	768	32	256	64	0	32	0	384	80	85	0	0	0		1	0	1	
587202684	scripts/ai/StandardAI.lua	1	768	768	32	256	64	0	32	0	384	80	86	0	0	0		1	0	1	
587202685	scripts/ai/StandardAI.lua	1	768	768	32	256	64	0	32	0	384	80	87	0	0	0		1	0	1	
587202686	scripts/ai/StandardAI.lua	1	768	768	32	256	64	0	32	0	384	80	88	0	2	0		1	0	1	
587202687	scripts/ai/StandardAI.lua	1	768	768	32	256	64	0	32	0	384	80	88	0	3	0		1	0	1	
587202688	scripts/ai/StandardAI.lua	1	768	768	32	256	64	0	32	0	384	80	88	0	1	0		1	0	1	
587202689	scripts/ai/StandardAI.lua	1	768	768	32	256	64	0	32	0	384	80	89	0	2	0		1	0	1	
587202690	scripts/ai/StandardAI.lua	1	768	768	32	256	64	0	32	0	384	80	89	0	3	0		1	0	1	
587202691	scripts/ai/StandardAI.lua	1	768	768	32	256	64	0	32	0	384	80	89	0	1	0		1	0	1	
587202692	scripts/ai/StandardAI.lua	1	768	768	32	256	64	0	32	0	384	80	90	0	3	0		1	0	1	
587202693	scripts/ai/StandardAI.lua	1	768	768	32	256	64	0	32	0	384	80	90	0	1	0		1	0	1	
587202694	scripts/ai/StandardAI.lua	1	768	768	32	256	64	0	32	0	384	80	90	0	2	0		1	0	1	
587202695	scripts/ai/StandardAI.lua	1	768	768	32	256	64	0	32	0	384	80	91	0	3	0		1	0	1	
587202696	scripts/ai/StandardAI.lua	1	768	768	32	256	64	0	32	0	384	80	91	0	2	0		1	0	1	
587202697	scripts/ai/StandardAI.lua	1	768	768	32	256	64	0	32	0	384	80	91	0	1	0		1	0	1	
587202698	scripts/ai/StandardAI.lua	1	768	768	32	256	64	0	32	0	384	80	92	0	0	0		1	0	1	
587202699	scripts/ai/StandardAI.lua	1	768	768	32	256	64	0	32	0	384	80	93	0	0	0		1	0	1	
587202700	scripts/ai/StandardAI.lua	1	768	768	32	256	64	0	32	0	384	80	94	0	0	0		1	0	1	
587202701	scripts/ai/StandardAI.lua	1	768	768	32	256	64	0	32	0	384	80	95	0	0	0		1	0	1	
587202702	scripts/ai/StandardAI.lua	1	768	768	32	256	64	0	32	0	384	80	96	0	0	0		1	0	1	
587202703	scripts/ai/StandardAI.lua	1	768	768	32	256	64	0	32	0	384	80	97	0	0	0		1	0	1	
587202704	scripts/ai/StandardAI.lua	1	768	768	32	256	64	0	32	0	384	80	98	0	0	0		1	0	1	
587202705	scripts/ai/StandardAI.lua	1	768	768	32	256	64	0	32	0	384	80	99	0	0	0		1	0	1	
587202706	scripts/ai/StandardAI.lua	1	768	768	32	256	64	0	32	0	384	80	100	0	0	0		1	0	1	
587202707	scripts/ai/StandardAI.lua	0	768	768	32	256	64	0	32	0	384	80	101	0	1	0		1	0	0	
587202708	scripts/ai/StandardAI.lua	0	768	768	32	256	64	0	32	0	384	80	101	0	2	0		1	0	0	
587202709	scripts/ai/StandardAI.lua	0	768	768	32	256	64	0	32	0	384	80	102	0	2	0		1	0	0	
587202710	scripts/ai/StandardAI.lua	0	768	768	32	256	64	0	32	0	384	80	102	0	1	0		1	0	0	
587202711	scripts/ai/StandardAI.lua	0	768	768	32	256	64	0	32	0	384	80	103	0	1	0		1	0	0	
587202712	scripts/ai/StandardAI.lua	0	768	768	32	256	64	0	32	0	384	80	103	0	2	0		1	0	0	
587202713	scripts/ai/StandardAI.lua	1	768	768	32	256	64	0	32	0	384	80	104	0	0	0		1	0	1	
587202714	scripts/ai/StandardAI.lua	1	768	768	32	256	64	0	32	0	384	80	105	0	0	0		1	0	1	
587202715	scripts/ai/StandardAI.lua	1	768	768	32	256	64	0	32	0	384	80	106	0	0	0		1	0	1	
587202716	scripts/ai/StandardAI.lua	1	768	768	32	256	64	0	32	0	384	80	107	0	0	0		1	0	1	
587202717	scripts/ai/StandardAI.lua	1	768	768	32	256	64	0	32	0	384	80	108	0	2	0		1	0	1	
587202718	scripts/ai/StandardAI.lua	1	768	768	32	256	64	0	32	0	384	80	109	0	1	0		1	0	1	
587202719	scripts/ai/StandardAI.lua	1	768	768	32	256	64	0	32	0	384	80	111	0	1	0		1	0	1	
587202720	scripts/ai/StandardAI.lua	1	768	768	32	256	64	0	32	0	384	80	312	0	0	0		1	0	1	
587202721	scripts/ai/StandardAI.lua	1	768	768	32	256	64	0	32	0	384	80	112	0	0	0		1	0	1	
587202722	scripts/ai/StandardAI.lua	1	768	768	32	256	64	0	32	0	384	80	313	0	0	0		1	0	1	
587202723	scripts/ai/StandardAI.lua	1	768	768	32	256	64	0	32	0	384	80	114	0	0	0		1	0	1	
587202724	scripts/ai/StandardAI.lua	1	768	768	32	256	64	0	32	0	384	80	117	0	0	0		1	0	1	
587202725	scripts/ai/StandardAI.lua	1	768	768	32	256	64	0	32	0	384	80	120	0	0	0		1	0	1	
587202726	scripts/ai/StandardAI.lua	1	768	768	32	256	64	0	32	0	384	80	121	0	2	0		1	0	1	
587202727	scripts/ai/StandardAI.lua	1	768	768	32	256	64	0	32	0	384	80	121	0	1	0		1	0	1	
587202728	scripts/ai/StandardAI.lua	1	768	768	32	256	64	0	32	0	384	80	122	0	2	0		1	0	1	
587202729	scripts/ai/StandardAI.lua	1	768	768	32	256	64	0	32	0	384	80	122	0	1	0		1	0	1	
587202730	scripts/ai/StandardAI.lua	1	768	768	32	256	64	0	32	0	384	80	123	0	2	0		1	0	1	
587202731	scripts/ai/StandardAI.lua	1	768	768	32	256	64	0	32	0	384	80	123	0	1	0		1	0	1	
587202732	scripts/ai/StandardAI.lua	1	768	768	32	256	64	0	32	0	384	80	125	0	0	0		1	0	1	
587202733	scripts/ai/StandardAI.lua	1	768	768	32	256	64	0	32	0	384	80	126	0	1	0		1	0	1	
587202734	scripts/ai/StandardAI.lua	1	768	768	32	256	64	0	32	0	384	80	126	0	2	0		1	0	1	
587202735	scripts/ai/StandardAI.lua	1	768	768	32	256	64	0	32	0	384	80	127	0	2	0		1	0	1	
587202736	scripts/ai/StandardAI.lua	1	768	768	32	256	64	0	32	0	384	80	127	0	1	0		1	0	1	
587202737	scripts/ai/StandardAI.lua	1	768	768	32	256	64	0	32	0	384	80	128	0	0	0		1	0	1	
587202738	scripts/ai/StandardAI.lua	1	768	768	32	256	64	0	32	0	384	80	129	0	0	0		1	0	1	
587202739	scripts/ai/StandardAI.lua	1	768	768	32	256	64	0	32	0	384	80	130	0	0	0		1	0	1	
587202740	scripts/ai/StandardAI.lua	1	768	768	32	256	64	0	32	0	384	80	131	0	0	0		1	0	1	
587202741	scripts/ai/StandardAI.lua	1	768	768	32	256	64	0	32	0	384	80	132	0	0	0		1	0	1	
587202742	scripts/ai/StandardAI.lua	1	768	768	32	256	64	0	32	0	384	80	133	0	0	0		1	0	1	
587202743	scripts/ai/StandardAI.lua	1	768	768	32	256	64	0	32	0	384	80	134	0	0	0		1	0	1	
587202744	scripts/ai/StandardAI.lua	1	768	768	32	256	64	0	32	0	384	80	135	0	0	0		1	0	1	
587202745	scripts/ai/StandardAI.lua	1	768	768	32	256	64	0	32	0	384	80	136	0	0	0		1	0	1	
587202746	scripts/ai/StandardAI.lua	1	768	768	32	256	64	0	32	0	384	80	137	0	0	0		1	0	1	
587202747	scripts/ai/StandardAI.lua	1	768	768	32	256	64	0	32	0	384	80	138	0	0	0		1	0	1	
587202748	scripts/ai/StandardAI.lua	1	768	768	32	256	64	0	32	0	384	80	139	0	0	0		1	0	1	
587202749	scripts/ai/StandardAI.lua	1	768	768	32	256	64	0	32	0	384	80	140	0	0	0		1	0	1	
587202750	scripts/ai/StandardAI.lua	1	768	768	32	256	64	0	32	0	384	80	141	0	0	0		1	0	1	
587202751	scripts/ai/StandardAI.lua	1	768	768	32	256	64	0	32	0	384	80	142	0	0	0		1	0	1	
587202752	scripts/ai/StandardAI.lua	1	768	768	32	256	64	0	32	0	384	80	143	0	0	0		1	0	1	
587202753	scripts/ai/StandardAI.lua	1	768	768	32	256	64	0	32	0	384	80	144	0	0	0		1	0	1	
587202754	scripts/ai/StandardAI.lua	1	768	768	32	256	64	0	32	0	384	80	145	0	0	0		1	0	1	
587202755	scripts/ai/StandardAI.lua	1	768	768	32	256	64	0	32	0	384	80	146	0	0	0		1	0	1	
587202756	scripts/ai/StandardAI.lua	1	768	768	32	256	64	0	32	0	384	80	148	0	1	0		1	0	1	
587202757	scripts/ai/StandardAI.lua	1	768	768	32	256	64	0	32	0	384	80	148	0	2	0		1	0	1	
587202758	scripts/ai/StandardAI.lua	1	768	768	32	256	64	0	32	0	384	80	148	0	3	0		1	0	1	
587202759	scripts/ai/StandardAI.lua	1	768	768	32	256	64	0	32	0	384	80	149	0	0	0		1	0	1	
587202760	scripts/ai/StandardAI.lua	1	768	768	32	256	64	0	32	0	384	80	150	0	0	0		1	0	1	
587202761	scripts/ai/StandardAI.lua	1	768	768	32	256	64	0	32	0	384	80	151	0	0	0		1	0	1	
587202762	scripts/ai/StandardAI.lua	1	768	768	32	256	64	0	32	0	384	80	152	0	0	0		1	0	1	
587202763	scripts/ai/StandardAI.lua	1	768	768	32	256	64	0	32	0	384	80	153	0	0	0		1	0	1	
587202764	scripts/ai/StandardAI.lua	1	768	768	32	256	64	0	32	0	384	80	0	0	1	0		1	0	1	
587202765	scripts/ai/StandardAI.lua	1	768	768	32	256	64	0	32	0	384	80	154	0	1	0		1	0	1	
587202766	scripts/ai/StandardAI.lua	1	768	768	32	256	64	0	32	0	384	80	155	0	0	0		1	0	1	
587202767	scripts/ai/StandardAI.lua	1	768	768	32	256	64	0	32	0	384	80	156	0	0	0		1	0	1	
587202768	scripts/ai/StandardAI.lua	1	768	768	32	256	64	0	32	0	384	80	157	0	0	0		1	0	1	
587202769	scripts/ai/StandardAI.lua	1	768	768	32	256	64	0	32	0	384	80	158	0	1	0		1	0	1	
587202770	scripts/ai/StandardAI.lua	1	768	768	32	256	64	0	32	0	384	80	158	0	2	0		1	0	1	
587202771	scripts/ai/StandardAI.lua	1	768	768	32	256	64	0	32	0	384	80	159	0	1	0		1	0	1	
587202772	scripts/ai/StandardAI.lua	1	768	768	32	256	64	0	32	0	384	80	159	0	2	0		1	0	1	
587202773	scripts/ai/StandardAI.lua	1	768	768	32	256	64	0	32	0	384	80	159	0	3	0		1	0	1	
587202774	scripts/ai/StandardAI.lua	1	768	768	32	256	64	0	32	0	384	80	160	0	0	0		1	0	1	
587202775	scripts/ai/StandardAI.lua	1	768	768	32	256	64	0	32	0	384	80	161	0	0	0		1	0	1	
587202776	scripts/ai/StandardAI.lua	1	768	768	32	256	64	0	32	0	384	80	162	0	2	0		1	0	1	
587202777	scripts/ai/StandardAI.lua	1	768	768	32	256	64	0	32	0	384	80	162	0	1	0		1	0	1	
587202778	scripts/ai/StandardAI.lua	0	768	768	32	256	64	0	32	0	384	80	163	0	0	0		1	0	0	
587202779	scripts/ai/StandardAI.lua	1	768	768	32	256	64	0	32	0	384	80	169	0	0	0		1	0	1	
587202780	scripts/ai/StandardAI.lua	1	768	768	32	256	64	0	32	0	384	80	170	0	0	0		1	0	1	
587202781	scripts/ai/StandardAI.lua	1	768	768	32	256	64	0	32	0	384	80	171	0	0	0		1	0	1	
587202782	scripts/ai/StandardAI.lua	1	768	768	32	256	64	0	32	0	384	80	174	0	0	0		1	0	1	
587202783	scripts/ai/StandardAI.lua	1	768	768	32	256	64	0	32	0	384	80	172	0	0	0		1	0	1	
587202784	scripts/ai/StandardAI.lua	0	768	768	32	256	64	0	32	0	384	80	249	0	0	0		1	0	0	
587202785	scripts/ai/StandardAI.lua	1	768	768	32	256	64	0	32	0	384	80	175	0	2	0		1	0	1	
587202786	scripts/ai/StandardAI.lua	1	768	768	32	256	64	0	32	0	384	80	175	0	1	0		1	0	1	
587202787	scripts/ai/StandardAI.lua	1	768	768	32	256	64	0	32	0	384	80	176	0	1	0		1	0	1	
587202788	scripts/ai/StandardAI.lua	1	768	768	32	256	64	0	32	0	384	80	176	0	2	0		1	0	1	
587202789	scripts/ai/StandardAI.lua	1	768	768	32	256	64	0	32	0	384	80	177	0	1	0		1	0	1	
587202790	scripts/ai/StandardAI.lua	1	768	768	32	256	64	0	32	0	384	80	177	0	2	0		1	0	1	
587202791	scripts/ai/StandardAI.lua	1	768	768	32	256	64	0	32	0	384	80	178	0	1	0		1	0	1	
587202792	scripts/ai/StandardAI.lua	1	768	768	32	256	64	0	32	0	384	80	178	0	2	0		1	0	1	
587202793	scripts/ai/StandardAI.lua	1	768	768	32	256	64	0	32	0	384	80	179	0	1	0		1	0	1	
587202794	scripts/ai/StandardAI.lua	1	768	768	32	256	64	0	32	0	384	80	179	0	2	0		1	0	1	
587202795	scripts/ai/StandardAI.lua	1	768	768	32	256	64	0	32	0	384	80	180	0	1	0		1	0	1	
587202796	scripts/ai/StandardAI.lua	1	768	768	32	256	64	0	32	0	384	80	180	0	2	0		1	0	1	
587202797	scripts/ai/StandardAI.lua	1	768	768	32	256	64	0	32	0	384	80	181	0	2	0		1	0	1	
587202798	scripts/ai/StandardAI.lua	1	768	768	32	256	64	0	32	0	384	80	181	0	1	0		1	0	1	
587202799	scripts/ai/StandardAI.lua	1	768	768	32	256	64	0	32	0	384	80	182	0	2	0		1	0	1	
587202800	scripts/ai/StandardAI.lua	1	768	768	32	256	64	0	32	0	384	80	182	0	1	0		1	0	1	
587202801	scripts/ai/StandardAI.lua	0	768	768	32	256	64	0	32	0	384	80	183	0	0	0		1	0	0	
587202802	scripts/ai/StandardAI.lua	0	768	768	32	256	64	0	32	0	384	80	186	0	2	0		1	0	0	
587202803	scripts/ai/StandardAI.lua	0	768	768	32	256	64	0	32	0	384	80	186	0	3	0		1	0	0	
587202804	scripts/ai/StandardAI.lua	0	768	768	32	256	64	0	32	0	384	80	186	0	1	0		1	0	0	
587202805	scripts/ai/StandardAI.lua	0	768	768	32	256	64	0	32	0	384	80	185	0	0	0		1	0	0	
587202806	scripts/ai/StandardAI.lua	0	768	768	32	256	64	0	32	0	384	80	187	0	0	0		1	0	0	
587202807	scripts/ai/StandardAI.lua	0	768	768	32	256	64	0	32	0	384	80	188	0	0	0		1	0	0	
587202808	scripts/ai/StandardAI.lua	0	768	768	32	256	64	0	32	0	384	80	191	0	0	0		1	0	0	
587202809	scripts/ai/StandardAI.lua	0	768	768	32	256	64	0	32	0	384	80	190	0	0	0		1	0	0	
587202810	scripts/ai/StandardAI.lua	0	768	768	32	256	64	0	32	0	384	80	192	0	0	0		1	0	0	
587202811	scripts/ai/StandardAI.lua	0	768	768	32	256	64	0	32	0	384	80	193	0	0	0		1	0	0	
587202812	scripts/ai/StandardAI.lua	0	768	768	32	256	64	0	32	0	384	80	194	0	0	0		1	0	0	
587202813	scripts/ai/StandardAI.lua	0	768	768	32	256	64	0	32	0	384	80	195	0	0	0		1	0	0	
587202814	scripts/ai/StandardAI.lua	0	768	768	32	256	64	0	32	0	384	80	196	0	2	0		1	0	0	
587202815	scripts/ai/StandardAI.lua	0	768	768	32	256	64	0	32	0	384	80	196	0	1	0		1	0	0	
587202816	scripts/ai/StandardAI.lua	0	768	768	32	256	64	0	32	0	384	80	197	0	1	0		1	0	0	
587202817	scripts/ai/StandardAI.lua	0	768	768	32	256	64	0	32	0	384	80	197	0	2	0		1	0	0	
587202818	scripts/ai/StandardAI.lua	0	768	768	32	256	64	0	32	0	384	80	198	0	1	0		1	0	0	
587202819	scripts/ai/StandardAI.lua	0	768	768	32	256	64	0	32	0	384	80	198	0	2	0		1	0	0	
587202820	scripts/ai/StandardAI.lua	0	768	768	32	256	64	0	32	0	384	80	199	0	1	0		1	0	0	
587202821	scripts/ai/StandardAI.lua	0	768	768	32	256	64	0	32	0	384	80	199	0	2	0		1	0	0	
587202822	scripts/ai/StandardAI.lua	0	768	768	32	256	64	0	32	0	384	80	200	0	1	0		1	0	0	
587202823	scripts/ai/StandardAI.lua	0	768	768	32	256	64	0	32	0	384	80	200	0	2	0		1	0	0	
587202824	scripts/ai/StandardAI.lua	0	768	768	32	256	64	0	32	0	384	80	201	0	0	0		1	0	0	
587202825	scripts/ai/StandardAI.lua	0	768	768	32	256	64	0	32	0	384	80	202	0	0	0		1	0	0	
587202826	scripts/ai/StandardAI.lua	0	768	768	32	256	64	0	32	0	384	80	203	0	2	0		1	0	0	
587202827	scripts/ai/StandardAI.lua	0	768	768	32	256	64	0	32	0	384	80	203	0	1	0		1	0	0	
587202828	scripts/ai/StandardAI.lua	1	768	768	32	256	64	0	32	0	384	80	204	0	2	0		1	0	1	
587202829	scripts/ai/StandardAI.lua	1	768	768	32	256	64	0	32	0	384	80	204	0	1	0		1	0	1	
587202830	scripts/ai/StandardAI.lua	1	768	768	32	256	64	0	32	0	384	80	204	0	3	0		1	0	1	
587202831	scripts/ai/StandardAI.lua	1	768	768	32	256	64	0	32	0	384	80	205	0	2	0		1	0	1	
587202832	scripts/ai/StandardAI.lua	1	768	768	32	256	64	0	32	0	384	80	205	0	1	0		1	0	1	
587202833	scripts/ai/StandardAI.lua	1	768	768	32	256	64	0	32	0	384	80	207	0	2	0		1	0	1	
587202834	scripts/ai/StandardAI.lua	1	768	768	32	256	64	0	32	0	384	80	207	0	1	0		1	0	1	
587202835	scripts/ai/StandardAI.lua	1	768	768	32	256	64	0	32	0	384	80	208	0	2	0		1	0	1	
587202836	scripts/ai/StandardAI.lua	1	768	768	32	256	64	0	32	0	384	80	208	0	1	0		1	0	1	
587202837	scripts/ai/StandardAI.lua	1	768	768	32	256	64	0	32	512	384	80	209	30	0	0		1	0	1	
587202838	scripts/ai/StandardAI.lua	1	768	768	32	256	64	0	32	512	384	80	210	30	0	0		1	0	1	
587202839	scripts/ai/StandardAI.lua	1	768	768	32	256	64	0	32	512	384	80	211	30	0	0		1	0	1	
587202840	scripts/ai/StandardAI.lua	1	768	768	32	256	64	0	32	0	384	80	213	0	1	0		1	0	1	
587202841	scripts/ai/StandardAI.lua	1	768	768	32	256	64	0	32	0	384	80	213	0	2	0		1	0	1	
587202842	scripts/ai/StandardAI.lua	1	768	768	32	256	64	0	32	0	384	80	214	0	1	0		1	0	1	
587202843	scripts/ai/StandardAI.lua	1	768	768	32	256	64	0	32	0	384	80	217	0	0	0		1	0	1	
587202844	scripts/ai/StandardAI.lua	1	768	768	32	256	64	0	32	0	384	80	218	0	0	0		1	0	1	
587202845	scripts/ai/StandardAI.lua	1	768	768	32	256	64	0	32	0	384	80	219	0	0	0		1	0	1	
587202846	scripts/ai/StandardAI.lua	1	768	768	32	256	64	0	32	0	384	80	220	0	0	0		1	0	1	
587202847	scripts/ai/StandardAI.lua	1	768	768	32	256	64	0	32	0	384	80	216	0	0	0		1	0	1	
587202848	scripts/ai/StandardAI.lua	1	768	768	32	256	64	0	32	0	384	80	221	0	0	0		1	0	1	
587202849	scripts/ai/StandardAI.lua	1	768	768	32	256	64	0	32	0	384	80	222	0	0	0		1	0	1	
587202850	scripts/ai/StandardAI.lua	1	768	768	32	256	64	0	32	0	384	80	223	0	0	0		1	0	1	
587202851	scripts/ai/StandardAI.lua	1	768	768	32	256	64	0	32	0	384	80	224	0	0	0		1	0	1	
587202852	scripts/ai/StandardAI.lua	1	768	768	32	256	64	0	32	0	384	80	225	0	0	0		1	0	1	
587202853	scripts/ai/StandardAI.lua	1	768	768	32	256	64	0	32	0	384	80	226	0	0	0		1	0	1	
587202854	scripts/ai/StandardAI.lua	1	768	768	32	256	64	0	32	0	384	80	227	0	0	0		1	0	1	
587202855	scripts/ai/StandardAI.lua	1	768	768	32	256	64	0	32	0	384	80	228	0	0	0		1	0	1	
587202856	scripts/ai/StandardAI.lua	1	768	768	32	256	64	0	32	0	384	80	229	0	0	0		1	0	1	
587202857	scripts/ai/StandardAI.lua	1	768	768	32	256	64	0	32	0	384	80	230	0	0	0		1	0	1	
587202858	scripts/ai/StandardAI.lua	1	768	768	32	256	64	0	32	0	384	80	231	0	0	0		1	0	1	
587202859	scripts/ai/StandardAI.lua	1	768	768	32	256	64	0	32	0	384	80	232	0	0	0		1	0	1	
587202860	scripts/ai/StandardAI.lua	1	768	768	32	256	64	0	32	0	384	80	233	0	0	0		1	0	1	
587202861	scripts/ai/StandardAI.lua	1	768	768	32	256	64	0	32	0	384	80	234	0	0	0		1	0	1	
587202862	scripts/ai/StandardAI.lua	1	768	768	32	256	64	0	32	0	384	80	235	0	0	0		1	0	1	
587202863	scripts/ai/StandardAI.lua	1	768	768	32	256	64	0	32	0	384	80	236	0	0	0		1	0	1	
587202864	scripts/ai/StandardAI.lua	1	768	768	32	256	64	0	32	0	384	80	237	0	0	0		1	0	1	
587202865	scripts/ai/StandardAI.lua	1	768	768	32	256	64	0	32	0	384	80	239	0	1	0		1	0	1	
587202866	scripts/ai/StandardAI.lua	1	768	768	32	256	64	0	32	0	384	80	239	0	2	0		1	0	1	
587202867	scripts/ai/StandardAI.lua	1	768	768	32	256	64	0	32	0	384	80	240	0	0	0		1	0	1	
587202868	scripts/ai/StandardAI.lua	1	768	768	32	256	64	0	32	0	384	80	241	0	2	0		1	0	1	
587202869	scripts/ai/StandardAI.lua	1	768	768	32	256	64	0	32	0	384	80	241	0	1	0		1	0	1	
587202870	scripts/ai/StandardAI.lua	1	768	768	32	256	64	0	32	0	384	80	242	0	1	0		1	0	1	
587202871	scripts/ai/StandardAI.lua	1	768	768	32	256	64	0	32	0	384	80	242	0	2	0		1	0	1	
587202872	scripts/ai/StandardAI.lua	1	768	768	32	256	64	0	32	0	384	80	243	0	0	0		1	0	1	
587202873	scripts/ai/StandardAI.lua	1	768	768	32	256	64	0	32	0	384	80	244	0	0	0		1	0	1	
587202874	scripts/ai/StandardAI.lua	1	768	768	32	256	64	0	32	0	384	80	248	0	0	0		1	0	1	
587202875	scripts/ai/StandardAI.lua	0	768	768	32	256	64	0	32	0	384	80	317	0	0	0		1	0	0	
587202876	scripts/ai/StandardAI.lua	1	768	768	32	256	64	0	32	0	384	80	257	0	0	0		1	0	1	
587202877	scripts/ai/StandardAI.lua	1	768	768	32	256	64	960	32	0	384	80	258	30	0	0		1	0	1	
587202878	scripts/ai/StandardAI.lua	1	768	768	32	256	64	960	32	0	384	80	259	30	0	0		1	0	1	
587202879	scripts/ai/StandardAI.lua	1	768	768	32	256	64	0	32	0	384	80	260	0	0	0		1	0	1	
587202880	scripts/ai/StandardAI.lua	1	768	768	32	256	64	0	32	0	384	80	261	0	0	0		1	0	1	
587202881	scripts/ai/StandardAI.lua	1	768	768	32	256	64	0	32	0	384	80	262	0	0	0		1	0	1	
587202882	scripts/ai/StandardAI.lua	1	768	768	32	256	64	0	32	0	384	80	263	0	0	0		1	0	1	
587202883	scripts/ai/StandardAI.lua	1	768	768	32	256	64	0	32	0	384	80	264	0	0	0		1	0	1	
587202884	scripts/ai/StandardAI.lua	1	768	768	32	256	64	0	32	0	384	80	265	0	0	0		1	0	1	
587202885	scripts/ai/StandardAI.lua	1	768	768	32	256	64	0	32	0	384	80	267	0	0	0		1	0	1	
587202886	scripts/ai/StandardAI.lua	1	768	768	32	256	64	0	32	0	384	80	268	0	2	0		1	0	1	
587202887	scripts/ai/StandardAI.lua	1	768	768	32	256	64	0	32	0	384	80	268	0	1	0		1	0	1	
587202888	scripts/ai/StandardAI.lua	1	768	768	32	256	64	0	32	0	384	80	269	0	0	0		1	0	1	
587202889	scripts/ai/StandardAI.lua	1	768	768	32	256	64	0	32	0	384	80	270	0	0	0		1	0	1	
587202890	scripts/ai/StandardAI.lua	1	768	768	32	256	64	0	32	0	384	80	271	0	0	0		1	0	1	
587202891	scripts/ai/StandardAI.lua	1	768	768	32	256	64	0	32	0	384	80	272	0	0	0		1	0	1	
587202892	scripts/ai/StandardAI.lua	1	768	768	32	256	64	960	32	0	384	80	273	30	0	0		1	0	1	
587202893	scripts/ai/StandardAI.lua	1	768	768	32	256	64	0	32	0	384	80	274	0	0	0		1	0	1	
587202894	scripts/ai/StandardAI.lua	1	768	768	32	256	64	960	32	0	384	80	275	30	0	0		1	0	1	
587202895	scripts/ai/StandardAI.lua	1	768	768	32	256	64	960	32	0	384	80	276	30	0	0		1	0	1	
587202896	scripts/ai/StandardAI.lua	1	768	768	32	256	64	0	32	0	384	80	277	0	0	0		1	0	1	
587202897	scripts/ai/StandardAI.lua	1	768	768	32	256	64	960	32	0	384	80	278	30	0	0		1	0	1	
587202898	scripts/ai/StandardAI.lua	1	768	768	32	256	64	960	32	0	384	80	279	30	0	0		1	0	1	
587202899	scripts/ai/StandardAI.lua	1	768	768	32	256	64	960	32	0	384	80	280	30	0	0		1	0	1	
587202900	scripts/ai/StandardAI.lua	1	768	768	32	256	64	0	32	0	384	80	281	0	0	0		1	0	1	
587202901	scripts/ai/StandardAI.lua	1	768	768	32	256	64	960	32	0	384	80	282	30	0	0		1	0	1	
587202902	scripts/ai/StandardAI.lua	1	768	768	32	256	64	0	32	0	384	80	283	0	0	0		1	0	1	
587202903	scripts/ai/StandardAI.lua	1	768	768	32	256	64	960	32	0	384	80	284	30	0	0		1	0	1	
587202904	scripts/ai/StandardAI.lua	1	768	768	32	256	64	0	32	0	384	80	285	0	0	0		1	0	1	
587202905	scripts/ai/StandardAI.lua	0	768	768	32	256	64	960	32	0	128	80	0	30	0	0		1	0	0	
587202906	scripts/ai/StandardAI.lua	1	768	768	32	256	64	0	32	0	384	80	286	0	0	0		1	0	1	
587202907	scripts/ai/StandardAI.lua	1	768	768	32	256	64	0	32	0	384	80	287	0	0	0		1	0	1	
587202908	scripts/ai/StandardAI.lua	1	768	768	32	256	64	0	32	0	384	80	288	0	0	0		1	0	1	
587202909	scripts/ai/StandardAI.lua	1	768	768	32	256	64	0	32	0	384	80	289	0	2	0		1	0	1	
587202910	scripts/ai/StandardAI.lua	1	768	768	32	256	64	0	32	0	384	80	289	0	1	0		1	0	1	
587202911	scripts/ai/StandardAI.lua	1	768	768	32	256	64	0	32	0	384	80	290	0	2	0		1	0	1	
587202912	scripts/ai/StandardAI.lua	1	768	768	32	256	64	0	32	0	384	80	290	0	1	0		1	0	1	
587202913	scripts/ai/StandardAI.lua	1	768	768	32	256	64	0	32	0	384	80	291	0	2	0		1	0	1	
587202914	scripts/ai/StandardAI.lua	1	768	768	32	256	64	0	32	0	384	80	291	0	1	0		1	0	1	
587202915	scripts/ai/StandardAI.lua	1	768	768	32	256	64	0	32	0	384	80	292	0	0	0		1	0	0	
587202916	scripts/ai/StandardAI.lua	1	768	768	32	256	64	0	32	0	384	80	293	0	2	0		1	0	0	
587202917	scripts/ai/StandardAI.lua	1	768	768	32	256	64	0	32	0	384	80	293	0	1	0		1	0	0	
587202918	scripts/ai/StandardAI.lua	1	768	768	32	256	64	0	32	0	384	80	294	0	2	0		1	0	0	
587202919	scripts/ai/StandardAI.lua	1	768	768	32	256	64	0	32	0	384	80	295	0	1	0		1	0	0	
587202920	scripts/ai/StandardAI.lua	1	768	768	32	256	64	0	32	0	384	80	295	0	2	0		1	0	0	
587202921	scripts/ai/StandardAI.lua	1	768	768	32	256	64	0	32	0	384	80	297	0	1	0		1	0	0	
587202922	scripts/ai/StandardAI.lua	1	768	768	32	256	64	0	32	0	384	80	296	0	2	0		1	0	0	
587202923	scripts/ai/StandardAI.lua	1	768	768	32	256	64	0	32	0	384	80	302	0	0	0		1	0	1	
587202924	scripts/ai/StandardAI.lua	0	768	768	32	256	64	0	32	0	384	80	305	0	1	0		1	0	0	
587202925	scripts/ai/StandardAI.lua	0	768	768	32	256	64	0	32	0	384	80	305	0	2	0		1	0	0	
587202926	scripts/ai/StandardAI.lua	1	768	768	32	256	64	0	32	0	384	80	308	0	0	0		1	0	1	
587202927	scripts/ai/StandardAI.lua	1	768	768	32	256	64	0	32	0	384	80	309	0	0	0		1	0	1	
587202928	scripts/ai/StandardAI.lua	1	768	768	32	256	64	0	32	0	384	80	316	0	0	0		1	0	1	
587202929	scripts/ai/StandardAI.lua	1	768	768	32	256	64	0	32	0	384	80	320	0	0	0		1	0	1	
587202930	scripts/ai/StandardAI.lua	1	768	768	32	256	64	0	32	0	384	80	321	0	0	0		1	0	1	
587202931	scripts/ai/StandardAI.lua	1	768	768	32	256	64	0	32	0	384	80	322	0	0	0		1	0	1	
587202932	scripts/ai/StandardAI.lua	1	768	768	32	256	64	0	32	0	384	80	323	0	0	0		1	0	1	
587202933	scripts/ai/StandardAI.lua	1	768	768	32	256	64	0	32	0	384	80	324	0	0	0		1	0	1	
587202934	scripts/ai/StandardAI.lua	1	768	768	32	256	64	0	32	0	384	80	325	0	0	0		1	0	1	
587202935	scripts/ai/StandardAI.lua	1	768	768	32	256	64	0	32	0	384	80	326	0	0	0		1	0	1	
587202936	scripts/ai/StandardAI.lua	1	768	768	32	256	64	0	32	0	384	80	327	0	0	0		1	0	1	
587202937	scripts/ai/StandardAI.lua	1	768	768	32	256	64	0	32	0	384	80	328	0	0	0		1	0	1	
587202938	scripts/ai/StandardAI.lua	1	768	768	32	256	64	0	32	0	384	80	329	0	0	0		1	0	1	
587202939	scripts/ai/StandardAI.lua	1	768	768	32	256	64	0	32	0	384	80	330	0	0	0		1	0	1	
587202940	scripts/ai/StandardAI.lua	1	768	768	32	256	64	0	32	0	384	80	331	0	0	0		1	0	1	
587202941	scripts/ai/StandardAI.lua	1	768	768	32	256	64	0	32	0	384	80	332	0	0	0		1	0	1	
587202942	scripts/ai/StandardAI.lua	1	768	768	32	256	64	0	32	0	384	80	333	0	0	0		1	0	1	
587202943	scripts/ai/StandardAI.lua	1	768	768	32	256	64	0	32	0	384	80	334	0	0	0		1	0	1	
587202944	scripts/ai/StandardAI.lua	1	768	768	32	256	64	0	32	0	384	80	335	0	0	0		1	0	1	
587202945	scripts/ai/StandardAI.lua	1	768	768	32	256	64	0	32	0	384	80	352	0	1	0		1	0	1	
587202946	scripts/ai/StandardAI.lua	1	768	768	32	256	64	0	32	0	384	80	352	0	2	0		1	0	1	
587202947	scripts/ai/StandardAI.lua	1	768	768	32	256	64	0	32	0	384	80	352	0	3	0		1	0	1	
587202948	scripts/ai/StandardAI.lua	1	768	768	32	256	64	0	32	0	384	80	353	0	1	0		1	0	1	
587202949	scripts/ai/StandardAI.lua	1	768	768	32	256	64	0	32	0	384	80	353	0	3	0		1	0	1	
587202950	scripts/ai/StandardAI.lua	1	768	768	32	256	64	0	32	0	384	80	353	0	2	0		1	0	1	
587202951	scripts/ai/StandardAI.lua	0	768	768	32	256	64	960	32	512	384	80	355	30	1	0		1	0	0	
587202952	scripts/ai/StandardAI.lua	0	768	768	32	256	64	960	32	512	384	80	356	30	1	0		1	0	0	
587202953	scripts/ai/StandardAI.lua	1	768	768	32	256	64	0	32	0	384	80	354	0	1	0		1	0	1	
587202954	scripts/ai/StandardAI.lua	1	540	540	32	256	64	0	32	0	384	80	376	0	0	0		1	0	1	
587202955	scripts/ai/StandardAI.lua	1	768	768	32	256	64	0	32	0	384	80	380	0	1	0		1	0	1	
587202956	scripts/ai/StandardAI.lua	1	540	540	32	256	64	0	32	0	384	80	380	0	2	0		1	0	1	
587202957	scripts/ai/StandardAI.lua	1	540	540	32	256	64	0	32	0	384	80	381	0	2	0		1	0	1	
587202958	scripts/ai/StandardAI.lua	1	768	768	32	256	64	0	32	0	384	80	381	0	1	0		1	0	1	
587202959	scripts/ai/StandardAI.lua	1	540	540	32	256	64	0	32	0	384	80	375	0	2	0		1	0	1	
587202960	scripts/ai/StandardAI.lua	1	768	768	32	256	64	0	32	0	384	80	375	0	1	0		1	0	1	
587202961	scripts/ai/StandardAI.lua	0	768	768	32	256	64	0	32	0	384	80	401	0	1	0		1	0	0	
587202962	scripts/ai/StandardAI.lua	1	540	540	32	256	64	0	32	0	384	80	395	0	1	0		1	0	1	
587202963	scripts/ai/StandardAI.lua	1	540	540	32	256	64	0	32	0	384	80	400	0	1	0		1	0	1	
587202964	scripts/ai/StandardAI.lua	1	540	540	32	256	64	0	32	0	384	80	378	0	2	0		1	0	1	
587202965	scripts/ai/StandardAI.lua	1	540	540	32	256	64	0	32	0	384	80	377	0	1	0		1	0	1	
587202966	scripts/ai/StandardAI.lua	1	540	540	32	256	64	0	32	0	384	80	379	0	3	0		1	0	1	
587202967	scripts/ai/StandardAI.lua	1	540	540	32	256	64	0	32	0	384	80	382	0	2	0		1	0	1	
587202968	scripts/ai/StandardAI.lua	1	768	768	32	256	64	0	32	0	384	80	382	0	1	0		1	0	1	
587202969	scripts/ai/StandardAI.lua	1	540	540	32	256	64	0	32	0	384	80	384	0	2	0		1	0	1	
587202970	scripts/ai/StandardAI.lua	1	768	768	32	256	64	0	32	0	384	80	384	0	1	0		1	0	1	
587202971	scripts/ai/StandardAI.lua	1	540	540	32	256	64	0	32	0	384	80	383	0	2	0		1	0	1	
587202972	scripts/ai/StandardAI.lua	1	768	768	32	256	64	0	32	0	384	80	383	0	1	0		1	0	1	
587202973	scripts/ai/StandardAI.lua	1	768	768	32	256	64	0	32	0	384	80	374	0	1	0		1	0	1	
587202974	scripts/ai/StandardAI.lua	1	540	540	32	256	64	0	32	0	384	80	374	0	2	0		1	0	1	
587202975	scripts/ai/StandardAI.lua	1	256	300	0	256	64	0	32	0	384	80	394	0	1	0		1	0	1	
587202976	scripts/ai/StandardAI.lua	1	200	200	0	256	64	0	32	0	384	80	392	0	1	0		1	0	1	
587202977	scripts/ai/StandardAI.lua	1	256	300	0	256	64	0	32	0	384	80	391	0	1	0		1	0	1	
587202978	scripts/ai/StandardAI.lua	1	200	200	0	256	64	0	32	0	384	80	388	0	1	0		1	0	1	
587202979	scripts/ai/StandardAI.lua	1	200	200	0	256	64	0	32	0	384	80	393	0	1	0		1	0	1	
587202980	scripts/ai/StandardAI.lua	1	200	200	0	256	64	0	32	0	384	80	387	0	1	0		1	0	1	
587202981	scripts/ai/StandardAI.lua	1	200	200	0	300	64	0	32	0	384	80	385	0	1	0		1	0	1	
587202982	scripts/ai/StandardAI.lua	1	200	200	0	300	64	0	32	0	384	80	389	0	1	0		1	0	1	
587202983	scripts/ai/StandardAI.lua	1	200	200	0	300	64	0	32	0	384	80	386	0	1	0		1	0	1	
587202984	scripts/ai/StandardAI.lua	1	200	200	0	300	64	0	32	0	384	80	390	0	1	0		1	0	1	
587202985	scripts/ai/StandardAI.lua	1	540	540	32	256	64	0	32	0	384	80	399	0	1	0		1	0	1	
587202986	scripts/ai/StandardAI.lua	1	540	540	32	256	64	0	32	0	384	80	398	0	1	0		1	0	1	
587202987	scripts/ai/StandardAI.lua	1	540	540	32	256	64	0	32	0	384	80	397	0	1	0		1	0	1	
587202988	scripts/ai/StandardAI.lua	1	540	540	32	256	64	0	32	0	384	80	403	0	1	0		1	0	1	
587202989	scripts/ai/StandardAI.lua	1	540	540	32	256	64	0	32	0	384	80	404	0	0	0		1	0	1	
587202990	scripts/ai/StandardAI.lua	1	768	768	32	256	64	0	32	0	384	80	405	0	0	0		1	0	1	
587202991	scripts/ai/StandardAI.lua	1	540	540	32	256	64	0	32	0	384	80	405	0	0	0		1	0	1	
587202992	scripts/ai/StandardAI.lua	0	768	768	32	256	64	0	32	0	384	80	402	0	0	0		1	0	0	
587202993	scripts/ai/StandardAI.lua	1	540	540	32	256	64	0	32	0	384	80	396	0	1	0		1	0	1	
587202994	scripts/ai/StandardAI.lua	1	768	768	32	256	64	0	32	0	384	80	408	0	3	0		1	0	1	
587202995	scripts/ai/StandardAI.lua	1	768	768	32	256	64	0	32	0	384	80	408	0	2	0		1	0	1	
587202996	scripts/ai/StandardAI.lua	1	768	768	32	256	64	0	32	0	384	80	408	0	1	0		1	0	1	
587202997	scripts/ai/StandardAI.lua	1	768	768	32	256	64	0	32	0	384	80	406	0	3	0		1	0	1	
587202998	scripts/ai/StandardAI.lua	1	768	768	32	256	64	0	32	0	384	80	406	0	2	0		1	0	1	
587202999	scripts/ai/StandardAI.lua	1	768	768	32	256	64	0	32	0	384	80	406	0	1	0		1	0	1	
587203000	scripts/ai/StandardAI.lua	1	768	768	32	256	64	0	32	0	384	80	407	0	1	0		1	0	1	
587203001	scripts/ai/StandardAI.lua	1	768	768	32	256	64	0	32	0	384	80	407	0	2	0		1	0	1	
587203002	scripts/ai/StandardAI.lua	1	768	768	32	256	64	0	32	0	384	80	407	0	3	0		1	0	1	
587203003	scripts/ai/StandardAI.lua	1	768	768	32	256	64	0	32	0	384	80	409	0	1	0		1	0	1	
587203004	scripts/ai/StandardAI.lua	1	768	768	32	256	64	0	32	0	384	80	409	0	3	0		1	0	1	
587203005	scripts/ai/StandardAI.lua	1	768	768	32	256	64	0	32	0	384	80	409	0	2	0		1	0	1	
587203006	scripts/ai/StandardAI.lua	1	768	768	32	256	64	0	32	0	384	80	410	0	1	0		1	0	1	
587203007	scripts/ai/StandardAI.lua	1	768	768	32	256	64	0	32	0	384	80	410	0	3	0		1	0	1	
587203008	scripts/ai/StandardAI.lua	1	768	768	32	256	64	0	32	0	384	80	410	0	2	0		1	0	1	
587203009	scripts/ai/StandardAI.lua	1	768	768	32	256	64	0	32	0	384	80	411	0	1	0		1	0	1	
587203010	scripts/ai/StandardAI.lua	1	768	768	32	256	64	0	32	0	384	80	411	0	3	0		1	0	1	
587203011	scripts/ai/StandardAI.lua	1	768	768	32	256	64	0	32	0	384	80	411	0	2	0		1	0	1	
587203012	scripts/ai/StandardAI.lua	1	768	768	32	256	64	0	32	0	384	80	412	0	1	0		1	0	1	
587203013	scripts/ai/StandardAI.lua	1	768	768	32	256	64	0	32	0	384	80	413	0	1	0		1	0	1	
587203014	scripts/ai/StandardAI.lua	1	768	768	32	256	64	0	32	0	384	80	414	0	1	0		1	0	1	
587203015	scripts/ai/StandardAI.lua	1	768	768	32	256	64	0	32	0	384	80	414	0	3	0		1	0	1	
587203016	scripts/ai/StandardAI.lua	1	768	768	32	256	64	0	32	0	384	80	414	0	2	0		1	0	1	
587203017	scripts/ai/StandardAI.lua	1	768	768	32	256	64	0	32	0	384	80	419	0	1	0		1	0	1	
587203018	scripts/ai/StandardAI.lua	1	768	768	32	256	64	0	32	0	384	80	419	0	2	0		1	0	1	
587203019	scripts/ai/StandardAI.lua	1	768	768	32	256	64	0	32	0	384	80	419	0	3	0		1	0	1	
587203020	scripts/ai/StandardAI.lua	1	768	768	32	256	64	0	32	0	384	80	415	0	1	0		1	0	1	
587203021	scripts/ai/StandardAI.lua	1	768	768	32	256	64	0	32	0	384	80	415	0	3	0		1	0	1	
587203022	scripts/ai/StandardAI.lua	1	768	768	32	256	64	0	32	0	384	80	415	0	2	0		1	0	1	
587203023	scripts/ai/StandardAI.lua	1	768	768	32	256	64	0	32	0	384	80	422	0	1	0		1	0	1	
587203024	scripts/ai/StandardAI.lua	1	768	768	32	256	64	0	32	0	384	80	422	0	3	0		1	0	1	
587203025	scripts/ai/StandardAI.lua	1	768	768	32	256	64	0	32	0	384	80	422	0	2	0		1	0	1	
587203026	scripts/ai/StandardAI.lua	1	768	768	32	256	64	0	32	0	384	80	416	0	1	0		1	0	1	
587203027	scripts/ai/StandardAI.lua	1	768	768	32	256	64	0	32	0	384	80	417	0	1	0		1	0	1	
587203028	scripts/ai/StandardAI.lua	1	768	768	32	256	64	0	32	0	384	80	418	0	1	0		1	0	1	
587203029	scripts/ai/StandardAI.lua	1	768	768	32	256	64	0	32	0	384	80	420	0	3	0		1	0	1	
587203030	scripts/ai/StandardAI.lua	1	768	768	32	256	64	0	32	0	384	80	420	0	2	0		1	0	1	
587203031	scripts/ai/StandardAI.lua	1	768	768	32	256	64	0	32	0	384	80	420	0	1	0		1	0	1	
587203032	scripts/ai/StandardAI.lua	1	768	768	32	256	64	0	32	0	384	80	421	0	1	0		1	0	1	
587203033	scripts/ai/StandardAI.lua	1	768	768	32	256	64	0	32	0	384	80	421	0	2	0		1	0	1	
587203034	scripts/ai/StandardAI.lua	1	768	768	32	256	64	0	32	0	384	80	421	0	3	0		1	0	1	
587203035	scripts/ai/StandardAI.lua	1	768	768	32	256	64	0	32	0	384	80	423	0	1	0		1	0	1	
587203036	scripts/ai/StandardAI.lua	1	768	768	32	256	64	0	32	0	384	80	423	0	2	0		1	0	1	
587203037	scripts/ai/StandardAI.lua	1	768	768	32	256	64	0	32	0	384	80	423	0	3	0		1	0	1	
587203038	scripts/ai/StandardAI.lua	1	768	768	32	256	64	0	32	0	384	80	424	0	3	0		1	0	1	
587203039	scripts/ai/StandardAI.lua	1	768	768	32	256	64	0	32	0	384	80	424	0	1	0		1	0	1	
587203040	scripts/ai/StandardAI.lua	1	768	768	32	256	64	0	32	0	384	80	424	0	2	0		1	0	1	
587203041	scripts/ai/StandardAI.lua	1	768	768	32	256	64	0	32	0	384	80	425	0	1	0		1	0	1	
587203042	scripts/ai/StandardAI.lua	1	768	768	32	256	64	0	32	0	384	80	425	0	3	0		1	0	1	
587203043	scripts/ai/StandardAI.lua	1	768	768	32	256	64	0	32	0	384	80	425	0	2	0		1	0	1	
587203044	scripts/ai/StandardAI.lua	1	768	768	32	256	64	0	32	0	384	80	426	0	1	0		1	0	1	
587203045	scripts/ai/StandardAI.lua	1	768	768	32	256	64	0	32	0	384	80	426	0	2	0		1	0	1	
587203046	scripts/ai/StandardAI.lua	1	768	768	32	256	64	0	32	0	384	80	426	0	3	0		1	0	1	
587203047	scripts/ai/StandardAI.lua	1	768	768	32	256	64	0	32	0	384	80	427	0	1	0		1	0	1	
587203048	scripts/ai/StandardAI.lua	1	768	768	32	256	64	0	32	0	384	80	427	0	3	0		1	0	1	
587203049	scripts/ai/StandardAI.lua	1	768	768	32	256	64	0	32	0	384	80	427	0	2	0		1	0	1	
587203050	scripts/ai/StandardAI.lua	1	768	768	32	256	64	0	32	0	384	80	429	0	1	0		1	0	1	
587203051	scripts/ai/StandardAI.lua	1	768	768	32	256	64	0	32	0	384	80	429	0	2	0		1	0	1	
587203052	scripts/ai/StandardAI.lua	1	768	768	32	256	64	0	32	0	384	80	429	0	3	0		1	0	1	
587203053	scripts/ai/StandardAI.lua	1	768	768	32	256	64	0	32	0	384	80	428	0	1	0		1	0	1	
587203054	scripts/ai/StandardAI.lua	1	768	768	32	256	64	0	32	0	384	80	428	0	2	0		1	0	1	
587203055	scripts/ai/StandardAI.lua	1	768	768	32	256	64	0	32	0	384	80	428	0	3	0		1	0	1	
587203056	scripts/ai/StandardAI.lua	1	768	768	32	256	64	0	32	0	384	80	430	0	2	0		1	0	1	
587203057	scripts/ai/StandardAI.lua	1	768	768	32	256	64	0	32	0	384	80	430	0	3	0		1	0	1	
587203058	scripts/ai/StandardAI.lua	1	768	768	32	256	64	0	32	0	384	80	430	0	1	0		1	0	1	
587203059	scripts/ai/StandardAI.lua	1	768	768	32	256	64	0	32	0	384	80	431	0	1	0		1	0	1	
587203060	scripts/ai/StandardAI.lua	1	768	768	32	256	64	0	32	0	384	80	431	0	2	0		1	0	1	
587203061	scripts/ai/StandardAI.lua	1	768	768	32	256	64	0	32	0	384	80	431	0	3	0		1	0	1	
587203062	scripts/ai/StandardAI.lua	1	768	768	32	256	64	0	32	0	384	80	432	0	1	0		1	0	1	
587203063	scripts/ai/StandardAI.lua	1	768	768	32	256	64	0	32	0	384	80	432	0	3	0		1	0	1	
587203064	scripts/ai/StandardAI.lua	1	768	768	32	256	64	0	32	0	384	80	432	0	2	0		1	0	1	
587203065	scripts/ai/StandardAI.lua	1	768	768	32	256	64	0	32	0	384	80	433	0	1	0		1	0	1	
587203066	scripts/ai/StandardAI.lua	1	768	768	32	256	64	0	32	0	384	80	433	0	2	0		1	0	1	
587203067	scripts/ai/StandardAI.lua	1	768	768	32	256	64	0	32	0	384	80	433	0	3	0		1	0	1	
587203068	scripts/ai/StandardAI.lua	1	768	768	32	256	64	0	32	0	384	80	434	0	1	0		1	0	1	
587203069	scripts/ai/StandardAI.lua	1	768	768	32	256	64	0	32	0	384	80	434	0	3	0		1	0	1	
587203070	scripts/ai/StandardAI.lua	1	768	768	32	256	64	0	32	0	384	80	434	0	2	0		1	0	1	
587203071	scripts/ai/StandardAI.lua	1	768	768	32	256	64	0	32	0	384	80	444	0	1	0		1	0	1	
587203072	scripts/ai/StandardAI.lua	1	768	768	32	256	64	0	32	0	384	80	445	0	1	0		1	0	1	
587203073	scripts/ai/StandardAI.lua	1	768	768	32	256	64	0	32	0	384	80	435	0	1	0		1	0	1	
587203074	scripts/ai/StandardAI.lua	1	768	768	32	256	64	0	32	0	384	80	435	0	3	0		1	0	1	
587203075	scripts/ai/StandardAI.lua	1	768	768	32	256	64	0	32	0	384	80	435	0	2	0		1	0	1	
587203076	scripts/ai/StandardAI.lua	1	768	768	32	256	64	0	32	0	384	80	436	0	1	0		1	0	1	
587203077	scripts/ai/StandardAI.lua	1	768	768	32	256	64	0	32	0	384	80	436	0	3	0		1	0	1	
587203078	scripts/ai/StandardAI.lua	1	768	768	32	256	64	0	32	0	384	80	436	0	2	0		1	0	1	
587203079	scripts/ai/StandardAI.lua	1	768	768	32	256	64	0	32	0	384	80	437	0	1	0		1	0	1	
587203080	scripts/ai/StandardAI.lua	1	768	768	32	256	64	0	32	0	384	80	437	0	2	0		1	0	1	
587203081	scripts/ai/StandardAI.lua	1	768	768	32	256	64	0	32	0	384	80	437	0	3	0		1	0	1	
587203082	scripts/ai/StandardAI.lua	1	768	768	32	256	64	0	32	0	384	80	438	0	1	0		1	0	1	
587203083	scripts/ai/StandardAI.lua	1	768	768	32	256	64	0	32	0	384	80	438	0	2	0		1	0	1	
587203084	scripts/ai/StandardAI.lua	1	768	768	32	256	64	0	32	0	384	80	438	0	3	0		1	0	1	
587203085	scripts/ai/StandardAI.lua	1	768	768	32	256	64	0	32	0	384	80	439	0	1	0		1	0	1	
587203086	scripts/ai/StandardAI.lua	1	768	768	32	256	64	0	32	0	384	80	439	0	2	0		1	0	1	
587203087	scripts/ai/StandardAI.lua	1	768	768	32	256	64	0	32	0	384	80	439	0	3	0		1	0	1	
587203088	scripts/ai/StandardAI.lua	1	768	768	32	256	64	0	32	0	384	80	440	0	1	0		1	0	1	
587203089	scripts/ai/StandardAI.lua	1	768	768	32	256	64	0	32	0	384	80	440	0	2	0		1	0	1	
587203090	scripts/ai/StandardAI.lua	1	768	768	32	256	64	0	32	0	384	80	440	0	3	0		1	0	1	
587203091	scripts/ai/StandardAI.lua	1	768	768	32	256	64	0	32	0	384	80	441	0	1	0		1	0	1	
587203092	scripts/ai/StandardAI.lua	1	768	768	32	256	64	0	32	0	384	80	441	0	3	0		1	0	1	
587203093	scripts/ai/StandardAI.lua	1	768	768	32	256	64	0	32	0	384	80	441	0	2	0		1	0	1	
587203094	scripts/ai/StandardAI.lua	1	768	768	32	256	64	0	32	0	384	80	442	0	1	0		1	0	1	
587203095	scripts/ai/StandardAI.lua	1	768	768	32	256	64	0	32	0	384	80	442	0	2	0		1	0	1	
587203096	scripts/ai/StandardAI.lua	1	768	768	32	256	64	0	32	0	384	80	442	0	3	0		1	0	1	
587203097	scripts/ai/StandardAI.lua	1	768	768	32	256	64	0	32	0	384	80	443	0	2	0		1	0	1	
587203098	scripts/ai/StandardAI.lua	1	768	768	32	256	64	0	32	0	384	80	443	0	3	0		1	0	1	
