AIType	ScriptFile	IsPositive	AlertRange	SearchPlayerDistance	AlertOverTime	AttackRange	EscapeTime	EscapeRange	EscapeInterval	WanderRange	WanderDistance	WanderInterval	PatrolPathID	EscapeLife	PatrolOrderIndex	ReviveTeammate	CustomArguments	IsAutoTurn	NpcSceneType	IsSnarlInFight	DialogIdleTime
-1040187391	scripts/ai/StandardAI.lua	0	768	768	32	256	64	0	32	0	384	80	2	0	2	0		1	0	0	
-1040187390	scripts/ai/StandardAI.lua	0	768	768	32	256	64	0	32	0	384	80	2	0	1	0		1	0	0	
-1040187389	scripts/ai/StandardAI.lua	0	768	768	32	256	64	0	32	0	384	80	14	0	1	0		1	0	0	
-1040187388	scripts/ai/StandardAI.lua	0	768	768	32	256	64	0	32	0	384	80	18	0	0	0		1	0	0	
-1040187387	scripts/ai/StandardAI.lua	0	768	768	32	256	64	0	32	0	384	80	17	0	0	0		1	0	0	
-1040187386	scripts/ai/StandardAI.lua	0	768	768	32	256	64	0	32	0	384	80	19	0	0	0		1	0	0	
-1040187385	scripts/ai/StandardAI.lua	0	768	768	32	256	64	0	32	0	384	80	21	0	0	0		1	0	0	
-1040187384	scripts/ai/StandardAI.lua	0	768	768	32	256	64	0	32	0	384	80	22	0	0	0		1	0	0	
-1040187383	scripts/ai/StandardAI.lua	0	768	768	32	256	64	0	32	0	384	80	34	0	1	0		1	0	0	
-1040187382	scripts/ai/StandardAI.lua	0	768	768	32	256	64	0	32	0	384	80	34	0	2	0		1	0	0	
-1040187381	scripts/ai/StandardAI.lua	0	768	768	32	256	64	0	32	0	384	80	35	0	1	0		1	0	0	
-1040187380	scripts/ai/StandardAI.lua	0	768	768	32	256	64	0	32	0	384	80	35	0	2	0		1	0	0	
-1040187379	scripts/ai/StandardAI.lua	0	768	768	32	256	64	0	32	0	384	80	36	0	1	0		1	0	0	
-1040187378	scripts/ai/StandardAI.lua	0	768	768	32	256	64	0	32	0	384	80	36	0	2	0		1	0	0	
-1040187377	scripts/ai/StandardAI.lua	0	768	768	32	256	64	0	32	0	384	80	37	0	1	0		1	0	0	
-1040187376	scripts/ai/StandardAI.lua	0	768	768	32	256	64	0	32	0	384	80	37	0	2	0		1	0	0	
-1040187375	scripts/ai/StandardAI.lua	0	768	768	32	256	64	0	32	0	384	80	56	0	1	0		1	0	0	
-1040187374	scripts/ai/StandardAI.lua	0	768	768	32	256	64	0	32	0	384	80	56	0	2	0		1	0	0	
-1040187373	scripts/ai/StandardAI.lua	0	768	768	32	256	64	0	32	0	384	80	57	0	2	0		1	0	0	
-1040187372	scripts/ai/StandardAI.lua	0	768	768	32	256	64	0	32	0	384	80	57	0	1	0		1	0	0	
-1040187371	scripts/ai/StandardAI.lua	0	768	768	32	256	64	0	32	0	384	80	58	0	2	0		1	0	0	
-1040187370	scripts/ai/StandardAI.lua	0	768	768	32	256	64	0	32	0	384	80	58	0	1	0		1	0	0	
-1040187369	scripts/ai/StandardAI.lua	0	768	768	32	256	64	0	32	0	384	80	381	0	3	0		1	0	0	
-1040187368	scripts/ai/StandardAI.lua	0	768	768	32	256	64	0	32	0	384	80	381	0	1	0		1	0	0	
-1040187367	scripts/ai/StandardAI.lua	0	768	768	32	256	64	0	32	0	384	80	381	0	2	0		1	0	0	
-1040187366	scripts/ai/StandardAI.lua	0	768	768	32	256	64	0	32	0	384	80	146	0	1	0		1	0	0	
-1040187365	scripts/ai/StandardAI.lua	0	768	768	32	256	64	0	32	0	384	80	383	0	0	0		1	0	0	
-1040187364	scripts/ai/StandardAI.lua	0	768	768	32	256	64	0	32	0	384	80	382	0	0	0		1	0	0	
-1040187363	scripts/ai/StandardAI.lua	1	768	768	32	256	64	0	32	0	384	80	476	0	0	0		1	0	1	
-1040187362	scripts/ai/StandardAI.lua	1	768	768	32	256	64	0	32	0	384	80	154	0	2	0		1	0	1	
-1040187361	scripts/ai/StandardAI.lua	0	768	768	32	256	64	0	32	0	384	80	88	0	0	0		1	0	0	
-1040187360	scripts/ai/StandardAI.lua	0	768	768	32	256	64	0	32	0	384	80	89	0	0	0		1	0	0	
-1040187359	scripts/ai/StandardAI.lua	0	768	768	32	256	64	0	32	0	384	80	90	0	1	0		1	0	0	
-1040187358	scripts/ai/StandardAI.lua	0	768	768	32	256	64	0	32	0	384	80	90	0	2	0		1	0	0	
-1040187357	scripts/ai/StandardAI.lua	0	768	768	32	256	64	0	32	0	384	80	90	0	3	0		1	0	0	
-1040187356	scripts/ai/StandardAI.lua	0	768	768	32	256	64	0	32	0	384	80	91	0	0	0		1	0	0	
-1040187355	scripts/ai/StandardAI.lua	0	768	768	32	256	64	0	32	0	384	80	92	0	1	0		1	0	0	
-1040187354	scripts/ai/StandardAI.lua	0	768	768	32	256	64	0	32	0	384	80	92	0	2	0		1	0	0	
-1040187353	scripts/ai/StandardAI.lua	0	768	768	32	256	64	0	32	0	384	80	92	0	3	0		1	0	0	
-1040187352	scripts/ai/StandardAI.lua	0	768	768	32	256	64	0	32	0	384	80	93	0	1	0		1	0	0	
-1040187351	scripts/ai/StandardAI.lua	0	768	768	32	256	64	0	32	0	384	80	93	0	2	0		1	0	0	
-1040187350	scripts/ai/StandardAI.lua	0	768	768	32	256	64	0	32	0	384	80	93	0	3	0		1	0	0	
-1040187349	scripts/ai/StandardAI.lua	0	768	768	32	256	64	0	32	0	384	80	94	0	1	0		1	0	0	
-1040187348	scripts/ai/StandardAI.lua	0	768	768	32	256	64	0	32	0	384	80	94	0	2	0		1	0	0	
-1040187347	scripts/ai/StandardAI.lua	0	768	768	32	256	64	0	32	0	384	80	94	0	3	0		1	0	0	
-1040187346	scripts/ai/StandardAI.lua	1	768	768	32	256	64	0	32	0	384	80	96	0	0	0		1	0	1	
-1040187345	scripts/ai/StandardAI.lua	1	768	768	32	256	64	0	32	0	384	80	97	0	3	0		1	0	0	
-1040187344	scripts/ai/StandardAI.lua	1	768	768	32	256	64	0	32	0	384	80	97	0	2	0		1	0	0	
-1040187343	scripts/ai/StandardAI.lua	1	768	768	32	256	64	0	32	0	384	80	98	0	3	0		1	0	0	
-1040187342	scripts/ai/StandardAI.lua	1	768	768	32	256	64	0	32	0	384	80	98	0	2	0		1	0	0	
-1040187341	scripts/ai/StandardAI.lua	1	768	768	32	256	64	0	32	0	384	80	99	0	2	0		1	0	0	
-1040187340	scripts/ai/StandardAI.lua	1	768	768	32	256	64	0	32	0	384	80	100	0	3	0		1	0	0	
-1040187339	scripts/ai/StandardAI.lua	1	768	768	32	256	64	0	32	0	384	80	100	0	2	0		1	0	0	
-1040187338	scripts/ai/StandardAI.lua	0	768	768	32	256	64	0	32	0	384	80	103	0	1	0		1	0	0	
-1040187337	scripts/ai/StandardAI.lua	0	768	768	32	256	64	0	32	0	384	80	103	0	2	0		1	0	0	
-1040187336	scripts/ai/StandardAI.lua	0	768	768	32	256	64	0	32	0	384	80	104	0	1	0		1	0	0	
-1040187335	scripts/ai/StandardAI.lua	0	768	768	32	256	64	0	32	0	384	80	104	0	2	0		1	0	0	
-1040187334	scripts/ai/StandardAI.lua	1	768	768	32	256	64	0	32	0	384	80	105	0	1	0		1	0	0	
-1040187333	scripts/ai/StandardAI.lua	1	768	768	32	256	64	0	32	0	384	80	105	0	2	0		1	0	0	
-1040187332	scripts/ai/StandardAI.lua	1	768	768	32	256	64	0	32	0	384	80	105	0	3	0		1	0	0	
-1040187331	scripts/ai/StandardAI.lua	1	768	768	32	256	64	0	32	0	384	80	106	0	1	0		1	0	0	
-1040187330	scripts/ai/StandardAI.lua	1	768	768	32	256	64	0	32	0	384	80	106	0	2	0		1	0	0	
-1040187329	scripts/ai/StandardAI.lua	1	768	768	32	256	64	0	32	0	384	80	106	0	3	0		1	0	0	
-1040187328	scripts/ai/StandardAI.lua	1	768	768	32	256	64	0	32	0	384	80	107	0	3	0		1	0	0	
-1040187327	scripts/ai/StandardAI.lua	1	768	768	32	256	64	0	32	0	384	80	107	0	1	0		1	0	0	
-1040187326	scripts/ai/StandardAI.lua	1	768	768	32	256	64	0	32	0	384	80	107	0	2	0		1	0	0	
-1040187325	scripts/ai/StandardAI.lua	1	768	768	32	256	64	0	32	0	384	80	145	0	1	0		1	0	1	
-1040187324	scripts/ai/StandardAI.lua	0	768	768	32	256	64	0	32	0	384	80	147	0	3	0		1	0	0	
-1040187323	scripts/ai/StandardAI.lua	0	768	768	32	256	64	0	32	0	384	80	147	0	2	0		1	0	0	
-1040187322	scripts/ai/StandardAI.lua	0	768	768	32	256	64	0	32	0	384	80	148	0	3	0		1	0	0	
-1040187321	scripts/ai/StandardAI.lua	0	768	768	32	256	64	0	32	0	384	80	148	0	2	0		1	0	0	
-1040187320	scripts/ai/StandardAI.lua	1	768	768	32	256	64	0	32	0	384	80	151	0	3	0		1	0	1	
-1040187319	scripts/ai/StandardAI.lua	1	768	768	32	256	64	0	32	0	384	80	150	0	3	0		1	0	1	
-1040187318	scripts/ai/StandardAI.lua	1	768	768	32	256	64	0	32	0	384	80	150	0	2	0		1	0	1	
-1040187317	scripts/ai/StandardAI.lua	1	768	768	32	256	64	0	32	0	384	80	149	0	2	0		1	0	1	
-1040187316	scripts/ai/StandardAI.lua	1	768	768	32	256	64	0	32	0	384	80	149	0	1	0		1	0	1	
-1040187315	scripts/ai/StandardAI.lua	1	768	768	32	256	64	0	32	0	384	80	151	0	2	0		1	0	1	
-1040187314	scripts/ai/StandardAI.lua	1	768	768	32	256	64	0	32	0	384	80	153	0	2	0		1	0	1	
-1040187313	scripts/ai/StandardAI.lua	1	768	768	32	256	64	0	32	0	384	80	153	0	3	0		1	0	1	
-1040187312	scripts/ai/StandardAI.lua	1	768	768	32	256	64	0	32	0	384	80	154	0	3	0		1	0	1	
-1040187311	scripts/ai/StandardAI.lua	1	768	768	32	256	64	0	32	0	384	80	155	0	3	0		1	0	1	
-1040187310	scripts/ai/StandardAI.lua	1	768	768	32	256	64	0	32	0	384	80	155	0	2	0		1	0	1	
-1040187309	scripts/ai/StandardAI.lua	0	768	768	32	256	64	0	32	0	384	80	156	0	0	0		1	0	0	
-1040187308	scripts/ai/StandardAI.lua	0	768	768	32	256	64	0	32	0	384	80	157	0	0	0		1	0	0	
-1040187307	scripts/ai/StandardAI.lua	0	768	768	32	256	64	0	32	0	384	80	158	0	0	0		1	0	0	
-1040187306	scripts/ai/StandardAI.lua	0	768	768	32	256	64	0	32	0	384	80	159	0	0	0		1	0	0	
-1040187305	scripts/ai/StandardAI.lua	0	768	768	32	256	64	0	32	0	384	80	160	0	0	0		1	0	0	
-1040187304	scripts/ai/StandardAI.lua	0	768	768	32	256	64	0	32	0	384	80	161	0	0	0		1	0	0	
-1040187303	scripts/ai/StandardAI.lua	0	768	768	32	256	64	0	32	0	384	80	165	0	0	0		1	0	0	
-1040187302	scripts/ai/StandardAI.lua	0	768	768	32	256	64	0	32	0	384	80	166	0	0	0		1	0	0	
-1040187301	scripts/ai/StandardAI.lua	0	768	768	32	256	64	0	32	0	384	80	167	0	0	0		1	0	0	
-1040187300	scripts/ai/StandardAI.lua	0	768	768	32	256	64	0	32	0	384	80	168	0	0	0		1	0	0	
-1040187299	scripts/ai/StandardAI.lua	0	768	768	32	256	64	0	32	0	384	80	0	0	0	0		1	0	0	
-1040187298	scripts/ai/StandardAI.lua	0	768	768	32	256	64	0	32	0	384	80	170	0	0	0		1	0	0	
-1040187297	scripts/ai/StandardAI.lua	0	768	768	32	256	64	0	32	0	384	80	171	0	0	0		1	0	0	
-1040187296	scripts/ai/StandardAI.lua	0	768	768	32	256	64	0	32	0	384	80	172	0	0	0		1	0	0	
-1040187295	scripts/ai/StandardAI.lua	0	768	768	32	256	64	0	32	0	384	80	173	0	0	0		1	0	0	
-1040187294	scripts/ai/StandardAI.lua	1	768	768	32	256	64	0	32	0	384	80	174	0	2	0		1	0	1	
-1040187293	scripts/ai/StandardAI.lua	1	768	768	32	256	64	0	32	0	384	80	174	0	3	0		1	0	1	
-1040187292	scripts/ai/StandardAI.lua	1	768	768	32	256	64	0	32	0	384	80	174	0	1	0		1	0	1	
-1040187291	scripts/ai/StandardAI.lua	1	768	768	32	256	64	0	32	0	384	80	131	0	0	0		1	0	1	
-1040187290	scripts/ai/StandardAI.lua	1	768	768	32	256	64	0	32	0	384	80	130	0	0	0		1	0	1	
-1040187289	scripts/ai/StandardAI.lua	1	768	768	32	256	64	0	32	0	384	80	129	0	0	0		1	0	1	
-1040187288	scripts/ai/StandardAI.lua	1	768	768	32	256	64	0	32	0	384	80	128	0	0	0		1	0	1	
-1040187287	scripts/ai/StandardAI.lua	1	768	768	32	256	64	0	32	0	384	80	124	0	0	0		1	0	1	
-1040187286	scripts/ai/StandardAI.lua	1	768	768	32	256	64	0	32	0	384	80	125	0	0	0		1	0	1	
-1040187285	scripts/ai/StandardAI.lua	1	768	768	32	256	64	0	32	0	384	80	126	0	0	0		1	0	1	
-1040187284	scripts/ai/StandardAI.lua	1	768	768	32	256	64	0	32	0	384	80	127	0	0	0		1	0	1	
-1040187283	scripts/ai/StandardAI.lua	1	768	768	32	256	64	0	32	0	384	80	132	0	0	0		1	0	1	
-1040187282	scripts/ai/StandardAI.lua	1	768	768	32	256	64	0	32	0	384	80	133	0	0	0		1	0	1	
-1040187281	scripts/ai/StandardAI.lua	1	768	768	32	256	64	0	32	0	384	80	175	0	3	0		1	0	1	
-1040187280	scripts/ai/StandardAI.lua	1	768	768	32	256	64	0	32	0	384	80	175	0	2	0		1	0	1	
-1040187279	scripts/ai/StandardAI.lua	1	768	768	32	256	64	0	32	0	384	80	175	0	1	0		1	0	1	
-1040187278	scripts/ai/StandardAI.lua	1	768	768	32	256	64	0	32	0	384	80	176	0	2	0		1	0	1	
-1040187277	scripts/ai/StandardAI.lua	1	768	768	32	256	64	0	32	0	384	80	176	0	3	0		1	0	1	
-1040187276	scripts/ai/StandardAI.lua	1	768	768	32	256	64	0	32	0	384	80	177	0	3	0		1	0	1	
-1040187275	scripts/ai/StandardAI.lua	1	768	768	32	256	64	0	32	0	384	80	177	0	1	0		1	0	1	
-1040187274	scripts/ai/StandardAI.lua	1	768	768	32	256	64	0	32	0	384	80	177	0	2	0		1	0	1	
-1040187273	scripts/ai/StandardAI.lua	1	768	768	32	256	64	0	32	0	384	80	178	0	1	0		1	0	1	
-1040187272	scripts/ai/StandardAI.lua	1	768	768	32	256	64	0	32	0	384	80	178	0	3	0		1	0	1	
-1040187271	scripts/ai/StandardAI.lua	1	768	768	32	256	64	0	32	0	384	80	178	0	2	0		1	0	1	
-1040187270	scripts/ai/StandardAI.lua	1	768	768	32	256	64	0	32	0	384	80	179	0	2	0		1	0	1	
-1040187269	scripts/ai/StandardAI.lua	1	768	768	32	256	64	0	32	0	384	80	179	0	3	0		1	0	1	
-1040187268	scripts/ai/StandardAI.lua	1	768	768	32	256	64	0	32	0	384	80	180	0	1	0		1	0	1	
-1040187267	scripts/ai/StandardAI.lua	1	768	768	32	256	64	0	32	0	384	80	180	0	3	0		1	0	1	
-1040187266	scripts/ai/StandardAI.lua	1	768	768	32	256	64	0	32	0	384	80	180	0	2	0		1	0	1	
-1040187265	scripts/ai/StandardAI.lua	1	768	768	32	256	64	0	32	0	384	80	181	0	3	0		1	0	1	
-1040187264	scripts/ai/StandardAI.lua	1	768	768	32	256	64	0	32	0	384	80	181	0	2	0		1	0	1	
-1040187263	scripts/ai/StandardAI.lua	1	768	768	32	256	64	0	32	0	384	80	182	0	2	0		1	0	1	
-1040187262	scripts/ai/StandardAI.lua	1	768	768	32	256	64	0	32	0	384	80	182	0	3	0		1	0	1	
-1040187261	scripts/ai/StandardAI.lua	1	768	768	32	256	64	0	32	0	384	80	183	0	2	0		1	0	1	
-1040187260	scripts/ai/StandardAI.lua	1	768	768	32	256	64	0	32	0	384	80	184	0	2	0		1	0	1	
-1040187259	scripts/ai/StandardAI.lua	1	768	768	32	256	64	0	32	0	384	80	184	0	3	0		1	0	1	
-1040187258	scripts/ai/StandardAI.lua	1	768	768	32	256	64	0	32	0	384	80	185	0	2	0		1	0	1	
-1040187257	scripts/ai/StandardAI.lua	1	768	768	32	256	64	0	32	0	384	80	185	0	3	0		1	0	1	
-1040187256	scripts/ai/StandardAI.lua	1	768	768	32	256	64	0	32	0	384	80	186	0	3	0		1	0	1	
-1040187255	scripts/ai/StandardAI.lua	1	768	768	32	256	64	0	32	0	384	80	186	0	2	0		1	0	1	
-1040187254	scripts/ai/StandardAI.lua	1	768	768	32	256	64	0	32	0	384	80	187	0	1	0		1	0	1	
-1040187253	scripts/ai/StandardAI.lua	1	768	768	32	256	64	0	32	0	384	80	187	0	2	0		1	0	1	
-1040187252	scripts/ai/StandardAI.lua	1	768	768	32	256	64	0	32	0	384	80	187	0	3	0		1	0	1	
-1040187251	scripts/ai/StandardAI.lua	1	768	768	32	256	64	0	32	0	384	80	188	0	1	0		1	0	1	
-1040187250	scripts/ai/StandardAI.lua	1	768	768	32	256	64	0	32	0	384	80	188	0	2	0		1	0	1	
-1040187249	scripts/ai/StandardAI.lua	1	768	768	32	256	64	0	32	0	384	80	188	0	3	0		1	0	1	
-1040187248	scripts/ai/StandardAI.lua	1	768	768	32	256	64	0	32	0	384	80	189	0	3	0		1	0	1	
-1040187247	scripts/ai/StandardAI.lua	1	768	768	32	256	64	0	32	0	384	80	189	0	1	0		1	0	1	
-1040187246	scripts/ai/StandardAI.lua	1	768	768	32	256	64	0	32	0	384	80	189	0	2	0		1	0	1	
-1040187245	scripts/ai/StandardAI.lua	1	768	768	32	256	64	0	32	0	384	80	190	0	3	0		1	0	1	
-1040187244	scripts/ai/StandardAI.lua	1	768	768	32	256	64	0	32	0	384	80	190	0	2	0		1	0	1	
-1040187243	scripts/ai/StandardAI.lua	1	768	768	32	256	64	0	32	0	384	80	191	0	0	0		1	0	1	
-1040187242	scripts/ai/StandardAI.lua	1	768	768	32	256	64	0	32	0	384	80	192	0	0	0		1	0	1	
-1040187241	scripts/ai/StandardAI.lua	1	768	768	32	256	64	0	32	0	384	80	193	0	3	0		1	0	1	
-1040187240	scripts/ai/StandardAI.lua	1	768	768	32	256	64	0	32	0	384	80	193	0	1	0		1	0	1	
-1040187239	scripts/ai/StandardAI.lua	1	768	768	32	256	64	0	32	0	384	80	193	0	2	0		1	0	1	
-1040187238	scripts/ai/StandardAI.lua	1	768	768	32	256	64	0	32	0	384	80	194	0	3	0		1	0	1	
-1040187237	scripts/ai/StandardAI.lua	1	768	768	32	256	64	0	32	0	384	80	194	0	1	0		1	0	1	
-1040187236	scripts/ai/StandardAI.lua	1	768	768	32	256	64	0	32	0	384	80	194	0	2	0		1	0	1	
-1040187235	scripts/ai/StandardAI.lua	1	768	768	32	256	64	0	32	0	384	80	195	0	1	0		1	0	1	
-1040187234	scripts/ai/StandardAI.lua	1	768	768	32	256	64	0	32	0	384	80	195	0	2	0		1	0	1	
-1040187233	scripts/ai/StandardAI.lua	1	768	768	32	256	64	0	32	0	384	80	195	0	3	0		1	0	1	
-1040187232	scripts/ai/StandardAI.lua	1	768	768	32	256	64	0	32	0	384	80	196	0	3	0		1	0	1	
-1040187231	scripts/ai/StandardAI.lua	1	768	768	32	256	64	0	32	0	384	80	196	0	1	0		1	0	1	
-1040187230	scripts/ai/StandardAI.lua	0	768	768	32	256	64	0	32	0	384	80	197	0	0	0		1	0	0	
-1040187229	scripts/ai/StandardAI.lua	0	768	768	32	256	64	0	32	0	384	80	198	0	0	0		1	0	0	
-1040187228	scripts/ai/StandardAI.lua	1	768	768	32	256	64	0	32	0	384	80	199	0	0	0		1	0	1	
-1040187227	scripts/ai/StandardAI.lua	1	768	768	32	256	64	0	32	0	384	80	200	0	0	0		1	0	1	
-1040187226	scripts/ai/StandardAI.lua	1	768	768	32	256	64	0	32	0	384	80	201	0	0	0		1	0	1	
-1040187225	scripts/ai/StandardAI.lua	1	768	768	32	256	64	0	32	0	384	80	202	0	0	0		1	0	1	
-1040187224	scripts/ai/StandardAI.lua	1	768	768	32	256	64	0	32	0	384	80	203	0	0	0		1	0	1	
-1040187223	scripts/ai/StandardAI.lua	1	768	768	32	256	64	0	32	0	384	80	204	0	0	0		1	0	1	
-1040187222	scripts/ai/StandardAI.lua	1	768	768	32	256	64	0	32	0	384	80	205	0	0	0		1	0	1	
-1040187221	scripts/ai/StandardAI.lua	1	768	768	32	256	64	0	32	0	384	80	206	0	0	0		1	0	1	
-1040187220	scripts/ai/StandardAI.lua	1	768	768	32	256	64	0	32	0	384	80	207	0	0	0		1	0	1	
-1040187219	scripts/ai/StandardAI.lua	1	768	768	32	256	64	0	32	0	384	80	208	0	0	0		1	0	1	
-1040187218	scripts/ai/StandardAI.lua	1	768	768	32	256	64	0	32	0	384	80	209	0	0	0		1	0	1	
-1040187217	scripts/ai/StandardAI.lua	1	768	768	32	256	64	0	32	0	384	80	210	0	0	0		1	0	1	
-1040187216	scripts/ai/StandardAI.lua	1	768	768	32	256	64	0	32	0	384	80	211	0	0	0		1	0	1	
-1040187215	scripts/ai/StandardAI.lua	1	768	768	32	256	64	0	32	0	384	80	212	0	0	0		1	0	1	
-1040187214	scripts/ai/StandardAI.lua	1	768	768	32	256	64	0	32	0	384	80	213	0	0	0		1	0	1	
-1040187213	scripts/ai/StandardAI.lua	1	768	768	32	256	64	0	32	0	384	80	214	0	0	0		1	0	1	
-1040187212	scripts/ai/StandardAI.lua	1	768	768	32	256	64	0	32	0	384	80	215	0	0	0		1	0	1	
-1040187211	scripts/ai/StandardAI.lua	1	768	768	32	256	64	0	32	0	384	80	216	0	0	0		1	0	1	
-1040187210	scripts/ai/StandardAI.lua	1	768	768	32	256	64	0	32	0	384	80	218	0	0	0		1	0	1	
-1040187209	scripts/ai/StandardAI.lua	1	768	768	32	256	64	0	32	0	384	80	219	0	0	0		1	0	1	
-1040187208	scripts/ai/StandardAI.lua	1	768	768	32	256	64	0	32	0	384	80	220	0	0	0		1	0	1	
-1040187207	scripts/ai/StandardAI.lua	1	768	768	32	256	64	0	32	0	384	80	221	0	0	0		1	0	1	
-1040187206	scripts/ai/StandardAI.lua	1	768	768	32	256	64	0	32	0	384	80	222	0	0	0		1	0	1	
-1040187205	scripts/ai/StandardAI.lua	1	768	768	32	256	64	0	32	0	384	80	223	0	0	0		1	0	1	
-1040187204	scripts/ai/StandardAI.lua	1	768	768	32	256	64	0	32	0	384	80	224	0	0	0		1	0	1	
-1040187203	scripts/ai/StandardAI.lua	1	768	768	32	256	64	0	32	0	384	80	225	0	0	0		1	0	1	
-1040187202	scripts/ai/StandardAI.lua	1	768	768	32	256	64	0	32	0	384	80	226	0	0	0		1	0	1	
-1040187201	scripts/ai/StandardAI.lua	1	768	768	32	256	64	0	32	0	384	80	227	0	0	0		1	0	1	
-1040187200	scripts/ai/StandardAI.lua	1	768	768	32	256	64	0	32	0	384	80	228	0	0	0		1	0	1	
-1040187199	scripts/ai/StandardAI.lua	1	768	768	32	256	64	0	32	0	384	80	229	0	0	0		1	0	1	
-1040187198	scripts/ai/StandardAI.lua	1	768	768	32	256	64	0	32	0	384	80	230	0	0	0		1	0	1	
-1040187197	scripts/ai/StandardAI.lua	1	768	768	32	256	64	0	32	0	384	80	231	0	0	0		1	0	1	
-1040187196	scripts/ai/StandardAI.lua	1	768	768	32	256	64	0	32	0	384	80	232	0	0	0		1	0	1	
-1040187195	scripts/ai/StandardAI.lua	1	768	768	32	256	64	0	32	0	384	80	233	0	0	0		1	0	1	
-1040187194	scripts/ai/StandardAI.lua	1	768	768	32	256	64	0	32	0	384	80	234	0	0	0		1	0	1	
-1040187193	scripts/ai/StandardAI.lua	1	768	768	32	256	64	0	32	0	384	80	235	0	0	0		1	0	1	
-1040187192	scripts/ai/StandardAI.lua	1	768	768	32	256	64	0	32	0	384	80	236	0	0	0		1	0	1	
-1040187191	scripts/ai/StandardAI.lua	1	768	768	32	256	64	0	32	0	384	80	237	0	0	0		1	0	1	
-1040187190	scripts/ai/StandardAI.lua	1	768	768	32	256	64	0	32	0	384	80	238	0	0	0		1	0	1	
-1040187189	scripts/ai/StandardAI.lua	1	768	768	32	256	64	0	32	0	384	80	239	0	0	0		1	0	1	
-1040187188	scripts/ai/StandardAI.lua	1	768	768	32	256	64	0	32	0	384	80	240	0	0	0		1	0	1	
-1040187187	scripts/ai/StandardAI.lua	1	768	768	32	256	64	0	32	0	384	80	241	0	0	0		1	0	1	
-1040187186	scripts/ai/StandardAI.lua	1	768	768	32	256	64	0	32	0	384	80	242	0	0	0		1	0	1	
-1040187185	scripts/ai/StandardAI.lua	1	768	768	32	256	64	0	32	0	384	80	243	0	0	0		1	0	1	
-1040187184	scripts/ai/StandardAI.lua	1	768	768	32	256	64	0	32	0	384	80	244	0	0	0		1	0	1	
-1040187183	scripts/ai/StandardAI.lua	1	768	768	32	256	64	0	32	0	384	80	245	0	0	0		1	0	1	
-1040187182	scripts/ai/StandardAI.lua	1	768	768	32	256	64	0	32	0	384	80	246	0	0	0		1	0	1	
-1040187181	scripts/ai/StandardAI.lua	1	768	768	32	256	64	0	32	0	384	80	247	0	0	0		1	0	1	
-1040187180	scripts/ai/StandardAI.lua	1	768	768	32	256	64	0	32	0	384	80	248	0	0	0		1	0	1	
-1040187179	scripts/ai/StandardAI.lua	1	768	768	32	256	64	0	32	0	384	80	249	0	0	0		1	0	1	
-1040187178	scripts/ai/StandardAI.lua	1	768	768	32	256	64	0	32	0	384	80	250	0	0	0		1	0	1	
-1040187177	scripts/ai/StandardAI.lua	1	768	768	32	256	64	0	32	0	384	80	251	0	0	0		1	0	1	
-1040187176	scripts/ai/StandardAI.lua	1	768	768	32	256	64	0	32	0	384	80	252	0	0	0		1	0	1	
-1040187175	scripts/ai/StandardAI.lua	1	768	768	32	256	64	0	32	0	384	80	253	0	0	0		1	0	1	
-1040187174	scripts/ai/StandardAI.lua	1	768	768	32	256	64	0	32	0	384	80	254	0	0	0		1	0	1	
-1040187173	scripts/ai/StandardAI.lua	1	768	768	32	256	64	0	32	0	384	80	255	0	0	0		1	0	1	
-1040187172	scripts/ai/StandardAI.lua	1	768	768	32	256	64	0	32	0	384	80	256	0	0	0		1	0	1	
-1040187171	scripts/ai/StandardAI.lua	1	768	768	32	256	64	0	32	0	384	80	257	0	0	0		1	0	1	
-1040187170	scripts/ai/StandardAI.lua	1	768	768	32	256	64	0	32	0	384	80	258	0	0	0		1	0	1	
-1040187169	scripts/ai/StandardAI.lua	1	768	768	32	256	64	0	32	0	384	80	259	0	0	0		1	0	1	
-1040187168	scripts/ai/StandardAI.lua	1	768	768	32	256	64	0	32	0	384	80	260	0	0	0		1	0	1	
-1040187167	scripts/ai/StandardAI.lua	1	768	768	32	256	64	0	32	0	384	80	261	0	0	0		1	0	1	
-1040187166	scripts/ai/StandardAI.lua	1	768	768	32	256	64	0	32	0	384	80	262	0	0	0		1	0	1	
-1040187165	scripts/ai/StandardAI.lua	1	768	768	32	256	64	0	32	0	384	80	263	0	0	0		1	0	1	
-1040187164	scripts/ai/StandardAI.lua	1	768	768	32	256	64	0	32	0	384	80	264	0	0	0		1	0	1	
-1040187163	scripts/ai/StandardAI.lua	1	768	768	32	256	64	0	32	0	384	80	265	0	0	0		1	0	1	
-1040187162	scripts/ai/StandardAI.lua	1	768	768	32	256	64	0	32	0	384	80	290	0	0	0		1	0	1	
-1040187161	scripts/ai/StandardAI.lua	1	768	768	32	256	64	0	32	0	384	80	291	0	0	0		1	0	1	
-1040187160	scripts/ai/StandardAI.lua	1	768	768	32	256	64	0	32	0	384	80	292	0	0	0		1	0	1	
-1040187159	scripts/ai/StandardAI.lua	1	768	768	32	256	64	0	32	0	384	80	293	0	0	0		1	0	1	
-1040187158	scripts/ai/StandardAI.lua	1	768	768	32	256	64	0	32	0	384	80	294	0	0	0		1	0	1	
-1040187157	scripts/ai/StandardAI.lua	1	768	768	32	256	64	0	32	0	384	80	295	0	0	0		1	0	1	
-1040187156	scripts/ai/StandardAI.lua	1	768	768	32	256	64	0	32	0	384	80	296	0	0	0		1	0	1	
-1040187155	scripts/ai/StandardAI.lua	1	768	768	32	256	64	0	32	0	384	80	297	0	0	0		1	0	1	
-1040187154	scripts/ai/StandardAI.lua	1	768	768	32	256	64	0	32	0	384	80	298	0	0	0		1	0	1	
-1040187153	scripts/ai/StandardAI.lua	1	768	768	32	256	64	0	32	0	384	80	299	0	0	0		1	0	1	
-1040187152	scripts/ai/StandardAI.lua	1	768	768	32	256	64	0	32	0	384	80	300	0	0	0		1	0	1	
-1040187151	scripts/ai/StandardAI.lua	1	768	768	32	256	64	0	32	0	384	80	301	0	0	0		1	0	1	
-1040187150	scripts/ai/StandardAI.lua	1	768	768	32	256	64	0	32	0	384	80	302	0	0	0		1	0	1	
-1040187149	scripts/ai/StandardAI.lua	1	768	768	32	256	64	0	32	0	384	80	303	0	0	0		1	0	1	
-1040187148	scripts/ai/StandardAI.lua	1	768	768	32	256	64	0	32	0	384	80	304	0	0	0		1	0	1	
-1040187147	scripts/ai/StandardAI.lua	1	768	768	32	256	64	0	32	0	384	80	305	0	0	0		1	0	1	
-1040187146	scripts/ai/StandardAI.lua	1	768	768	32	256	64	0	32	0	384	80	306	0	0	0		1	0	1	
-1040187145	scripts/ai/StandardAI.lua	1	768	768	32	256	64	0	32	0	384	80	307	0	0	0		1	0	1	
-1040187144	scripts/ai/StandardAI.lua	1	768	768	32	256	64	0	32	0	384	80	308	0	0	0		1	0	1	
-1040187143	scripts/ai/StandardAI.lua	1	768	768	32	256	64	0	32	0	384	80	309	0	0	0		1	0	1	
-1040187142	scripts/ai/StandardAI.lua	1	768	768	32	256	64	0	32	0	384	80	310	0	0	0		1	0	1	
-1040187141	scripts/ai/StandardAI.lua	1	768	768	32	256	64	0	32	0	384	80	311	0	0	0		1	0	1	
-1040187140	scripts/ai/StandardAI.lua	1	768	768	32	256	64	0	32	0	384	80	312	0	0	0		1	0	1	
-1040187139	scripts/ai/StandardAI.lua	1	768	768	32	256	64	0	32	0	384	80	313	0	0	0		1	0	1	
-1040187138	scripts/ai/StandardAI.lua	1	768	768	32	256	64	0	32	0	384	80	314	0	0	0		1	0	1	
-1040187137	scripts/ai/StandardAI.lua	1	768	768	32	256	64	0	32	0	384	80	315	0	0	0		1	0	1	
-1040187136	scripts/ai/StandardAI.lua	1	768	768	32	256	64	0	32	0	384	80	316	0	0	0		1	0	1	
-1040187135	scripts/ai/StandardAI.lua	1	768	768	32	256	64	0	32	0	384	80	317	0	0	0		1	0	1	
-1040187134	scripts/ai/StandardAI.lua	1	768	768	32	256	64	0	32	0	384	80	318	0	0	0		1	0	1	
-1040187133	scripts/ai/StandardAI.lua	1	768	768	32	256	64	0	32	0	384	80	319	0	0	0		1	0	1	
-1040187132	scripts/ai/StandardAI.lua	1	768	768	32	256	64	0	32	0	384	80	320	0	0	0		1	0	1	
-1040187131	scripts/ai/StandardAI.lua	1	768	768	32	256	64	0	32	0	384	80	322	0	0	0		1	0	1	
-1040187130	scripts/ai/StandardAI.lua	1	768	768	32	256	64	0	32	0	384	80	321	0	0	0		1	0	1	
-1040187129	scripts/ai/StandardAI.lua	1	768	768	32	256	64	0	32	0	384	80	323	0	0	0		1	0	1	
-1040187128	scripts/ai/StandardAI.lua	1	768	768	32	256	64	0	32	0	384	80	324	0	0	0		1	0	1	
-1040187127	scripts/ai/StandardAI.lua	1	768	768	32	256	64	0	32	0	384	80	325	0	0	0		1	0	1	
-1040187126	scripts/ai/StandardAI.lua	1	768	768	32	256	64	0	32	0	384	80	331	0	0	0		1	0	1	
-1040187125	scripts/ai/StandardAI.lua	1	768	768	32	256	64	0	32	0	384	80	326	0	0	0		1	0	1	
-1040187124	scripts/ai/StandardAI.lua	1	768	768	32	256	64	0	32	0	384	80	327	0	0	0		1	0	1	
-1040187123	scripts/ai/StandardAI.lua	1	768	768	32	256	64	0	32	0	384	80	328	0	0	0		1	0	1	
-1040187122	scripts/ai/StandardAI.lua	1	768	768	32	256	64	0	32	0	384	80	329	0	0	0		1	0	1	
-1040187121	scripts/ai/StandardAI.lua	1	768	768	32	256	64	0	32	0	384	80	330	0	0	0		1	0	1	
-1040187120	scripts/ai/StandardAI.lua	1	768	768	32	256	64	0	32	0	384	80	332	0	0	0		1	0	1	
-1040187119	scripts/ai/StandardAI.lua	1	768	768	32	256	64	0	32	0	384	80	334	0	0	0		1	0	1	
-1040187118	scripts/ai/StandardAI.lua	1	768	768	32	256	64	0	32	0	384	80	335	0	0	0		1	0	1	
-1040187117	scripts/ai/StandardAI.lua	1	768	768	32	256	64	0	32	0	384	80	336	0	0	0		1	0	1	
-1040187116	scripts/ai/StandardAI.lua	1	768	768	32	256	64	0	32	0	384	80	337	0	0	0		1	0	1	
-1040187115	scripts/ai/StandardAI.lua	1	768	768	32	256	64	0	32	0	384	80	338	0	0	0		1	0	1	
-1040187114	scripts/ai/StandardAI.lua	1	768	768	32	256	64	0	32	0	384	80	339	0	0	0		1	0	1	
-1040187113	scripts/ai/StandardAI.lua	1	768	768	32	256	64	0	32	0	384	80	340	0	0	0		1	0	1	
-1040187112	scripts/ai/StandardAI.lua	1	768	768	32	256	64	0	32	0	384	80	341	0	0	0		1	0	1	
-1040187111	scripts/ai/StandardAI.lua	1	768	768	32	256	64	0	32	0	384	80	342	0	0	0		1	0	1	
-1040187110	scripts/ai/StandardAI.lua	1	768	768	32	256	64	0	32	0	384	80	343	0	0	0		1	0	1	
-1040187109	scripts/ai/StandardAI.lua	1	768	768	32	256	64	0	32	0	384	80	344	0	0	0		1	0	1	
-1040187108	scripts/ai/StandardAI.lua	1	768	768	32	256	64	0	32	0	384	80	345	0	0	0		1	0	1	
-1040187107	scripts/ai/StandardAI.lua	1	768	768	32	256	64	0	32	0	384	80	346	0	0	0		1	0	1	
-1040187106	scripts/ai/StandardAI.lua	1	768	768	32	256	64	0	32	0	384	80	347	0	0	0		1	0	1	
-1040187105	scripts/ai/StandardAI.lua	1	768	768	32	256	64	0	32	0	384	80	348	0	0	0		1	0	1	
-1040187104	scripts/ai/StandardAI.lua	1	768	768	32	256	64	0	32	0	384	80	349	0	0	0		1	0	1	
-1040187103	scripts/ai/StandardAI.lua	1	768	768	32	256	64	0	32	0	384	80	350	0	0	0		1	0	1	
-1040187102	scripts/ai/StandardAI.lua	1	768	768	32	256	64	0	32	0	384	80	351	0	0	0		1	0	1	
-1040187101	scripts/ai/StandardAI.lua	1	768	768	32	256	64	0	32	0	384	80	352	0	0	0		1	0	1	
-1040187100	scripts/ai/StandardAI.lua	1	768	768	32	256	64	0	32	0	384	80	353	0	0	0		1	0	1	
-1040187099	scripts/ai/StandardAI.lua	1	768	768	32	256	64	0	32	0	384	80	354	0	0	0		1	0	1	
-1040187098	scripts/ai/StandardAI.lua	1	768	768	32	256	64	0	32	0	384	80	355	0	0	0		1	0	1	
-1040187097	scripts/ai/StandardAI.lua	1	768	768	32	256	64	0	32	0	384	80	356	0	0	0		1	0	1	
-1040187096	scripts/ai/StandardAI.lua	1	768	768	32	256	64	0	32	0	384	80	357	0	0	0		1	0	1	
-1040187095	scripts/ai/StandardAI.lua	1	768	768	32	256	64	0	32	0	384	80	358	0	0	0		1	0	1	
-1040187094	scripts/ai/StandardAI.lua	1	768	768	32	256	64	0	32	0	384	80	359	0	0	0		1	0	1	
-1040187093	scripts/ai/StandardAI.lua	1	768	768	32	256	64	0	32	0	384	80	360	0	0	0		1	0	1	
-1040187092	scripts/ai/StandardAI.lua	1	768	768	32	256	64	0	32	0	384	80	361	0	0	0		1	0	1	
-1040187091	scripts/ai/StandardAI.lua	1	768	768	32	256	64	0	32	0	384	80	362	0	0	0		1	0	1	
-1040187090	scripts/ai/StandardAI.lua	1	768	768	32	256	64	0	32	0	384	80	363	0	0	0		1	0	1	
-1040187089	scripts/ai/StandardAI.lua	1	768	768	32	256	64	0	32	0	384	80	364	0	0	0		1	0	1	
-1040187088	scripts/ai/StandardAI.lua	1	768	768	32	256	64	0	32	0	384	80	365	0	0	0		1	0	1	
-1040187087	scripts/ai/StandardAI.lua	1	768	768	32	256	64	0	32	0	384	80	366	0	0	0		1	0	1	
-1040187086	scripts/ai/StandardAI.lua	1	768	768	32	256	64	0	32	0	384	80	367	0	0	0		1	0	1	
-1040187085	scripts/ai/StandardAI.lua	1	768	768	32	256	64	0	32	0	384	80	368	0	0	0		1	0	1	
-1040187084	scripts/ai/StandardAI.lua	1	768	768	32	256	64	0	32	0	384	80	369	0	0	0		1	0	1	
-1040187083	scripts/ai/StandardAI.lua	1	768	768	32	256	64	0	32	0	384	80	370	0	0	0		1	0	1	
-1040187082	scripts/ai/StandardAI.lua	1	768	768	32	256	64	0	32	0	384	80	372	0	0	0		1	0	1	
-1040187081	scripts/ai/StandardAI.lua	1	768	768	32	256	64	0	32	0	384	80	373	0	0	0		1	0	1	
-1040187080	scripts/ai/StandardAI.lua	1	768	768	32	256	64	0	32	0	384	80	374	0	0	0		1	0	1	
-1040187079	scripts/ai/StandardAI.lua	1	768	768	32	256	64	0	32	0	384	80	375	0	0	0		1	0	1	
-1040187078	scripts/ai/StandardAI.lua	1	768	768	32	256	64	0	32	0	384	80	376	0	0	0		1	0	1	
-1040187077	scripts/ai/StandardAI.lua	1	768	768	32	256	64	0	32	0	384	80	144	0	2	0		1	0	1	
-1040187076	scripts/ai/StandardAI.lua	1	768	768	32	256	64	0	32	0	384	80	144	0	6	0		1	0	1	
-1040187075	scripts/ai/StandardAI.lua	1	768	768	32	256	64	0	32	0	384	80	144	0	4	0		1	0	1	
-1040187074	scripts/ai/StandardAI.lua	1	768	768	32	256	64	0	32	0	384	80	144	0	3	0		1	0	1	
-1040187073	scripts/ai/StandardAI.lua	1	768	768	32	256	64	0	32	0	384	80	144	0	5	0		1	0	1	
-1040187072	scripts/ai/StandardAI.lua	0	768	768	32	256	64	0	32	0	384	80	144	0	1	0		1	0	0	
-1040187071	scripts/ai/StandardAI.lua	1	768	768	32	256	64	0	32	0	384	80	143	0	3	0		1	0	1	
-1040187070	scripts/ai/StandardAI.lua	1	768	768	32	256	64	0	32	0	384	80	143	0	2	0		1	0	1	
-1040187069	scripts/ai/StandardAI.lua	1	768	768	32	256	64	0	32	0	384	80	143	0	1	0		1	0	1	
-1040187068	scripts/ai/StandardAI.lua	1	768	768	32	256	64	0	32	0	384	80	142	0	5	0		1	0	1	
-1040187067	scripts/ai/StandardAI.lua	1	768	768	32	256	64	0	32	0	384	80	142	0	2	0		1	0	1	
-1040187066	scripts/ai/StandardAI.lua	1	768	768	32	256	64	0	32	0	384	80	142	0	6	0		1	0	1	
-1040187065	scripts/ai/StandardAI.lua	1	768	768	32	256	64	0	32	0	384	80	142	0	4	0		1	0	1	
-1040187064	scripts/ai/StandardAI.lua	1	768	768	32	256	64	0	32	0	384	80	142	0	3	0		1	0	1	
-1040187063	scripts/ai/StandardAI.lua	0	768	768	32	256	64	0	32	0	384	80	142	0	1	0		1	0	0	
-1040187062	scripts/ai/StandardAI.lua	1	768	768	32	256	64	0	32	0	384	80	377	0	0	0		1	0	1	
-1040187061	scripts/ai/StandardAI.lua	1	768	768	32	256	64	0	32	0	384	80	378	0	0	0		1	0	1	
-1040187060	scripts/ai/StandardAI.lua	1	768	768	32	256	64	0	32	0	384	80	379	0	0	0		1	0	1	
-1040187059	scripts/ai/StandardAI.lua	1	768	768	32	256	64	0	32	0	384	80	380	0	0	0		1	0	1	
-1040187058	scripts/ai/StandardAI.lua	0	768	768	32	256	64	0	32	0	384	80	20	0	0	0		1	0	0	
-1040187057	scripts/ai/StandardAI.lua	1	768	768	32	256	64	0	32	0	384	80	408	0	1	0		1	0	1	
-1040187056	scripts/ai/StandardAI.lua	1	768	768	32	256	64	0	32	0	384	80	408	0	2	0		1	0	1	
-1040187055	scripts/ai/StandardAI.lua	1	768	768	32	256	64	0	32	0	384	80	408	0	3	0		1	0	1	
-1040187054	scripts/ai/StandardAI.lua	1	768	768	32	256	64	0	32	0	384	80	409	0	2	0		1	0	1	
-1040187053	scripts/ai/StandardAI.lua	1	768	768	32	256	64	0	32	0	384	80	409	0	1	0		1	0	1	
-1040187052	scripts/ai/StandardAI.lua	1	768	768	32	256	64	0	32	0	384	80	409	0	3	0		1	0	1	
-1040187051	scripts/ai/StandardAI.lua	1	768	768	32	256	64	0	32	0	384	80	410	0	1	0		1	0	1	
-1040187050	scripts/ai/StandardAI.lua	1	768	768	32	256	64	0	32	0	384	80	410	0	2	0		1	0	1	
-1040187049	scripts/ai/StandardAI.lua	1	768	768	32	256	64	0	32	0	384	80	410	0	3	0		1	0	1	
-1040187048	scripts/ai/StandardAI.lua	1	768	768	32	256	64	0	32	0	384	80	411	0	2	0		1	0	1	
-1040187047	scripts/ai/StandardAI.lua	1	768	768	32	256	64	0	32	0	384	80	411	0	3	0		1	0	1	
-1040187046	scripts/ai/StandardAI.lua	1	768	768	32	256	64	0	32	0	384	80	411	0	0	0		1	0	1	
-1040187045	scripts/ai/StandardAI.lua	1	768	768	32	256	64	0	32	0	384	80	412	0	1	0		1	0	1	
-1040187044	scripts/ai/StandardAI.lua	1	768	768	32	256	64	0	32	0	384	80	412	0	3	0		1	0	1	
-1040187043	scripts/ai/StandardAI.lua	1	768	768	32	256	64	0	32	0	384	80	412	0	2	0		1	0	1	
-1040187042	scripts/ai/StandardAI.lua	0	768	768	32	256	64	0	32	0	384	80	559	0	0	0		1	0	0	
-1040187041	scripts/ai/StandardAI.lua	0	768	768	32	256	64	0	32	512	384	80	414	0	0	0		0	0	0	
-1040187040	scripts/ai/StandardAI.lua	0	768	768	32	256	64	0	32	512	384	80	415	0	0	0		0	0	0	
-1040187039	scripts/ai/StandardAI.lua	1	768	768	32	256	64	0	32	0	384	80	423	0	0	0		1	0	1	
-1040187038	scripts/ai/StandardAI.lua	0	768	768	32	256	64	0	32	0	384	80	424	0	0	0		1	0	0	
-1040187037	scripts/ai/StandardAI.lua	0	768	768	32	256	64	0	32	0	384	80	425	0	0	0		1	0	0	
-1040187036	scripts/ai/StandardAI.lua	0	768	768	32	256	64	0	32	0	384	80	426	0	0	0		1	0	0	
-1040187035	scripts/ai/StandardAI.lua	1	768	768	32	256	64	0	32	0	384	80	427	0	0	0		1	0	1	
-1040187034	scripts/ai/StandardAI.lua	0	768	768	32	256	64	0	32	0	384	80	428	0	0	0		1	0	0	
-1040187033	scripts/ai/StandardAI.lua	1	768	768	32	256	64	0	32	0	384	80	429	0	0	0		1	0	1	
-1040187032	scripts/ai/StandardAI.lua	1	768	768	32	256	64	0	32	0	384	80	430	0	0	0		1	0	1	
-1040187031	scripts/ai/StandardAI.lua	0	768	768	32	256	64	0	32	0	384	80	431	0	0	0		1	0	0	
-1040187030	scripts/ai/StandardAI.lua	0	768	768	32	256	64	0	32	0	384	80	432	0	0	0		1	0	0	
-1040187029	scripts/ai/StandardAI.lua	0	768	768	32	256	64	0	32	0	384	80	433	0	0	0		1	0	0	
-1040187028	scripts/ai/StandardAI.lua	0	768	768	32	256	64	0	32	0	384	80	434	0	0	0		1	0	0	
-1040187027	scripts/ai/StandardAI.lua	0	768	768	32	256	64	0	32	0	384	80	435	0	0	0		1	0	0	
-1040187026	scripts/ai/StandardAI.lua	0	768	768	32	256	64	0	32	0	384	80	437	0	0	0		1	0	0	
-1040187025	scripts/ai/StandardAI.lua	0	768	768	32	256	64	0	32	0	384	80	438	0	0	0		1	0	0	
-1040187024	scripts/ai/StandardAI.lua	0	768	768	32	256	64	0	32	0	384	80	439	0	0	0		1	0	0	
-1040187023	scripts/ai/StandardAI.lua	1	768	768	32	256	64	0	32	0	384	80	440	0	0	0		1	0	1	
-1040187022	scripts/ai/StandardAI.lua	1	768	768	32	256	64	0	32	0	384	80	441	0	0	0		1	0	1	
-1040187021	scripts/ai/StandardAI.lua	1	768	768	32	256	64	0	32	0	384	80	442	0	0	0		1	0	1	
-1040187020	scripts/ai/StandardAI.lua	1	768	768	32	256	64	0	32	0	384	80	443	0	0	0		1	0	1	
-1040187019	scripts/ai/StandardAI.lua	1	768	768	32	256	64	0	32	0	384	80	444	0	0	0		1	0	1	
-1040187018	scripts/ai/StandardAI.lua	0	768	768	32	256	64	0	32	0	384	80	445	0	0	0		1	0	0	
-1040187017	scripts/ai/StandardAI.lua	0	768	768	32	256	64	0	32	0	384	80	446	0	0	0		1	0	0	
-1040187016	scripts/ai/StandardAI.lua	0	768	768	32	256	64	0	32	0	384	80	447	0	0	0		1	0	0	
-1040187015	scripts/ai/StandardAI.lua	1	768	768	32	256	64	0	32	0	384	80	448	0	0	0		1	0	1	
-1040187014	scripts/ai/StandardAI.lua	1	768	768	32	256	64	0	32	0	384	80	449	0	0	0		1	0	1	
-1040187013	scripts/ai/StandardAI.lua	1	768	768	32	256	64	0	32	0	384	80	450	0	0	0		1	0	1	
-1040187012	scripts/ai/StandardAI.lua	0	768	768	32	256	64	0	32	0	384	80	451	0	0	0		1	0	0	
-1040187011	scripts/ai/StandardAI.lua	1	768	768	32	256	64	0	32	0	384	80	452	0	0	0		1	0	1	
-1040187010	scripts/ai/StandardAI.lua	1	768	768	32	256	64	0	32	0	384	80	453	0	0	0		1	0	1	
-1040187009	scripts/ai/StandardAI.lua	0	768	768	32	256	64	0	32	0	384	80	454	0	0	0		1	0	0	
-1040187008	scripts/ai/StandardAI.lua	1	768	768	32	256	64	0	32	0	384	80	455	0	0	0		1	0	1	
-1040187007	scripts/ai/StandardAI.lua	0	768	768	32	256	64	0	32	0	384	80	456	0	0	0		1	0	0	
-1040187006	scripts/ai/StandardAI.lua	0	768	768	32	256	64	0	32	0	384	80	457	0	0	0		1	0	0	
-1040187005	scripts/ai/StandardAI.lua	1	768	768	32	256	64	0	32	0	384	80	459	0	0	0		1	0	1	
-1040187004	scripts/ai/StandardAI.lua	0	768	768	32	256	64	0	32	0	384	80	460	0	0	0		1	0	0	
-1040187003	scripts/ai/StandardAI.lua	0	768	768	32	256	64	0	32	0	384	80	461	0	0	0		1	0	0	
-1040187002	scripts/ai/StandardAI.lua	0	768	768	32	256	64	0	32	0	384	80	462	0	0	0		1	0	0	
-1040187001	scripts/ai/StandardAI.lua	0	768	768	32	256	64	0	32	0	384	80	464	0	0	0		1	0	0	
-1040187000	scripts/ai/StandardAI.lua	0	768	768	32	256	64	0	32	0	384	80	465	0	0	0		1	0	0	
-1040186999	scripts/ai/StandardAI.lua	0	768	768	32	256	64	0	32	0	384	80	466	0	0	0		1	0	0	
-1040186998	scripts/ai/StandardAI.lua	0	768	768	32	256	64	0	32	0	384	80	467	0	0	0		1	0	0	
-1040186997	scripts/ai/StandardAI.lua	0	768	768	32	256	64	0	32	0	384	80	468	0	0	0		1	0	0	
-1040186996	scripts/ai/StandardAI.lua	0	768	768	32	256	64	0	32	0	384	80	469	0	0	0		1	0	0	
-1040186995	scripts/ai/StandardAI.lua	0	768	768	32	256	64	0	32	0	384	80	471	0	0	0		1	0	0	
-1040186994	scripts/ai/StandardAI.lua	0	768	768	32	256	64	0	32	0	384	80	472	0	0	0		1	0	0	
-1040186993	scripts/ai/StandardAI.lua	0	768	768	32	256	64	0	32	0	384	80	473	0	0	0		1	0	0	
-1040186992	scripts/ai/StandardAI.lua	0	768	768	32	256	64	0	32	0	384	80	474	0	0	0		1	0	0	
-1040186991	scripts/ai/StandardAI.lua	0	768	768	32	256	64	0	32	0	384	80	477	0	0	0		1	0	0	
-1040186990	scripts/ai/StandardAI.lua	0	768	768	32	256	64	0	32	512	384	80	0	0	0	0		1	0	0	
-1040186989	scripts/ai/StandardAI.lua	0	768	768	32	256	64	0	32	0	384	80	479	0	5	0		1	0	0	
-1040186988	scripts/ai/StandardAI.lua	0	768	768	32	256	64	0	32	0	384	80	479	0	1	0		0	0	0	
-1040186987	scripts/ai/StandardAI.lua	0	768	768	32	256	64	0	32	0	384	80	479	0	2	0		0	0	0	
-1040186986	scripts/ai/StandardAI.lua	0	768	768	32	256	64	0	32	0	384	80	479	0	3	0		0	0	0	
-1040186985	scripts/ai/StandardAI.lua	0	768	768	32	256	64	0	32	0	384	80	479	0	4	0		0	0	0	
-1040186984	scripts/ai/StandardAI.lua	1	768	768	32	256	64	0	32	512	384	80	0	0	0	0		1	0	1	
-1040186983	scripts/ai/StandardAI.lua	1	768	768	32	256	64	0	32	1024	384	80	0	0	0	0		1	0	1	
-1040186982	scripts/Map/世界通用/ai/标准无敌免屠杀.lua	0	768	768	32	256	64	0	32	256	384	80	0	0	0	0		0	0	0	
-1040186981	scripts/ai/StandardAI.lua	1	768	768	32	256	64	0	32	0	384	80	480	0	3	0		1	0	1	
-1040186980	scripts/ai/StandardAI.lua	1	768	768	32	256	64	0	32	0	384	80	480	0	1	0		1	0	1	
-1040186979	scripts/ai/StandardAI.lua	1	768	768	32	256	64	0	32	0	384	80	480	0	2	0		1	0	1	
-1040186978	scripts/ai/StandardAI.lua	0	768	768	32	256	64	0	32	0	384	80	481	0	1	0		0	0	0	
-1040186977	scripts/ai/StandardAI.lua	1	768	768	32	256	64	0	32	0	384	80	482	0	3	0		1	0	1	
-1040186976	scripts/ai/StandardAI.lua	1	768	768	32	256	64	0	32	0	384	80	482	0	1	0		1	0	1	
-1040186975	scripts/ai/StandardAI.lua	1	768	768	32	256	64	0	32	0	384	80	482	0	2	0		1	0	1	
-1040186974	scripts/ai/StandardAI.lua	1	768	768	32	256	64	0	32	0	384	80	486	0	3	0		1	0	1	
-1040186973	scripts/ai/StandardAI.lua	1	768	768	32	256	64	0	32	0	384	80	485	0	1	0		1	0	1	
-1040186972	scripts/ai/StandardAI.lua	1	768	768	32	256	64	0	32	0	384	80	484	0	2	0		1	0	1	
-1040186971	scripts/ai/StandardAI.lua	1	768	768	32	256	64	0	32	0	384	80	487	0	2	0		1	0	1	
-1040186970	scripts/ai/StandardAI.lua	1	768	768	32	256	64	0	32	0	384	80	486	0	1	0		1	0	1	
-1040186969	scripts/ai/StandardAI.lua	1	768	768	32	256	64	0	32	0	384	80	486	0	2	0		1	0	1	
-1040186968	scripts/ai/StandardAI.lua	1	768	768	32	256	64	0	32	0	384	80	487	0	1	0		1	0	1	
-1040186967	scripts/ai/StandardAI.lua	1	768	768	32	256	64	0	32	0	384	80	487	0	3	0		1	0	1	
-1040186966	scripts/ai/StandardAI.lua	1	768	768	32	256	64	0	32	0	384	80	485	0	2	0		1	0	1	
-1040186965	scripts/ai/StandardAI.lua	0	768	768	32	256	64	0	32	1024	384	80	483	0	6	0		1	0	0	
-1040186964	scripts/ai/StandardAI.lua	0	768	768	32	256	64	0	32	1024	384	80	483	0	1	0		1	0	0	
-1040186963	scripts/ai/StandardAI.lua	0	768	768	32	256	64	0	32	1024	384	80	483	0	2	0		1	0	0	
-1040186962	scripts/ai/StandardAI.lua	0	768	768	32	256	64	0	32	0	384	80	483	0	3	0		0	0	0	
-1040186961	scripts/ai/StandardAI.lua	0	768	768	32	256	64	0	32	0	384	80	483	0	4	0		0	0	0	
-1040186960	scripts/ai/StandardAI.lua	0	768	768	32	256	64	0	32	0	384	80	483	0	5	0		0	0	0	
-1040186959	scripts/ai/StandardAI.lua	1	768	768	32	256	64	0	32	0	384	80	484	0	1	0		1	0	1	
-1040186958	scripts/ai/StandardAI.lua	0	768	768	32	256	64	0	32	0	384	80	488	0	0	0		1	0	0	
-1040186957	scripts/ai/StandardAI.lua	0	768	768	32	256	64	0	32	0	384	80	488	0	1	0		1	0	0	
-1040186956	scripts/ai/StandardAI.lua	0	768	768	32	256	64	0	32	0	384	80	488	0	2	0		1	0	0	
-1040186955	scripts/ai/StandardAI.lua	0	768	768	32	256	64	0	32	0	384	80	488	0	3	0		1	0	0	
-1040186954	scripts/ai/StandardAI.lua	0	768	768	32	256	64	0	32	0	384	80	488	0	4	0		1	0	0	
-1040186953	scripts/ai/StandardAI.lua	0	768	768	32	256	64	0	32	0	384	80	488	0	5	0		1	0	0	
-1040186952	scripts/ai/StandardAI.lua	0	768	768	32	256	64	0	32	0	384	80	488	0	6	0		1	0	0	
-1040186951	scripts/ai/StandardAI.lua	0	768	768	32	256	64	0	32	0	384	80	488	0	7	0		1	0	0	
-1040186950	scripts/ai/StandardAI.lua	0	768	768	32	256	64	0	32	512	384	80	0	0	0	0		0	0	0	
-1040186949	scripts/ai/StandardAI.lua	0	768	768	32	256	64	0	32	0	384	80	489	0	10	0		1	0	0	
-1040186948	scripts/ai/StandardAI.lua	0	768	768	32	256	64	0	32	0	384	80	489	0	1	0		1	0	0	
-1040186947	scripts/ai/StandardAI.lua	0	768	768	32	256	64	0	32	0	384	80	489	0	2	0		1	0	0	
-1040186946	scripts/ai/StandardAI.lua	0	768	768	32	256	64	0	32	0	384	80	489	0	3	0		1	0	0	
-1040186945	scripts/ai/StandardAI.lua	0	768	768	32	256	64	0	32	0	384	80	489	0	4	0		1	0	0	
-1040186944	scripts/ai/StandardAI.lua	0	768	768	32	256	64	0	32	0	384	80	489	0	5	0		1	0	0	
-1040186943	scripts/ai/StandardAI.lua	0	768	768	32	256	64	0	32	0	384	80	489	0	6	0		1	0	0	
-1040186942	scripts/ai/StandardAI.lua	0	768	768	32	256	64	0	32	0	384	80	489	0	7	0		1	0	0	
-1040186941	scripts/ai/StandardAI.lua	0	768	768	32	256	64	0	32	0	384	80	489	0	8	0		1	0	0	
-1040186940	scripts/ai/StandardAI.lua	0	768	768	32	256	64	0	32	0	384	80	489	0	9	0		1	0	0	
-1040186939	scripts/ai/StandardAI.lua	0	768	768	32	256	64	0	32	1024	384	80	0	0	0	0		1	0	0	
-1040186938	scripts/ai/StandardAI.lua	0	768	768	32	256	64	0	32	0	384	80	490	0	2	0		1	0	0	
-1040186937	scripts/ai/StandardAI.lua	0	768	768	32	256	64	0	32	0	384	80	490	0	1	0		1	0	0	
-1040186936	scripts\Map\太原\ai\西城南\傻瓜走路径.lua	0	768	768	32	256	64	0	32	0	384	80	59	0	0	0		0	0	0	
-1040186935	scripts\Map\太原\ai\西城南\傻瓜走路径.lua	0	768	768	32	256	64	0	32	0	384	80	61	0	0	0		0	0	0	
-1040186934	scripts\Map\太原\ai\西城南\傻瓜走路径.lua	0	768	768	32	256	64	0	32	0	384	80	60	0	0	0		0	0	0	
-1040186933	scripts\Map\太原\ai\西城南\傻瓜走路径.lua	0	768	768	32	256	64	0	32	0	384	80	62	0	0	0		0	0	0	
-1040186932	scripts\Map\太原\ai\西城南\傻瓜走路径.lua	0	768	768	32	256	64	0	32	0	384	80	63	0	0	0		0	0	0	
-1040186931	scripts\Map\太原\ai\西城南\傻瓜走路径.lua	0	768	768	32	256	64	0	32	0	384	80	64	0	0	0		0	0	0	
-1040186930	scripts/ai/StandardAI.lua	0	768	768	32	256	64	0	32	256	384	80	0	0	0	0		0	0	0	
-1040186929	scripts/ai/StandardAI.lua	0	768	768	32	256	64	0	32	0	384	80	491	0	1	0		1	0	0	
-1040186928	scripts/ai/StandardAI.lua	0	768	768	32	256	64	0	32	0	384	80	492	0	1	0		1	0	0	
-1040186927	scripts/ai/StandardAI.lua	0	768	768	32	256	64	0	32	512	384	80	494	0	0	0		1	0	0	
-1040186926	scripts/ai/StandardAI.lua	0	768	768	32	256	64	0	32	512	384	80	494	0	1	0		1	0	0	
-1040186925	scripts/ai/StandardAI.lua	0	768	768	32	256	64	0	32	512	384	80	494	0	2	0		1	0	0	
-1040186924	scripts/ai/StandardAI.lua	0	768	768	32	256	64	0	32	512	384	80	494	0	3	0		1	0	0	
-1040186923	scripts/ai/StandardAI.lua	0	768	768	32	256	64	0	32	0	384	80	495	0	0	0		1	0	0	
-1040186922	scripts/ai/StandardAI.lua	0	768	768	32	256	64	0	32	0	384	80	495	0	1	0		1	0	0	
-1040186921	scripts/ai/StandardAI.lua	0	768	768	32	256	64	0	32	0	384	80	495	0	2	0		1	0	0	
-1040186920	scripts/ai/StandardAI.lua	0	768	768	32	256	64	0	32	0	384	80	495	0	3	0		1	0	0	
-1040186919	scripts/ai/StandardAI.lua	0	768	768	32	256	64	0	32	0	384	80	495	0	4	0		1	0	0	
-1040186918	scripts/ai/StandardAI.lua	0	768	768	32	256	64	0	32	0	384	80	495	0	5	0		1	0	0	
-1040186917	scripts/ai/StandardAI.lua	0	768	768	32	256	64	0	32	0	384	80	495	0	6	0		1	0	0	
-1040186916	scripts/ai/StandardAI.lua	0	768	768	32	256	64	0	32	0	384	80	503	0	0	0		1	0	0	
-1040186915	scripts/ai/StandardAI.lua	0	768	768	32	256	64	0	32	512	384	80	497	0	0	0		1	0	0	
-1040186914	scripts/ai/StandardAI.lua	0	768	768	32	256	64	0	32	512	384	80	497	0	1	0		1	0	0	
-1040186913	scripts/ai/StandardAI.lua	0	768	768	32	256	64	0	32	512	384	80	497	0	2	0		1	0	0	
-1040186912	scripts/ai/StandardAI.lua	0	768	768	32	256	64	0	32	512	384	80	497	0	3	0		1	0	0	
-1040186911	scripts/ai/StandardAI.lua	0	768	768	32	256	64	0	32	512	384	80	497	0	4	0		1	0	0	
-1040186910	scripts/ai/StandardAI.lua	0	768	768	32	256	64	0	32	512	384	80	497	0	5	0		1	0	0	
-1040186909	scripts/ai/StandardAI.lua	0	768	768	32	256	64	0	32	512	384	80	497	0	6	0		1	0	0	
-1040186908	scripts/ai/StandardAI.lua	0	768	768	32	256	64	0	32	512	384	80	497	0	7	0		1	0	0	
-1040186907	scripts/ai/StandardAI.lua	0	768	768	32	256	64	0	32	512	384	80	497	0	8	0		1	0	0	
-1040186906	scripts/ai/StandardAI.lua	0	768	768	32	256	64	0	32	512	384	80	496	0	0	0		1	0	0	
-1040186905	scripts/ai/StandardAI.lua	0	768	768	32	256	64	0	32	512	384	80	496	0	1	0		1	0	0	
-1040186904	scripts/ai/StandardAI.lua	0	768	768	32	256	64	0	32	512	384	80	496	0	2	0		1	0	0	
-1040186903	scripts/ai/StandardAI.lua	0	768	768	32	256	64	0	32	512	384	80	496	0	3	0		1	0	0	
-1040186902	scripts/ai/StandardAI.lua	0	768	768	32	256	64	0	32	512	384	80	496	0	4	0		1	0	0	
-1040186901	scripts/ai/StandardAI.lua	0	768	768	32	256	64	0	32	512	384	80	496	0	5	0		1	0	0	
-1040186900	scripts/ai/StandardAI.lua	0	768	768	32	256	64	0	32	512	384	80	496	0	6	0		1	0	0	
-1040186899	scripts/ai/StandardAI.lua	0	768	768	32	256	64	0	32	512	384	80	496	0	7	0		1	0	0	
-1040186898	scripts/ai/StandardAI.lua	0	768	768	32	256	64	0	32	0	384	80	498	0	0	0		1	0	0	
-1040186897	scripts/ai/StandardAI.lua	0	768	768	32	256	64	0	32	512	384	80	499	0	0	0		1	0	0	
-1040186896	scripts/ai/StandardAI.lua	0	768	768	32	256	64	0	32	0	384	80	499	0	0	0		1	0	0	
-1040186895	scripts/ai/StandardAI.lua	0	768	768	32	256	64	0	32	0	384	80	501	0	0	0		1	0	0	
-1040186894	scripts/ai/StandardAI.lua	0	768	768	32	256	64	0	32	0	384	80	501	0	1	0		1	0	0	
-1040186893	scripts/ai/StandardAI.lua	0	768	768	32	256	64	0	32	0	384	80	502	0	0	0		1	0	0	
-1040186892	scripts/ai/StandardAI.lua	0	768	768	32	256	64	960	32	1024	128	80	0	30	0	0		0	0	0	
-1040186891	scripts/ai/StandardAI.lua	0	768	768	32	256	64	960	32	256	128	80	504	30	0	0		0	0	0	
-1040186890	scripts/ai/StandardAI.lua	0	768	768	32	256	64	960	32	256	128	80	504	30	1	0		0	0	0	
-1040186889	scripts/ai/StandardAI.lua	0	768	768	32	256	64	960	32	256	128	80	505	30	0	0		0	0	0	
-1040186888	scripts/ai/StandardAI.lua	0	768	768	32	256	64	960	32	256	128	80	505	30	1	0		0	0	0	
-1040186887	scripts/ai/StandardAI.lua	0	768	768	32	256	64	0	32	0	384	80	506	0	0	0		1	0	0	
-1040186886	scripts/ai/StandardAI.lua	0	768	768	32	256	64	0	32	0	384	80	506	0	1	0		1	0	0	
-1040186885	scripts/ai/StandardAI.lua	0	768	768	32	256	64	0	32	0	384	80	507	0	1	0		0	0	0	
-1040186884	scripts/ai/StandardAI.lua	0	768	768	32	256	64	0	32	0	384	80	508	0	1	0		1	0	0	
-1040186883	scripts/ai/StandardAI.lua	0	768	768	32	256	64	0	32	1024	384	80	509	0	0	0		1	0	0	
-1040186882	scripts/ai/StandardAI.lua	0	768	768	32	256	64	0	32	512	384	80	510	0	1	0		1	0	0	
-1040186881	scripts/ai/StandardAI.lua	0	768	768	32	256	64	0	32	0	384	80	511	0	0	0		1	0	0	
-1040186880	scripts/ai/StandardAI.lua	0	768	768	32	256	64	0	32	0	384	80	512	0	0	0		1	0	0	
-1040186879	scripts/ai/StandardAI.lua	0	768	768	32	256	64	0	32	0	384	80	512	0	1	0		0	0	0	
-1040186878	scripts/ai/StandardAI.lua	0	768	768	32	256	64	0	32	0	384	80	512	0	2	0		0	0	0	
-1040186877	scripts/ai/StandardAI.lua	0	768	768	32	256	64	0	32	0	384	80	512	0	3	0		0	0	0	
-1040186876	scripts/ai/StandardAI.lua	0	768	768	32	256	64	0	32	0	384	80	512	0	4	0		1	0	0	
-1040186875	scripts/ai/StandardAI.lua	0	768	768	32	256	64	0	32	0	384	80	512	0	5	0		1	0	0	
-1040186874	scripts/ai/StandardAI.lua	0	768	768	32	256	64	0	32	0	384	80	513	0	0	0		1	0	0	
-1040186873	scripts/ai/StandardAI.lua	0	768	768	32	256	64	0	32	0	384	80	513	0	1	0		1	0	0	
-1040186872	scripts/ai/StandardAI.lua	0	768	768	32	256	64	0	32	512	384	80	514	0	1	0		1	0	0	
-1040186871	scripts\Map\流离岛\ai\3号\3号范围总控.lua	0	768	768	32	256	64	0	32	512	384	80	0	0	0	0		1	0	0	
-1040186870	scripts/ai/StandardAI.lua	0	768	768	32	256	64	0	32	0	384	80	515	0	2	0		1	0	0	
-1040186869	scripts/ai/StandardAI.lua	0	768	768	32	256	64	0	32	0	384	80	515	0	1	0		1	0	0	
-1040186868	scripts/ai/StandardAI.lua	0	768	768	32	256	64	0	32	0	384	80	516	0	0	0		1	0	0	
-1040186867	scripts/ai/StandardAI.lua	0	768	768	32	256	64	0	32	0	384	80	516	0	1	0		1	0	0	
-1040186866	scripts/ai/StandardAI.lua	0	768	768	32	256	64	0	32	0	384	80	517	0	0	0		1	0	0	
-1040186865	scripts/ai/StandardAI.lua	0	768	768	32	256	64	0	32	0	384	80	517	0	1	0		1	0	0	
-1040186864	scripts/ai/StandardAI.lua	0	768	768	32	256	64	0	32	0	384	80	517	0	2	0		1	0	0	
-1040186863	scripts/ai/StandardAI.lua	0	768	768	32	256	64	0	32	0	384	80	517	0	3	0		1	0	0	
-1040186862	scripts/ai/StandardAI.lua	0	768	768	32	256	64	0	32	0	384	80	517	0	4	0		1	0	0	
-1040186861	scripts/ai/StandardAI.lua	0	768	768	32	256	64	0	32	0	384	80	517	0	5	0		1	0	0	
-1040186860	scripts/ai/StandardAI.lua	0	768	768	32	256	64	0	32	0	384	80	517	0	6	0		1	0	0	
-1040186859	scripts/ai/StandardAI.lua	0	768	768	32	256	64	0	32	0	384	80	517	0	7	0		1	0	0	
-1040186858	scripts/ai/StandardAI.lua	0	768	768	32	256	64	0	32	0	384	80	517	0	8	0		1	0	0	
-1040186857	scripts/ai/StandardAI.lua	0	768	768	32	256	64	0	32	0	384	80	517	0	9	0		1	0	0	
-1040186856	scripts/ai/StandardAI.lua	0	768	768	32	256	64	0	32	0	384	80	517	0	10	0		1	0	0	
-1040186855	scripts/ai/StandardAI.lua	1	768	768	32	256	64	0	32	0	384	80	518	0	0	0		1	0	1	
-1040186854	scripts/ai/StandardAI.lua	1	768	768	32	256	64	0	32	0	384	80	518	0	1	0		1	0	1	
-1040186853	scripts/ai/StandardAI.lua	1	768	768	32	256	64	0	32	0	384	80	518	0	2	0		1	0	1	
-1040186852	scripts/ai/StandardAI.lua	1	768	768	32	256	64	0	32	0	384	80	518	0	3	0		1	0	1	
-1040186851	scripts/ai/StandardAI.lua	1	768	768	32	256	64	0	32	0	384	80	518	0	4	0		1	0	1	
-1040186850	scripts/ai/StandardAI.lua	0	768	768	32	256	64	0	32	0	384	80	519	0	0	0		1	0	0	
-1040186849	scripts/ai/StandardAI.lua	0	768	768	32	256	64	0	32	0	384	80	520	0	0	0		1	0	0	
-1040186848	scripts/ai/StandardAI.lua	0	768	768	32	256	64	0	32	0	384	80	521	0	0	0		1	0	0	
-1040186847	scripts/ai/StandardAI.lua	0	768	768	32	256	64	0	32	0	384	80	522	0	0	0		0	0	0	
-1040186846	scripts/ai/StandardAI.lua	0	768	768	32	256	64	0	32	0	384	80	526	0	1	0		1	0	0	
-1040186845	scripts/ai/StandardAI.lua	0	768	768	32	256	64	0	32	0	384	80	525	0	1	0		1	0	0	
-1040186844	scripts/ai/StandardAI.lua	0	768	768	32	256	64	0	32	0	384	80	524	0	1	0		1	0	0	
-1040186843	scripts/ai/StandardAI.lua	0	768	768	32	256	64	0	32	0	384	80	523	0	0	0		1	0	0	
-1040186842	scripts/ai/StandardAI.lua	0	768	768	32	256	64	0	32	0	384	80	527	0	0	0		1	0	0	
-1040186841	scripts/ai/StandardAI.lua	0	768	768	32	256	64	0	32	0	384	80	527	0	1	0		1	0	0	
-1040186840	scripts/ai/StandardAI.lua	0	768	768	32	256	64	0	32	0	384	80	529	0	1	0		1	0	0	
-1040186839	scripts/ai/StandardAI.lua	0	768	768	32	256	64	0	32	0	384	80	528	0	1	0		1	0	0	
-1040186838	scripts/ai/StandardAI.lua	0	768	768	32	256	64	0	32	0	384	80	530	0	0	0		1	0	0	
-1040186837	scripts/ai/StandardAI.lua	0	768	768	32	256	64	0	32	0	384	80	530	0	1	0		1	0	0	
-1040186836	scripts/ai/StandardAI.lua	1	768	768	32	256	64	0	32	0	384	80	531	0	1	0		1	0	1	
-1040186835	scripts/ai/StandardAI.lua	1	768	768	32	256	64	0	32	1024	384	80	532	0	1	0		1	0	1	
-1040186834	scripts/ai/StandardAI.lua	0	768	768	32	256	64	960	32	256	128	80	533	30	1	0		1	0	0	
-1040186833	scripts/ai/StandardAI.lua	0	768	768	32	256	64	0	32	0	384	80	534	0	1	0		1	0	0	
-1040186832	scripts/ai/StandardAI.lua	0	768	768	32	256	64	0	32	0	384	80	535	0	1	0		0	0	0	
-1040186831	scripts/ai/StandardAI.lua	0	768	768	32	256	64	0	32	0	384	80	463	0	0	0		1	0	0	
-1040186830	scripts/ai/StandardAI.lua	0	768	768	32	256	64	0	32	0	384	80	536	0	0	0		1	0	0	
-1040186829	scripts/ai/StandardAI.lua	0	768	768	32	256	64	0	32	0	384	80	536	0	1	0		0	0	0	
-1040186828	scripts/ai/StandardAI.lua	0	768	768	32	256	64	0	32	0	384	80	536	0	2	0		0	0	0	
-1040186827	scripts\Map\英雄流离岛\ai\3号\3号范围总控.lua	0	768	768	32	256	64	0	32	512	384	80	0	0	0	0		1	0	0	
-1040186826	scripts/ai/StandardAI.lua	0	768	768	32	256	64	0	32	0	384	80	537	0	0	0		1	0	0	
-1040186825	scripts/ai/StandardAI.lua	0	768	768	32	256	64	0	32	0	384	80	537	0	1	0		0	0	0	
-1040186824	scripts/ai/StandardAI.lua	0	768	768	32	256	64	0	32	512	384	80	538	0	1	0		1	0	0	
-1040186823	scripts/ai/StandardAI.lua	0	768	768	32	256	64	0	32	0	384	80	539	0	0	0		1	0	0	
-1040186822	scripts/ai/StandardAI.lua	0	768	768	32	256	64	0	32	0	384	80	539	0	1	0		0	0	0	
-1040186821	scripts/ai/StandardAI.lua	0	768	768	32	256	64	0	32	0	384	80	540	0	0	0		0	0	0	
-1040186820	scripts/ai/StandardAI.lua	0	768	768	32	256	64	0	32	0	384	80	541	0	1	0		1	0	0	
-1040186819	scripts/ai/StandardAI.lua	0	768	768	32	256	64	0	32	0	384	80	546	0	1	0		1	0	0	
-1040186818	scripts/ai/StandardAI.lua	0	768	768	32	256	64	0	32	0	384	80	545	0	1	0		1	0	0	
-1040186817	scripts/ai/StandardAI.lua	0	768	768	32	256	64	0	32	0	384	80	544	0	1	0		1	0	0	
-1040186816	scripts/ai/StandardAI.lua	0	768	768	32	256	64	0	32	512	384	80	542	0	1	0		1	0	0	
-1040186815	scripts/ai/StandardAI.lua	0	768	768	32	256	64	0	32	512	384	80	543	0	1	0		1	0	0	
-1040186814	scripts/ai/StandardAI.lua	0	768	768	32	256	64	0	32	0	384	80	547	0	0	0		1	0	0	
-1040186813	scripts/ai/StandardAI.lua	0	768	768	32	256	64	0	32	0	384	80	547	0	1	0		1	0	0	
-1040186812	scripts/ai/StandardAI.lua	0	768	768	32	256	64	0	32	0	384	80	547	0	2	0		1	0	0	
-1040186811	scripts/ai/StandardAI.lua	0	768	768	32	256	64	0	32	0	384	80	547	0	3	0		1	0	0	
-1040186810	scripts/ai/StandardAI.lua	0	768	768	32	256	64	0	32	0	384	80	547	0	4	0		1	0	0	
-1040186809	scripts/ai/StandardAI.lua	0	768	768	32	256	64	0	32	1024	384	80	0	0	0	0		0	0	0	
-1040186808	scripts\Map\流离岛\ai\3号\3号剧情总控.lua	0	768	768	32	256	64	0	32	512	384	80	0	0	0	0		1	0	0	
-1040186807	scripts/ai/StandardAI.lua	0	768	768	32	256	64	0	32	512	384	80	548	0	1	0		1	0	0	
-1040186806	scripts/ai/StandardAI.lua	1	768	768	32	256	64	0	32	0	384	80	550	0	1	0		1	0	1	
-1040186805	scripts/ai/StandardAI.lua	1	768	768	32	256	64	0	32	0	384	80	550	0	2	0		1	0	1	
-1040186804	scripts/ai/StandardAI.lua	1	768	768	32	256	64	0	32	0	384	80	550	0	3	0		1	0	1	
-1040186803	scripts/ai/StandardAI.lua	1	768	768	32	256	64	0	32	0	384	80	551	0	1	0		1	0	1	
-1040186802	scripts/ai/StandardAI.lua	1	768	768	32	256	64	0	32	0	384	80	551	0	2	0		1	0	1	
-1040186801	scripts/ai/StandardAI.lua	1	768	768	32	256	64	0	32	0	384	80	551	0	3	0		1	0	1	
-1040186800	scripts/ai/StandardAI.lua	1	768	768	32	256	64	0	32	0	384	80	552	0	1	0		1	0	1	
-1040186799	scripts/ai/StandardAI.lua	1	768	768	32	256	64	0	32	0	384	80	552	0	2	0		1	0	1	
-1040186798	scripts/ai/StandardAI.lua	1	768	768	32	256	64	0	32	0	384	80	552	0	3	0		1	0	1	
-1040186797	scripts/ai/StandardAI.lua	1	768	768	32	256	64	0	32	0	384	80	553	0	1	0		1	0	1	
-1040186796	scripts/ai/StandardAI.lua	1	768	768	32	256	64	0	32	0	384	80	553	0	2	0		1	0	1	
-1040186795	scripts/ai/StandardAI.lua	1	768	768	32	256	64	0	32	0	384	80	553	0	3	0		1	0	1	
-1040186794	scripts/ai/StandardAI.lua	1	768	768	32	256	64	0	32	0	384	80	554	0	1	0		1	0	1	
-1040186793	scripts/ai/StandardAI.lua	1	768	768	32	256	64	0	32	0	384	80	554	0	2	0		1	0	1	
-1040186792	scripts/ai/StandardAI.lua	1	768	768	32	256	64	0	32	0	384	80	554	0	3	0		1	0	1	
-1040186791	scripts/ai/StandardAI.lua	1	768	768	32	256	64	0	32	0	384	80	561	0	2	0		1	0	1	
-1040186790	scripts/ai/StandardAI.lua	1	768	768	32	256	64	0	32	0	384	80	561	0	1	0		1	0	1	
-1040186789	scripts/ai/StandardAI.lua	1	768	768	32	256	64	0	32	0	384	80	562	0	1	0		1	0	1	
-1040186788	scripts/ai/StandardAI.lua	1	768	768	32	256	64	0	32	0	384	80	562	0	2	0		1	0	1	
-1040186787	scripts/ai/StandardAI.lua	1	768	768	32	256	64	0	32	0	384	80	562	0	3	0		1	0	1	
-1040186786	scripts/ai/StandardAI.lua	1	768	768	32	256	64	0	32	0	384	80	563	0	0	0		1	0	1	
-1040186785	scripts/ai/StandardAI.lua	1	768	768	32	256	64	0	32	0	384	80	564	0	0	0		1	0	1	
-1040186784	scripts/ai/StandardAI.lua	1	768	768	32	256	64	0	32	0	384	80	565	0	0	0		1	0	1	
-1040186783	scripts/ai/StandardAI.lua	0	768	768	32	256	64	0	32	0	384	80	566	0	0	1		0	0	0	
-1040186782	scripts/ai/StandardAI.lua	0	768	768	32	256	64	0	32	0	384	80	568	0	0	0		1	0	0	
-1040186781	scripts/ai/StandardAI.lua	0	768	768	32	256	64	0	32	0	384	80	567	0	0	0		1	0	0	
-1040186780	scripts\Map\太原\ai\晋祠\可对话傻瓜走路径.lua	0	768	768	32	256	64	0	32	0	384	80	95	0	0	0		0	0	0	
-1040186779	scripts/ai/StandardAI.lua	0	768	768	32	256	64	0	32	0	384	80	583	0	0	0		1	0	0	
-1040186778	scripts\ai\GuarderAI.lua	1	768	768	32	256	64	0	32	0	384	80	585	30	2	0		0	0	0	
-1040186777	scripts\ai\GuarderAI.lua	1	768	768	32	256	64	0	32	0	384	80	585	30	3	0		0	0	0	
-1040186776	scripts\ai\GuarderAI.lua	1	768	768	32	256	64	0	32	0	384	80	585	30	1	0		0	0	0	
-1040186775	scripts\ai\GuarderAI.lua	1	768	768	32	256	64	0	32	0	384	80	584	30	1	0		0	0	0	
-1040186774	scripts\ai\GuarderAI.lua	1	768	768	32	256	64	0	32	0	384	80	584	30	2	0		0	0	0	
-1040186773	scripts\ai\GuarderAI.lua	1	768	768	32	256	64	0	32	0	384	80	584	30	3	0		0	0	0	
-1040186772	scripts/ai/StandardAI.lua	0	768	768	32	256	64	0	32	0	384	80	587	0	2	0		1	0	0	
-1040186771	scripts/ai/StandardAI.lua	0	768	768	32	256	64	0	32	0	384	80	587	0	3	0		1	0	0	
-1040186770	scripts/ai/StandardAI.lua	0	768	768	32	256	64	0	32	0	384	80	588	0	0	0		1	0	0	
-1040186769	scripts/ai/StandardAI.lua	0	768	768	32	256	64	0	32	0	384	80	590	0	1	0		1	0	0	
-1040186768	scripts/ai/StandardAI.lua	0	768	768	32	256	64	0	32	0	384	80	591	0	1	0		1	0	0	
