AIType	ScriptFile	IsPositive	AlertRange	SearchPlayerDistance	AlertOverTime	AttackRange	EscapeTime	EscapeRange	EscapeInterval	WanderRange	WanderDistance	WanderInterval	PatrolPathID	EscapeLife	PatrolOrderIndex	ReviveTeammate	CustomArguments	IsAutoTurn	NpcSceneType	IsSnarlInFight	DialogIdleTime
-1644167167	scripts/ai/StandardAI.lua	0	768	768	32	256	64	0	32	0	384	80	922	0	1	0		1	0	0	
-1644167166	scripts/ai/StandardAI.lua	0	768	768	32	256	64	0	32	0	384	80	28	0	1	0		1	0	0	
-1644167165	scripts/ai/StandardAI.lua	0	768	768	32	256	64	0	32	0	384	80	28	0	3	0		1	0	0	
-1644167164	scripts/ai/StandardAI.lua	0	768	768	32	256	64	0	32	0	384	80	28	0	2	0		1	0	0	
-1644167163	scripts/ai/StandardAI.lua	0	768	768	32	256	64	0	32	0	384	80	27	0	1	0		1	0	0	
-1644167162	scripts/ai/StandardAI.lua	0	768	768	32	256	64	0	32	0	384	80	27	0	2	0		1	0	0	
-1644167161	scripts/ai/StandardAI.lua	0	768	768	32	256	64	0	32	0	384	80	27	0	3	0		1	0	0	
-1644167160	scripts/ai/StandardAI.lua	0	768	768	32	256	64	0	32	0	384	80	897	0	2	0		1	0	0	
-1644167159	scripts/ai/StandardAI.lua	0	768	768	32	256	64	0	32	0	384	80	897	0	1	0		1	0	0	
-1644167158	scripts/ai/StandardAI.lua	0	768	768	32	256	64	0	32	0	384	80	919	0	1	0		1	0	0	
-1644167157	scripts/ai/StandardAI.lua	0	768	768	32	256	64	0	32	0	384	80	919	0	2	0		1	0	0	
-1644167156	scripts/ai/StandardAI.lua	0	768	768	32	256	64	0	32	0	384	80	919	0	3	0		1	0	0	
-1644167155	scripts/ai/StandardAI.lua	0	768	768	32	256	64	0	32	0	384	80	24	0	1	0		1	0	0	
-1644167154	scripts/ai/StandardAI.lua	0	768	768	32	256	64	0	32	0	384	80	24	0	2	0		1	0	0	
-1644167153	scripts/ai/StandardAI.lua	0	768	768	32	256	64	0	32	0	384	80	24	0	3	0		1	0	0	
-1644167152	scripts/ai/StandardAI.lua	0	768	768	32	256	64	0	32	0	384	80	25	0	0	0		1	0	0	
-1644167151	scripts/ai/StandardAI.lua	0	768	768	32	256	64	0	32	0	384	80	25	0	1	0		1	0	0	
-1644167150	scripts/ai/StandardAI.lua	0	768	768	32	256	64	0	32	0	384	80	25	0	2	0		1	0	0	
-1644167149	scripts/ai/StandardAI.lua	0	768	768	32	256	64	0	32	0	384	80	26	0	1	0		1	0	0	
-1644167148	scripts/ai/StandardAI.lua	0	768	768	32	256	64	0	32	0	384	80	26	0	2	0		1	0	0	
-1644167147	scripts/ai/StandardAI.lua	0	768	768	32	256	64	0	32	0	384	80	26	0	3	0		1	0	0	
-1644167146	scripts/ai/StandardAI.lua	0	768	768	32	256	64	0	32	0	384	80	898	0	1	0		1	0	0	
-1644167145	scripts/ai/StandardAI.lua	0	768	768	32	256	64	0	32	0	384	80	898	0	2	0		1	0	0	
-1644167144	scripts/ai/StandardAI.lua	0	768	768	32	256	64	0	32	0	384	80	3	0	2	0		1	0	0	
-1644167143	scripts/ai/StandardAI.lua	0	768	768	32	256	64	0	32	0	384	80	3	0	1	0		1	0	0	
-1644167142	scripts/ai/StandardAI.lua	0	768	768	32	256	64	0	32	0	384	80	3	0	3	0		1	0	0	
-1644167141	scripts/ai/StandardAI.lua	0	768	768	32	256	64	0	32	0	384	80	2	0	2	0		1	0	0	
-1644167140	scripts/ai/StandardAI.lua	0	768	768	32	256	64	0	32	0	384	80	896	0	0	0		1	0	0	
-1644167139	scripts/ai/StandardAI.lua	0	768	768	32	256	64	0	32	0	384	80	1	0	1	0		1	0	0	
-1644167138	scripts/ai/StandardAI.lua	0	768	768	32	256	64	0	32	0	384	80	1	0	2	0		1	0	0	
-1644167137	scripts/ai/StandardAI.lua	0	768	768	32	256	64	0	32	0	384	80	1	0	3	0		1	0	0	
-1644167136	scripts/ai/StandardAI.lua	0	768	768	32	256	64	0	32	0	384	80	914	0	1	0		1	0	0	
-1644167135	scripts/ai/StandardAI.lua	0	768	768	32	256	64	0	32	0	384	80	6	0	0	0		1	0	0	
-1644167134	scripts/ai/StandardAI.lua	0	768	768	32	256	64	0	32	0	384	80	4	0	0	0		1	0	0	
-1644167133	scripts/ai/StandardAI.lua	0	768	768	32	256	64	0	32	0	384	80	14	0	0	0		1	0	0	
-1644167132	scripts/ai/StandardAI.lua	0	768	768	32	256	64	0	32	0	384	80	13	0	1	0		1	0	0	
-1644167131	scripts/ai/StandardAI.lua	0	768	768	32	256	64	0	32	0	384	80	13	0	2	0		1	0	0	
-1644167130	scripts/ai/StandardAI.lua	0	768	768	32	256	64	0	32	0	384	80	13	0	3	0		1	0	0	
-1644167129	scripts/ai/StandardAI.lua	0	768	768	32	256	64	0	32	0	384	80	12	0	1	0		1	0	0	
-1644167128	scripts/ai/StandardAI.lua	0	768	768	32	256	64	0	32	0	384	80	12	0	2	0		1	0	0	
-1644167127	scripts/ai/StandardAI.lua	0	768	768	32	256	64	0	32	0	384	80	12	0	3	0		1	0	0	
-1644167126	scripts/ai/StandardAI.lua	0	768	768	32	256	64	0	32	0	384	80	17	0	1	0		1	0	0	
-1644167125	scripts/ai/StandardAI.lua	0	768	768	32	256	64	0	32	0	384	80	907	0	1	0		0	0	0	
-1644167124	scripts/ai/StandardAI.lua	0	768	768	32	256	64	0	32	0	384	80	917	0	2	0		0	0	0	
-1644167123	scripts/ai/StandardAI.lua	0	768	768	32	256	64	0	32	0	384	80	15	0	0	0		1	0	0	
-1644167122	scripts/ai/StandardAI.lua	0	768	768	32	256	64	0	32	0	384	80	16	0	0	0		1	0	0	
-1644167121	scripts/ai/StandardAI.lua	0	768	768	32	256	64	0	32	0	384	80	18	0	0	0		1	0	0	
-1644167120	scripts/ai/StandardAI.lua	0	768	768	32	256	64	0	32	0	384	80	22	0	0	0		1	0	0	
-1644167119	scripts/ai/StandardAI.lua	0	768	768	32	256	64	0	32	0	384	80	906	0	1	0		1	0	0	
-1644167118	scripts/ai/StandardAI.lua	0	768	768	32	256	64	0	32	0	384	80	19	0	1	0		1	0	0	
-1644167117	scripts/ai/StandardAI.lua	0	768	768	32	256	64	0	32	0	384	80	19	0	2	0		1	0	0	
-1644167116	scripts/ai/StandardAI.lua	0	768	768	32	256	64	0	32	0	384	80	19	0	3	0		1	0	0	
-1644167115	scripts/ai/StandardAI.lua	0	768	768	32	256	64	0	32	0	384	80	20	0	1	0		1	0	0	
-1644167114	scripts/ai/StandardAI.lua	0	768	768	32	256	64	0	32	0	384	80	20	0	3	0		1	0	0	
-1644167113	scripts/ai/StandardAI.lua	0	768	768	32	256	64	0	32	0	384	80	20	0	2	0		1	0	0	
-1644167112	scripts/ai/StandardAI.lua	0	768	768	32	256	64	0	32	0	384	80	892	0	0	0		1	0	0	
-1644167111	scripts/ai/StandardAI.lua	0	768	768	32	256	64	0	32	0	384	80	9	0	0	0		1	0	0	
-1644167110	scripts/ai/StandardAI.lua	0	768	768	32	256	64	0	32	0	384	80	10	0	0	0		1	0	0	
-1644167109	scripts/ai/StandardAI.lua	0	768	768	32	256	64	0	32	0	384	80	7	0	3	0		1	0	0	
-1644167108	scripts/ai/StandardAI.lua	0	768	768	32	256	64	0	32	0	384	80	7	0	2	0		1	0	0	
-1644167107	scripts/ai/StandardAI.lua	0	768	768	32	256	64	0	32	0	384	80	8	0	1	0		1	0	0	
-1644167106	scripts/ai/StandardAI.lua	0	768	768	32	256	64	0	32	0	384	80	8	0	3	0		1	0	0	
-1644167105	scripts/ai/StandardAI.lua	0	768	768	32	256	64	0	32	0	384	80	8	0	2	0		1	0	0	
-1644167104	scripts/ai/StandardAI.lua	0	768	768	32	256	64	0	32	0	384	80	724	0	1	0		1	0	0	
-1644167103	scripts/ai/StandardAI.lua	0	768	768	32	256	64	0	32	0	384	80	723	0	1	0		1	0	0	
-1644167102	scripts/ai/StandardAI.lua	0	768	768	32	256	64	0	32	0	384	80	723	0	3	0		1	0	0	
-1644167101	scripts/ai/StandardAI.lua	0	768	768	32	256	64	0	32	0	384	80	723	0	2	0		1	0	0	
-1644167100	scripts/ai/StandardAI.lua	0	768	768	32	256	64	0	32	0	384	80	725	0	1	0		1	0	0	
-1644167099	scripts/ai/StandardAI.lua	0	768	768	32	256	64	0	32	0	384	80	39	0	0	0		1	0	0	
-1644167098	scripts/ai/StandardAI.lua	0	768	768	32	256	64	0	32	0	384	80	40	0	0	0		1	0	0	
-1644167097	scripts/ai/StandardAI.lua	0	768	768	32	256	64	0	32	0	384	80	41	0	0	0		1	0	0	
-1644167096	scripts/ai/StandardAI.lua	0	768	768	32	256	64	0	32	0	384	80	42	0	1	0		1	0	0	
-1644167095	scripts/ai/StandardAI.lua	0	768	768	32	256	64	0	32	0	384	80	42	0	2	0		1	0	0	
-1644167094	scripts/ai/StandardAI.lua	0	768	768	32	256	64	0	32	0	384	80	42	0	3	0		1	0	0	
-1644167093	scripts/ai/StandardAI.lua	0	768	768	32	256	64	0	32	0	384	80	43	0	0	0		1	0	0	
-1644167092	scripts/ai/StandardAI.lua	0	768	768	32	256	64	0	32	0	384	80	45	0	0	0		1	0	0	
-1644167091	scripts/ai/StandardAI.lua	0	768	768	32	256	64	0	32	0	384	80	54	0	0	0		1	0	0	
-1644167090	scripts/ai/StandardAI.lua	0	768	768	32	256	64	0	32	0	384	80	56	0	0	0		1	0	0	
-1644167089	scripts/ai/StandardAI.lua	0	768	768	32	256	64	0	32	0	384	80	57	0	0	0		1	0	0	
-1644167088	scripts/ai/StandardAI.lua	0	768	768	32	256	64	0	32	0	384	80	58	0	0	0		1	0	0	
-1644167087	scripts/ai/StandardAI.lua	0	768	768	32	256	64	0	32	0	384	80	59	0	0	0		1	0	0	
-1644167086	scripts/ai/StandardAI.lua	0	768	768	32	256	64	0	32	0	384	80	60	0	0	0		1	0	0	
-1644167085	scripts/ai/StandardAI.lua	0	768	768	32	256	64	0	32	0	384	80	61	0	0	0		1	0	0	
-1644167084	scripts/ai/StandardAI.lua	0	768	768	32	256	64	0	32	0	384	80	62	0	1	0		1	0	0	
-1644167083	scripts/ai/StandardAI.lua	0	768	768	32	256	64	0	32	0	384	80	62	0	2	0		1	0	0	
-1644167082	scripts/ai/StandardAI.lua	0	768	768	32	256	64	0	32	0	384	80	62	0	3	0		1	0	0	
-1644167081	scripts/ai/StandardAI.lua	0	768	768	32	256	64	0	32	0	384	80	63	0	0	0		1	0	0	
-1644167080	scripts/ai/StandardAI.lua	0	768	768	32	256	64	0	32	0	384	80	64	0	0	0		1	0	0	
-1644167079	scripts/ai/StandardAI.lua	0	768	768	32	256	64	0	32	0	384	80	65	0	0	0		1	0	0	
-1644167078	scripts/ai/StandardAI.lua	1	768	768	32	256	64	0	32	0	384	80	80	0	1	0		1	0	1	
-1644167077	scripts/ai/StandardAI.lua	1	768	768	32	256	64	0	32	0	384	80	0	0	0	0		1	0	0	
-1644167076	scripts/ai/StandardAI.lua	1	768	768	32	256	64	0	32	0	384	80	129	0	0	0		1	0	0	
-1644167075	scripts/ai/StandardAI.lua	1	768	768	32	256	64	0	32	0	384	80	131	0	0	0		1	0	0	
-1644167074	scripts/ai/StandardAI.lua	1	768	768	32	256	64	0	32	0	384	80	130	0	0	0		1	0	0	
-1644167073	scripts/ai/StandardAI.lua	1	768	768	32	256	64	0	32	0	384	80	139	0	0	0		1	0	0	
-1644167072	scripts/ai/StandardAI.lua	1	768	768	32	256	64	0	32	0	384	80	140	0	0	0		1	0	0	
-1644167071	scripts/ai/StandardAI.lua	1	768	768	32	256	64	0	32	0	384	80	145	0	0	0		1	0	0	
-1644167070	scripts/ai/StandardAI.lua	1	768	768	32	256	64	0	32	0	384	80	148	0	0	0		1	0	0	
-1644167069	scripts/ai/StandardAI.lua	1	768	768	32	256	64	0	32	0	384	80	158	0	0	0		1	0	0	
-1644167068	scripts/ai/StandardAI.lua	1	768	768	32	256	64	0	32	0	384	80	159	0	0	0		1	0	0	
-1644167067	scripts/ai/StandardAI.lua	1	768	768	32	256	64	0	32	0	384	80	160	0	0	0		1	0	0	
-1644167066	scripts/ai/StandardAI.lua	0	768	768	32	256	64	0	32	0	384	80	175	0	0	0		1	0	0	
-1644167065	scripts/ai/StandardAI.lua	0	768	768	32	256	64	0	32	0	384	80	173	0	0	0		1	0	0	
-1644167064	scripts/ai/StandardAI.lua	1	768	768	32	256	64	0	32	0	384	80	174	0	0	0		1	0	0	
-1644167063	scripts/ai/StandardAI.lua	0	768	768	32	256	64	0	32	0	384	80	172	0	0	0		1	0	0	
-1644167062	scripts/ai/StandardAI.lua	1	768	768	32	256	64	0	32	0	384	80	171	0	0	0		1	0	0	
-1644167061	scripts/ai/StandardAI.lua	0	768	768	32	256	64	0	32	0	384	80	169	0	0	0		1	0	0	
-1644167060	scripts/ai/StandardAI.lua	1	768	768	32	256	64	0	32	0	384	80	166	0	0	0		1	0	0	
-1644167059	scripts/ai/StandardAI.lua	1	768	768	32	256	64	0	32	0	384	80	164	0	0	0		1	0	0	
-1644167058	scripts/ai/StandardAI.lua	1	768	768	32	256	64	0	32	0	384	80	189	0	0	0		1	0	0	
-1644167057	scripts/ai/StandardAI.lua	1	768	768	32	256	64	0	32	0	384	80	190	0	0	0		1	0	0	
-1644167056	scripts/ai/StandardAI.lua	1	768	768	32	256	64	0	32	0	384	80	191	0	0	0		1	0	0	
-1644167055	scripts/ai/StandardAI.lua	1	768	768	32	256	64	0	32	0	384	80	192	0	0	0		1	0	0	
-1644167054	scripts/ai/StandardAI.lua	1	768	768	32	256	64	0	32	0	384	80	195	0	0	0		1	0	0	
-1644167053	scripts/ai/StandardAI.lua	1	768	768	32	256	64	0	32	0	384	80	196	0	0	0		1	0	0	
-1644167052	scripts/ai/StandardAI.lua	1	768	768	32	256	64	0	32	0	384	80	198	0	0	0		1	0	0	
-1644167051	scripts/ai/StandardAI.lua	1	768	768	32	256	64	0	32	0	384	80	197	0	0	0		1	0	0	
-1644167050	scripts/ai/StandardAI.lua	1	768	768	32	256	64	0	32	0	384	80	0	0	1	0		1	0	0	
-1644167049	scripts/ai/StandardAI.lua	0	768	768	32	256	64	0	32	0	384	80	212	0	0	0		1	0	0	
-1644167048	scripts/ai/StandardAI.lua	0	768	768	32	256	64	0	32	0	384	80	211	0	0	0		1	0	0	
-1644167047	scripts/ai/StandardAI.lua	0	768	768	32	256	64	0	32	0	384	80	210	0	0	0		1	0	0	
-1644167046	scripts/ai/StandardAI.lua	0	768	768	32	256	64	0	32	0	384	80	209	0	0	0		1	0	0	
-1644167045	scripts/ai/StandardAI.lua	0	768	768	32	256	64	0	32	0	384	80	208	0	0	0		1	0	0	
-1644167044	scripts/ai/StandardAI.lua	0	768	768	32	256	64	0	32	0	384	80	229	0	0	0		1	0	0	
-1644167043	scripts/ai/StandardAI.lua	0	768	768	32	256	64	0	32	0	384	80	233	0	0	0		1	0	0	
-1644167042	scripts/ai/StandardAI.lua	0	768	768	32	256	64	0	32	0	384	80	231	0	0	0		1	0	0	
-1644167041	scripts/ai/StandardAI.lua	0	768	768	32	256	64	0	32	0	384	80	234	0	0	0		1	0	0	
-1644167040	scripts/ai/StandardAI.lua	0	768	768	32	256	64	0	32	0	384	80	235	0	0	0		1	0	0	
-1644167039	scripts/ai/StandardAI.lua	1	768	768	32	256	64	0	32	0	384	80	236	0	0	0		1	0	0	
-1644167038	scripts/ai/StandardAI.lua	1	768	768	32	256	64	0	32	0	384	80	269	0	0	0		1	0	0	
-1644167037	scripts/ai/StandardAI.lua	1	768	768	32	256	64	0	32	0	384	80	277	0	1	0		1	0	0	
-1644167036	scripts/ai/StandardAI.lua	0	768	768	32	256	64	0	32	0	384	80	338	0	0	0		1	0	0	
-1644167035	scripts/ai/StandardAI.lua	0	768	768	32	256	64	0	32	0	384	80	339	0	0	0		1	0	0	
-1644167034	scripts/ai/StandardAI.lua	0	768	768	32	256	64	0	32	0	384	80	340	0	0	0		1	0	0	
-1644167033	scripts/ai/StandardAI.lua	0	768	768	32	256	64	0	32	0	384	80	341	0	0	0		1	0	0	
-1644167032	scripts/ai/StandardAI.lua	0	768	768	32	256	64	0	32	0	384	80	343	0	0	0		1	0	0	
-1644167031	scripts/ai/StandardAI.lua	0	768	768	32	256	64	0	32	0	384	80	345	0	0	0		1	0	0	
-1644167030	scripts/ai/StandardAI.lua	0	768	768	32	256	64	0	32	0	384	80	346	0	0	0		1	0	0	
-1644167029	scripts/ai/StandardAI.lua	0	768	768	32	256	64	0	32	0	384	80	347	0	0	0		1	0	0	
-1644167028	scripts/ai/StandardAI.lua	0	768	768	32	256	64	0	32	0	384	80	918	0	0	0		0	0	0	
-1644167027	scripts/ai/StandardAI.lua	1	768	768	32	256	64	0	32	0	384	80	29	0	1	0		1	0	0	
-1644167026	scripts/ai/StandardAI.lua	1	768	768	32	256	64	0	32	0	384	80	938	0	2	0		1	0	0	
-1644167025	scripts/ai/StandardAI.lua	1	768	768	32	256	64	0	32	0	384	80	32	0	1	0		1	0	0	
-1644167024	scripts/ai/StandardAI.lua	1	768	768	32	256	64	0	32	0	384	80	32	0	2	0		1	0	0	
-1644167023	scripts/ai/StandardAI.lua	1	768	768	32	256	64	0	32	0	384	80	34	0	1	0		1	0	0	
-1644167022	scripts/ai/StandardAI.lua	1	768	768	32	256	64	0	32	0	384	80	34	0	2	0		1	0	0	
-1644167021	scripts/ai/StandardAI.lua	1	768	768	32	256	64	0	32	0	384	80	34	0	3	0		1	0	0	
-1644167020	scripts/ai/StandardAI.lua	1	768	768	32	256	64	0	32	0	384	80	763	0	1	0		1	0	1	
-1644167019	scripts/ai/StandardAI.lua	1	768	768	32	256	64	0	32	0	384	80	766	0	0	0		1	0	1	
-1644167018	scripts/ai/StandardAI.lua	1	768	768	32	256	64	0	32	0	384	80	961	0	1	0		1	0	1	
-1644167017	scripts/ai/StandardAI.lua	1	768	768	32	256	64	0	32	0	384	80	33	0	3	0		1	0	0	
-1644167016	scripts/ai/StandardAI.lua	1	768	768	32	256	64	0	32	0	384	80	33	0	1	0		1	0	0	
-1644167015	scripts/ai/StandardAI.lua	1	768	768	32	256	64	0	32	0	384	80	35	0	2	0		1	0	0	
-1644167014	scripts/ai/StandardAI.lua	1	768	768	32	256	64	0	32	0	384	80	35	0	3	0		1	0	0	
-1644167013	scripts/ai/StandardAI.lua	1	768	768	32	256	64	0	32	0	384	80	35	0	1	0		1	0	0	
-1644167012	scripts/ai/StandardAI.lua	1	768	768	32	256	64	0	32	0	384	80	125	0	3	0		1	0	0	
-1644167011	scripts/ai/StandardAI.lua	1	768	768	32	256	64	0	32	0	384	80	125	0	1	0		1	0	0	
-1644167010	scripts/ai/StandardAI.lua	1	768	768	32	256	64	0	32	0	384	80	125	0	2	0		1	0	0	
-1644167009	scripts/ai/StandardAI.lua	1	768	768	32	256	64	0	32	0	384	80	126	0	3	0		1	0	0	
-1644167008	scripts/ai/StandardAI.lua	1	768	768	32	256	64	0	32	0	384	80	126	0	2	0		1	0	0	
-1644167007	scripts/ai/StandardAI.lua	1	768	768	32	256	64	0	32	0	384	80	126	0	1	0		1	0	0	
-1644167006	scripts/ai/StandardAI.lua	1	768	768	32	256	64	0	32	0	384	80	0	0	4	0		1	0	0	
-1644167005	scripts/ai/StandardAI.lua	1	768	768	32	256	64	0	32	0	384	80	108	0	0	0		1	0	0	
-1644167004	scripts/ai/StandardAI.lua	1	768	768	32	256	64	0	32	0	384	80	565	0	0	0		1	0	0	
-1644167003	scripts/ai/StandardAI.lua	1	768	768	32	256	64	0	32	0	384	80	112	0	0	0		1	0	0	
-1644167002	scripts/ai/StandardAI.lua	1	768	768	32	256	64	0	32	0	384	80	105	0	0	0		1	0	0	
-1644167001	scripts/ai/StandardAI.lua	1	768	768	32	256	64	0	32	0	384	80	109	0	0	0		1	0	0	
-1644167000	scripts/ai/StandardAI.lua	1	768	768	32	256	64	0	32	0	384	80	110	0	0	0		1	0	0	
-1644166999	scripts/ai/StandardAI.lua	1	768	768	32	256	64	0	32	0	384	80	113	0	0	0		1	0	0	
-1644166998	scripts/ai/StandardAI.lua	1	768	768	32	256	64	0	32	0	384	80	117	0	0	0		1	0	0	
-1644166997	scripts/ai/StandardAI.lua	1	768	768	32	256	64	0	32	0	384	80	115	0	0	0		1	0	0	
-1644166996	scripts/ai/StandardAI.lua	1	768	768	32	256	64	0	32	0	384	80	122	0	3	0		1	0	0	
-1644166995	scripts/ai/StandardAI.lua	1	768	768	32	256	64	0	32	0	384	80	122	0	2	0		1	0	0	
-1644166994	scripts/ai/StandardAI.lua	1	768	768	32	256	64	0	32	0	384	80	122	0	1	0		1	0	0	
-1644166993	scripts/ai/StandardAI.lua	1	768	768	32	256	64	0	32	0	384	80	0	0	5	0		1	0	0	
-1644166992	scripts/ai/StandardAI.lua	1	768	768	32	256	64	0	32	0	384	80	132	0	2	0		1	0	0	
-1644166991	scripts/ai/StandardAI.lua	1	768	768	32	256	64	0	32	0	384	80	132	0	3	0		1	0	0	
-1644166990	scripts/ai/StandardAI.lua	1	768	768	32	256	64	0	32	0	384	80	132	0	1	0		1	0	0	
-1644166989	scripts/ai/StandardAI.lua	1	768	768	32	256	64	0	32	0	384	80	107	0	0	0		1	0	0	
-1644166988	scripts/ai/StandardAI.lua	1	768	768	32	256	64	0	32	0	384	80	119	0	0	0		1	0	0	
-1644166987	scripts/ai/StandardAI.lua	1	768	768	32	256	64	0	32	0	384	80	120	0	1	0		1	0	0	
-1644166986	scripts/ai/StandardAI.lua	1	768	768	32	256	64	0	32	0	384	80	120	0	2	0		1	0	0	
-1644166985	scripts/ai/StandardAI.lua	1	768	768	32	256	64	0	32	0	384	80	120	0	3	0		1	0	0	
-1644166984	scripts/ai/StandardAI.lua	1	768	768	32	256	64	0	32	0	384	80	533	0	0	0		1	0	0	
-1644166983	scripts/ai/StandardAI.lua	1	768	768	32	256	64	0	32	0	384	80	993	0	0	0		1	0	1	
-1644166982	scripts/ai/StandardAI.lua	1	768	768	32	256	64	0	32	0	384	80	121	0	1	0		1	0	0	
-1644166981	scripts/ai/StandardAI.lua	1	768	768	32	256	64	0	32	0	384	80	121	0	3	0		1	0	0	
-1644166980	scripts/ai/StandardAI.lua	1	768	768	32	256	64	0	32	0	384	80	121	0	2	0		1	0	0	
-1644166979	scripts/ai/StandardAI.lua	1	768	768	32	256	64	0	32	0	384	80	558	0	0	0		1	0	0	
-1644166978	scripts/ai/StandardAI.lua	1	768	768	32	256	64	0	32	0	384	80	156	0	1	0		1	0	0	
-1644166977	scripts/ai/StandardAI.lua	1	768	768	32	256	64	0	32	0	384	80	156	0	3	0		1	0	0	
-1644166976	scripts/ai/StandardAI.lua	1	768	768	32	256	64	0	32	0	384	80	156	0	2	0		1	0	0	
-1644166975	scripts/ai/StandardAI.lua	1	768	768	32	256	64	0	32	0	384	80	978	0	1	0		1	0	1	
-1644166974	scripts/ai/StandardAI.lua	1	768	768	32	256	64	0	32	0	384	80	186	0	1	0		1	0	0	
-1644166973	scripts/ai/StandardAI.lua	0	768	768	32	256	80	0	32	0	1024	64	0	0	6	0		0	0	0	
-1644166972	scripts/ai/StandardAI.lua	1	768	768	32	256	64	0	32	0	384	80	186	0	3	0		1	0	0	
-1644166971	scripts/ai/StandardAI.lua	1	768	768	32	256	64	0	32	0	384	80	185	0	2	0		1	0	0	
-1644166970	scripts/ai/StandardAI.lua	1	768	768	32	256	64	0	32	0	384	80	185	0	3	0		1	0	0	
-1644166969	scripts/ai/StandardAI.lua	1	768	768	32	256	64	0	32	0	384	80	185	0	1	0		1	0	0	
-1644166968	scripts/ai/StandardAI.lua	0	768	768	32	256	64	0	32	0	384	80	0	0	0	0		1	0	0	
-1644166967	scripts/ai/StandardAI.lua	1	768	768	32	256	64	0	32	0	384	80	157	0	2	0		1	0	0	
-1644166966	scripts/ai/StandardAI.lua	1	768	768	32	256	64	0	32	0	384	80	157	0	1	0		1	0	0	
-1644166965	scripts/ai/StandardAI.lua	1	768	768	32	256	64	0	32	0	384	80	157	0	3	0		1	0	0	
-1644166964	scripts/ai/StandardAI.lua	1	768	768	32	256	64	0	32	0	384	80	100	0	0	0		1	0	0	
-1644166963	scripts/ai/StandardAI.lua	1	768	768	32	256	64	0	32	0	384	80	199	0	0	0		1	0	0	
-1644166962	scripts/ai/StandardAI.lua	1	768	768	32	256	64	0	32	0	384	80	201	0	0	0		1	0	0	
-1644166961	scripts/ai/StandardAI.lua	1	768	768	32	256	64	0	32	0	384	80	193	0	2	0		1	0	0	
-1644166960	scripts/ai/StandardAI.lua	1	768	768	32	256	64	0	32	0	384	80	193	0	1	0		1	0	0	
-1644166959	scripts/ai/StandardAI.lua	1	768	768	32	256	64	0	32	0	384	80	90	0	0	0		1	0	0	
-1644166958	scripts/ai/StandardAI.lua	1	768	768	32	256	64	0	32	0	384	80	187	0	1	0		1	0	0	
-1644166957	scripts/ai/StandardAI.lua	1	768	768	32	256	64	0	32	0	384	80	187	0	2	0		1	0	0	
-1644166956	scripts/ai/StandardAI.lua	1	768	768	32	256	64	0	32	0	384	80	92	0	0	0		1	0	0	
-1644166955	scripts/ai/StandardAI.lua	1	768	768	32	256	64	0	32	0	384	80	91	0	0	0		1	0	0	
-1644166954	scripts/ai/StandardAI.lua	1	768	768	32	256	56	0	32	0	384	80	218	0	1	0		1	0	0	
-1644166953	scripts/ai/StandardAI.lua	1	768	768	32	256	64	0	32	0	384	80	218	0	2	0		1	0	0	
-1644166952	scripts/ai/StandardAI.lua	1	768	768	32	256	64	0	32	0	384	80	218	0	3	0		1	0	0	
-1644166951	scripts/ai/StandardAI.lua	1	768	768	32	256	64	0	32	0	384	80	96	0	0	0		1	0	0	
-1644166950	scripts/ai/StandardAI.lua	1	768	768	32	256	64	0	32	0	384	80	666	0	0	0		1	0	0	
-1644166949	scripts/ai/StandardAI.lua	1	768	768	32	256	64	0	32	0	384	80	215	0	3	0		1	0	0	
-1644166948	scripts/ai/StandardAI.lua	1	768	768	32	256	64	0	32	0	384	80	215	0	1	0		1	0	0	
-1644166947	scripts/ai/StandardAI.lua	1	768	768	32	256	64	0	32	0	384	80	215	0	2	0		1	0	0	
-1644166946	scripts/ai/StandardAI.lua	1	768	768	32	256	64	0	32	0	384	80	375	250	0	0		1	0	0	
-1644166945	scripts/ai/StandardAI.lua	1	768	768	32	256	64	0	32	0	384	80	181	0	2	0		1	0	0	
-1644166944	scripts/ai/StandardAI.lua	1	768	768	32	256	64	0	32	0	384	80	181	0	3	0		1	0	0	
-1644166943	scripts/ai/StandardAI.lua	1	768	768	32	256	64	0	32	0	384	80	181	0	1	0		1	0	0	
-1644166942	scripts/ai/StandardAI.lua	1	768	768	32	256	64	0	32	0	384	80	376	0	0	0		1	0	0	
-1644166941	scripts/ai/StandardAI.lua	1	768	768	32	256	64	0	32	0	384	80	377	0	0	0		1	0	0	
-1644166940	scripts/ai/StandardAI.lua	1	768	768	32	256	64	0	32	0	384	80	378	0	0	0		1	0	0	
-1644166939	scripts/ai/StandardAI.lua	1	768	768	32	256	64	0	32	0	384	80	379	0	0	0		1	0	0	
-1644166938	scripts/ai/StandardAI.lua	1	768	768	32	256	64	0	32	0	384	80	380	0	0	0		1	0	0	
-1644166937	scripts/ai/StandardAI.lua	1	768	768	32	256	64	0	32	0	384	80	381	0	0	0		1	0	0	
-1644166936	scripts/ai/StandardAI.lua	1	768	768	32	256	64	0	32	0	384	80	382	0	0	0		1	0	0	
-1644166935	scripts/ai/StandardAI.lua	1	768	768	32	256	64	0	32	0	384	80	383	0	0	0		1	0	0	
-1644166934	scripts/ai/StandardAI.lua	1	768	768	32	256	64	0	32	0	384	80	384	0	0	0		1	0	0	
-1644166933	scripts/ai/StandardAI.lua	1	768	768	32	256	64	0	32	0	384	80	385	0	0	0		1	0	0	
-1644166932	scripts/ai/StandardAI.lua	1	768	768	32	256	64	0	32	0	384	80	386	0	0	0		1	0	0	
-1644166931	scripts/ai/StandardAI.lua	1	768	768	32	256	64	0	32	0	384	80	387	0	0	0		1	0	0	
-1644166930	scripts/ai/StandardAI.lua	1	768	768	32	256	64	0	32	0	384	80	79	0	1	0		1	0	1	
-1644166929	scripts/ai/StandardAI.lua	1	768	768	32	256	64	0	32	0	384	80	388	0	0	0		1	0	0	
-1644166928	scripts/ai/StandardAI.lua	1	768	768	32	256	64	0	32	0	384	80	389	0	0	0		1	0	0	
-1644166927	scripts/ai/StandardAI.lua	1	768	768	32	256	64	0	32	0	384	80	391	0	0	0		1	0	0	
-1644166926	scripts/ai/StandardAI.lua	1	768	768	32	256	64	0	32	0	384	80	392	0	0	0		1	0	0	
-1644166925	scripts/ai/StandardAI.lua	1	768	768	32	256	64	0	32	0	384	80	394	0	0	0		1	0	0	
-1644166924	scripts/ai/StandardAI.lua	1	768	768	32	256	64	0	32	0	384	80	397	0	0	0		1	0	0	
-1644166923	scripts/ai/StandardAI.lua	1	768	768	32	256	64	0	32	0	384	80	398	0	0	0		1	0	0	
-1644166922	scripts/ai/StandardAI.lua	1	768	768	32	256	64	0	32	0	384	80	399	0	0	0		1	0	0	
-1644166921	scripts/ai/StandardAI.lua	1	768	768	32	256	64	0	32	0	384	80	400	0	1	0		1	0	0	
-1644166920	scripts/ai/StandardAI.lua	1	768	768	32	256	64	0	32	0	384	80	400	0	2	0		1	0	0	
-1644166919	scripts/ai/StandardAI.lua	1	768	768	32	256	64	0	32	0	384	80	222	0	1	0		1	0	0	
-1644166918	scripts/ai/StandardAI.lua	1	768	768	32	256	64	0	32	0	384	80	222	0	2	0		1	0	0	
-1644166917	scripts/ai/StandardAI.lua	1	768	768	32	256	64	0	32	0	384	80	222	0	3	0		1	0	0	
-1644166916	scripts/ai/StandardAI.lua	1	768	768	32	256	64	0	32	0	384	80	0	0	6	0		1	0	0	
-1644166915	scripts/ai/StandardAI.lua	1	768	768	32	256	64	0	32	0	384	80	403	0	0	0		1	0	0	
-1644166914	scripts/ai/StandardAI.lua	1	768	768	32	256	64	0	32	0	384	80	404	0	0	0		1	0	0	
-1644166913	scripts/ai/StandardAI.lua	1	768	768	32	256	64	0	32	0	384	80	405	0	0	0		1	0	0	
-1644166912	scripts/ai/StandardAI.lua	1	768	768	32	256	64	0	32	0	384	80	407	0	0	0		1	0	0	
-1644166911	scripts/ai/StandardAI.lua	0	768	768	32	256	64	0	32	0	384	80	408	0	0	0		1	0	0	
-1644166910	scripts/ai/StandardAI.lua	1	768	768	32	256	64	0	32	0	384	80	409	0	0	0		1	0	0	
-1644166909	scripts/ai/StandardAI.lua	1	768	768	32	256	64	0	32	0	384	80	410	0	0	0		1	0	0	
-1644166908	scripts/ai/StandardAI.lua	1	768	768	32	256	64	0	32	0	384	80	411	0	0	0		1	0	0	
-1644166907	scripts/ai/StandardAI.lua	1	768	768	32	256	64	0	32	0	384	80	412	0	1	0		1	0	0	
-1644166906	scripts/ai/StandardAI.lua	1	768	768	32	256	64	0	32	0	384	80	413	0	0	0		1	0	0	
-1644166905	scripts/ai/StandardAI.lua	1	768	768	32	256	64	0	32	0	384	80	416	0	0	0		1	0	0	
-1644166904	scripts/ai/StandardAI.lua	1	768	768	32	256	64	0	32	0	384	80	415	0	0	0		1	0	0	
-1644166903	scripts/ai/StandardAI.lua	1	768	768	32	256	64	0	32	0	384	80	414	0	0	0		1	0	0	
-1644166902	scripts/ai/StandardAI.lua	1	768	768	32	256	64	0	32	0	384	80	417	0	0	0		1	0	0	
-1644166901	scripts/ai/StandardAI.lua	1	768	768	32	256	64	0	32	0	384	80	419	0	0	0		1	0	0	
-1644166900	scripts/ai/StandardAI.lua	1	768	768	32	256	64	0	32	0	384	80	420	0	0	0		1	0	0	
-1644166899	scripts/ai/StandardAI.lua	1	768	768	32	256	64	0	32	0	384	80	421	0	0	0		1	0	0	
-1644166898	scripts/ai/StandardAI.lua	1	768	768	32	256	64	0	32	0	384	80	161	0	0	0		1	0	0	
-1644166897	scripts/ai/StandardAI.lua	1	768	768	32	256	64	0	32	0	384	80	162	0	0	0		1	0	0	
-1644166896	scripts/ai/StandardAI.lua	0	768	768	32	256	64	0	32	0	384	80	176	0	0	0		1	0	0	
-1644166895	scripts/ai/StandardAI.lua	0	768	768	32	256	64	0	32	0	384	80	170	0	0	0		1	0	0	
-1644166894	scripts/ai/StandardAI.lua	0	768	768	32	256	64	0	32	0	384	80	168	0	0	0		1	0	0	
-1644166893	scripts/ai/StandardAI.lua	1	768	768	32	256	64	0	32	0	384	80	165	0	0	0		1	0	0	
-1644166892	scripts/ai/StandardAI.lua	1	768	768	32	256	64	0	32	0	384	80	167	0	0	0		1	0	0	
-1644166891	scripts/ai/StandardAI.lua	1	768	768	32	256	64	0	32	0	384	80	358	0	0	0		1	0	0	
-1644166890	scripts/ai/StandardAI.lua	1	768	768	32	256	64	0	32	0	384	80	356	0	0	0		1	0	0	
-1644166889	scripts/ai/StandardAI.lua	1	768	768	32	256	64	0	32	0	384	80	889	0	0	0		1	0	1	
-1644166888	scripts/ai/StandardAI.lua	1	768	768	32	256	64	0	32	0	384	80	422	0	1	0		1	0	0	
-1644166887	scripts/ai/StandardAI.lua	1	768	768	32	256	64	0	32	0	384	80	423	0	0	0		1	0	0	
-1644166886	scripts/ai/StandardAI.lua	1	768	768	32	256	64	0	32	0	384	80	357	0	1	0		1	0	0	
-1644166885	scripts/ai/StandardAI.lua	1	768	768	32	256	64	0	32	0	384	80	357	0	2	0		1	0	0	
-1644166884	scripts/ai/StandardAI.lua	1	768	768	32	256	64	0	32	0	384	80	357	0	3	0		1	0	0	
-1644166883	scripts/ai/StandardAI.lua	0	768	768	32	256	64	0	32	0	384	80	425	0	1	0		1	0	0	
-1644166882	scripts/ai/StandardAI.lua	0	768	768	32	256	64	0	32	0	384	80	424	0	1	0		1	0	0	
-1644166881	scripts/ai/StandardAI.lua	0	768	768	32	256	64	0	32	0	384	80	426	0	1	0		1	0	0	
-1644166880	scripts/ai/StandardAI.lua	1	768	768	32	256	64	0	32	0	384	80	890	0	2	0		1	0	1	
-1644166879	scripts/ai/StandardAI.lua	1	768	768	32	256	64	0	32	0	384	80	427	0	1	0		1	0	0	
-1644166878	scripts/ai/StandardAI.lua	1	768	768	32	256	64	0	32	0	384	80	428	0	1	0		1	0	0	
-1644166877	scripts/ai/StandardAI.lua	1	768	768	32	256	64	0	32	0	384	80	429	0	1	0		1	0	0	
-1644166876	scripts/ai/StandardAI.lua	1	768	768	32	256	64	0	32	0	384	80	890	0	1	0		1	0	1	
-1644166875	scripts/ai/StandardAI.lua	1	768	768	32	256	64	0	32	0	384	80	432	0	1	0		1	0	0	
-1644166874	scripts/ai/StandardAI.lua	0	768	768	32	256	64	0	32	0	384	80	433	0	1	0		1	0	0	
-1644166873	scripts/ai/StandardAI.lua	0	768	768	32	256	64	0	32	0	384	80	434	0	1	0		1	0	0	
-1644166872	scripts/ai/StandardAI.lua	1	768	768	32	256	64	0	32	0	384	80	436	0	1	0		1	0	0	
-1644166871	scripts/ai/StandardAI.lua	1	768	768	32	256	64	0	32	0	384	80	437	0	1	0		1	0	0	
-1644166870	scripts/ai/StandardAI.lua	1	768	768	32	256	64	0	32	0	384	80	438	0	1	0		1	0	0	
-1644166869	scripts/ai/StandardAI.lua	1	768	768	32	256	64	0	32	0	384	80	439	0	1	0		1	0	0	
-1644166868	scripts/ai/StandardAI.lua	1	768	768	32	256	64	0	32	0	384	80	440	0	1	0		1	0	0	
-1644166867	scripts/ai/StandardAI.lua	0	768	768	32	256	64	0	32	0	384	80	441	0	1	0		1	0	0	
-1644166866	scripts/ai/StandardAI.lua	1	768	768	32	256	64	0	32	0	384	80	355	0	1	0		1	0	0	
-1644166865	scripts/ai/StandardAI.lua	1	768	768	32	256	64	0	32	0	384	80	442	0	1	0		1	0	0	
-1644166864	scripts/ai/StandardAI.lua	1	768	768	32	256	64	0	32	0	384	80	354	0	2	0		1	0	0	
-1644166863	scripts/ai/StandardAI.lua	1	768	768	32	256	64	0	32	0	384	80	354	0	1	0		1	0	0	
-1644166862	scripts/ai/StandardAI.lua	1	768	768	32	256	64	0	32	0	384	80	354	0	5	0		1	0	0	
-1644166861	scripts/ai/StandardAI.lua	1	768	768	32	256	64	0	32	0	384	80	354	0	4	0		1	0	0	
-1644166860	scripts/ai/StandardAI.lua	1	768	768	32	256	64	0	32	0	384	80	354	0	3	0		1	0	0	
-1644166859	scripts/ai/StandardAI.lua	1	768	768	32	256	64	0	32	0	384	80	443	0	1	0		1	0	0	
-1644166858	scripts/ai/StandardAI.lua	1	768	768	32	256	64	0	32	0	384	80	444	0	1	0		1	0	0	
-1644166857	scripts/ai/StandardAI.lua	0	768	768	32	256	64	0	32	0	384	80	445	0	1	0		1	0	0	
-1644166856	scripts/ai/StandardAI.lua	1	768	768	32	256	64	0	32	0	384	80	446	0	1	0		1	0	0	
-1644166855	scripts/ai/StandardAI.lua	0	768	768	32	256	64	0	32	0	384	80	447	0	1	0		1	0	0	
-1644166854	scripts/ai/StandardAI.lua	1	768	768	32	256	64	0	32	0	384	80	448	0	1	0		1	0	0	
-1644166853	scripts/ai/StandardAI.lua	1	768	768	32	256	64	0	32	0	384	80	449	0	0	0		1	0	0	
-1644166852	scripts/ai/StandardAI.lua	1	768	768	32	256	64	0	32	0	384	80	329	0	0	0		1	0	0	
-1644166851	scripts/ai/StandardAI.lua	0	768	768	32	256	64	0	32	0	384	80	450	0	1	0		1	0	0	
-1644166850	scripts/ai/StandardAI.lua	1	768	768	32	256	64	0	32	0	384	80	451	0	1	0		1	0	0	
-1644166849	scripts/ai/StandardAI.lua	1	768	768	32	256	64	0	32	0	384	80	337	0	1	0		1	0	0	
-1644166848	scripts/ai/StandardAI.lua	1	768	768	32	256	64	0	32	0	384	80	337	0	3	0		1	0	0	
-1644166847	scripts/ai/StandardAI.lua	1	768	768	32	256	64	0	32	0	384	80	337	0	2	0		1	0	0	
-1644166846	scripts/ai/StandardAI.lua	1	768	768	32	256	64	0	32	0	384	80	452	0	1	0		1	0	0	
-1644166845	scripts/ai/StandardAI.lua	1	768	768	32	256	64	0	32	0	384	80	336	0	1	0		1	0	0	
-1644166844	scripts/ai/StandardAI.lua	1	768	768	32	256	64	0	32	0	384	80	336	0	2	0		1	0	0	
-1644166843	scripts/ai/StandardAI.lua	1	768	768	32	256	64	0	32	0	384	80	336	0	3	0		1	0	0	
-1644166842	scripts/ai/StandardAI.lua	1	768	768	32	256	64	0	32	0	384	80	335	0	0	0		1	0	0	
-1644166841	scripts/ai/StandardAI.lua	1	768	768	32	256	64	0	32	0	384	80	350	0	3	0		1	0	0	
-1644166840	scripts/ai/StandardAI.lua	0	768	768	32	256	64	0	32	0	384	80	349	0	0	0		1	0	0	
-1644166839	scripts/ai/StandardAI.lua	0	768	768	32	256	80	0	32	0	1024	64	348	0	1	0		0	0	0	
-1644166838	scripts/ai/StandardAI.lua	1	768	768	32	256	64	0	32	0	384	80	351	0	1	0		1	0	0	
-1644166837	scripts/ai/StandardAI.lua	1	768	768	32	256	64	0	32	0	384	80	351	0	2	0		1	0	0	
-1644166836	scripts/ai/StandardAI.lua	1	768	768	32	256	64	0	32	0	384	80	351	0	3	0		1	0	0	
-1644166835	scripts/ai/StandardAI.lua	1	768	768	32	256	64	0	32	0	384	80	455	0	1	0		1	0	0	
-1644166834	scripts/ai/StandardAI.lua	1	768	768	32	256	64	0	32	0	384	80	344	0	0	0		1	0	0	
-1644166833	scripts/ai/StandardAI.lua	1	768	768	32	256	64	0	32	0	384	80	456	0	0	0		1	0	0	
-1644166832	scripts/ai/StandardAI.lua	1	768	768	32	256	64	0	32	0	384	80	457	0	1	0		1	0	0	
-1644166831	scripts/ai/StandardAI.lua	1	768	768	32	256	64	0	32	0	384	80	459	0	0	0		1	0	1	
-1644166830	scripts/ai/StandardAI.lua	0	768	768	32	256	64	0	32	0	384	80	308	0	1	0		1	0	0	
-1644166829	scripts/ai/StandardAI.lua	0	768	768	32	256	64	0	32	0	384	80	308	0	2	0		1	0	0	
-1644166828	scripts/ai/StandardAI.lua	0	768	768	32	256	64	0	32	0	384	80	308	0	3	0		1	0	0	
-1644166827	scripts/ai/StandardAI.lua	0	768	768	32	256	64	0	32	0	384	80	308	0	4	0		1	0	0	
-1644166826	scripts/ai/StandardAI.lua	0	768	768	32	256	64	0	32	0	384	80	308	0	5	0		1	0	0	
-1644166825	scripts/ai/StandardAI.lua	0	768	768	32	256	64	0	32	0	384	80	304	0	0	0		1	0	0	
-1644166824	scripts/ai/StandardAI.lua	0	768	768	32	256	64	0	32	0	384	80	303	0	0	0		1	0	0	
-1644166823	scripts/ai/StandardAI.lua	0	768	768	32	256	64	0	32	0	384	80	305	0	0	0		1	0	0	
-1644166822	scripts/ai/StandardAI.lua	0	768	768	32	256	64	0	32	0	384	80	296	0	0	0		1	0	0	
-1644166821	scripts/ai/StandardAI.lua	0	768	768	32	256	64	0	32	0	384	80	297	0	0	0		1	0	0	
-1644166820	scripts/ai/StandardAI.lua	0	768	768	32	256	64	0	32	0	384	80	298	0	0	0		1	0	0	
-1644166819	scripts/ai/StandardAI.lua	0	768	768	32	256	64	0	32	0	384	80	299	0	0	0		1	0	0	
-1644166818	scripts/ai/StandardAI.lua	0	768	768	32	256	64	0	32	0	384	80	294	0	0	0		1	0	0	
-1644166817	scripts/ai/StandardAI.lua	0	768	768	32	256	64	0	32	0	384	80	300	0	0	0		1	0	0	
-1644166816	scripts/ai/StandardAI.lua	0	768	768	32	256	64	0	32	0	384	80	302	0	0	0		1	0	0	
-1644166815	scripts/ai/StandardAI.lua	0	768	768	32	256	64	0	32	0	384	80	301	0	0	0		1	0	0	
-1644166814	scripts/ai/StandardAI.lua	1	768	768	32	256	64	0	32	0	384	80	306	0	1	0		1	0	0	
-1644166813	scripts/ai/StandardAI.lua	1	768	768	32	256	64	0	32	0	384	80	306	0	2	0		1	0	0	
-1644166812	scripts/ai/StandardAI.lua	1	768	768	32	256	64	0	32	0	384	80	306	0	3	0		1	0	0	
-1644166811	scripts/ai/StandardAI.lua	1	768	768	32	256	64	0	32	0	384	80	307	0	2	0		1	0	0	
-1644166810	scripts/ai/StandardAI.lua	1	768	768	32	256	64	0	32	0	384	80	307	0	3	0		1	0	0	
-1644166809	scripts/ai/StandardAI.lua	0	768	768	32	256	64	0	32	0	384	80	313	0	4	0		1	0	0	
-1644166808	scripts/ai/StandardAI.lua	0	768	768	32	256	64	0	32	0	384	80	313	0	2	0		1	0	0	
-1644166807	scripts/ai/StandardAI.lua	0	768	768	32	256	64	0	32	0	384	80	313	0	1	0		1	0	0	
-1644166806	scripts/ai/StandardAI.lua	0	768	768	32	256	64	0	32	0	384	80	313	0	3	0		1	0	0	
-1644166805	scripts/ai/StandardAI.lua	0	768	768	32	256	64	0	32	0	384	80	313	0	5	0		1	0	0	
-1644166804	scripts/ai/StandardAI.lua	1	768	768	32	256	64	0	32	0	384	80	312	0	1	0		1	0	0	
-1644166803	scripts/ai/StandardAI.lua	1	768	768	32	256	64	0	32	0	384	80	312	0	3	0		1	0	0	
-1644166802	scripts/ai/StandardAI.lua	1	768	768	32	256	64	0	32	0	384	80	312	0	2	0		1	0	0	
-1644166801	scripts/ai/StandardAI.lua	1	768	768	32	256	64	0	32	0	384	80	460	0	0	0		1	0	0	
-1644166800	scripts/ai/StandardAI.lua	1	768	768	32	256	64	0	32	0	384	80	461	0	1	0		1	0	0	
-1644166799	scripts/ai/StandardAI.lua	1	768	768	32	256	64	0	32	0	384	80	462	0	0	0		1	0	0	
-1644166798	scripts/ai/StandardAI.lua	1	768	768	32	256	64	0	32	0	384	80	463	0	1	0		1	0	0	
-1644166797	scripts/ai/StandardAI.lua	1	768	768	32	256	64	0	32	0	384	80	464	0	1	0		1	0	0	
-1644166796	scripts/ai/StandardAI.lua	1	768	768	32	256	64	0	32	0	384	80	468	0	1	0		1	0	0	
-1644166795	scripts/ai/StandardAI.lua	1	768	768	32	256	64	0	32	0	384	80	467	0	1	0		1	0	0	
-1644166794	scripts/ai/StandardAI.lua	1	768	768	32	256	64	0	32	0	384	80	465	0	1	0		1	0	0	
-1644166793	scripts/ai/StandardAI.lua	1	768	768	32	256	64	0	32	0	384	80	466	0	1	0		1	0	0	
-1644166792	scripts/ai/StandardAI.lua	1	768	768	32	256	64	0	32	0	384	80	469	0	1	0		1	0	0	
-1644166791	scripts/ai/StandardAI.lua	1	768	768	32	256	64	0	32	0	384	80	470	0	1	0		1	0	0	
-1644166790	scripts/ai/StandardAI.lua	1	768	768	32	256	64	0	32	0	384	80	472	0	1	0		1	0	0	
-1644166789	scripts/ai/StandardAI.lua	1	768	768	32	256	64	0	32	0	384	80	471	0	1	0		1	0	0	
-1644166788	scripts/ai/StandardAI.lua	1	768	768	32	256	64	0	32	0	384	80	473	0	1	0		1	0	0	
-1644166787	scripts/ai/StandardAI.lua	1	768	768	32	256	64	0	32	0	384	80	474	0	1	0		1	0	0	
-1644166786	scripts/ai/StandardAI.lua	1	768	768	32	256	64	0	32	0	384	80	475	0	1	0		1	0	0	
-1644166785	scripts/ai/StandardAI.lua	1	768	768	32	256	64	0	32	0	384	80	478	0	0	0		1	0	1	
-1644166784	scripts/ai/StandardAI.lua	1	768	768	32	256	64	0	32	0	384	80	477	0	1	0		1	0	0	
-1644166783	scripts/ai/StandardAI.lua	1	768	768	32	256	64	0	32	0	384	80	476	0	0	0		1	0	1	
-1644166782	scripts/ai/StandardAI.lua	1	768	768	32	256	64	0	32	0	384	80	320	0	1	0		1	0	0	
-1644166781	scripts/ai/StandardAI.lua	1	768	768	32	256	64	0	32	0	384	80	318	0	1	0		1	0	0	
-1644166780	scripts/ai/StandardAI.lua	1	768	768	32	256	64	0	32	0	384	80	318	0	2	0		1	0	0	
-1644166779	scripts/ai/StandardAI.lua	1	768	768	32	256	64	0	32	0	384	80	318	0	3	0		1	0	0	
-1644166778	scripts/ai/StandardAI.lua	1	768	768	32	256	64	0	32	0	384	80	481	0	1	0		1	0	0	
-1644166777	scripts/ai/StandardAI.lua	0	768	768	32	256	64	0	32	0	384	80	315	0	1	0		1	0	0	
-1644166776	scripts/ai/StandardAI.lua	0	768	768	32	256	64	0	32	0	384	80	314	0	1	0		1	0	0	
-1644166775	scripts/ai/StandardAI.lua	0	768	768	32	256	64	0	32	0	384	80	316	0	1	0		1	0	0	
-1644166774	scripts/ai/StandardAI.lua	1	768	768	32	256	64	0	32	0	384	80	483	0	1	0		1	0	0	
-1644166773	scripts/ai/StandardAI.lua	0	768	768	32	256	64	0	32	0	384	80	317	0	1	0		1	0	0	
-1644166772	scripts/ai/StandardAI.lua	1	768	768	32	256	64	0	32	0	384	80	484	0	1	0		1	0	0	
-1644166771	scripts/ai/StandardAI.lua	1	768	768	32	256	64	0	32	0	384	80	353	0	1	0		1	0	0	
-1644166770	scripts/ai/StandardAI.lua	1	768	768	32	256	64	0	32	0	384	80	352	0	1	0		1	0	0	
-1644166769	scripts/ai/StandardAI.lua	1	768	768	32	256	64	0	32	0	384	80	332	0	1	0		1	0	0	
-1644166768	scripts/ai/StandardAI.lua	1	768	768	32	256	64	0	32	0	384	80	489	0	0	0		1	0	0	
-1644166767	scripts/ai/StandardAI.lua	1	768	768	32	256	64	0	32	0	384	80	490	0	1	0		1	0	0	
-1644166766	scripts/ai/StandardAI.lua	1	768	768	32	256	64	0	32	0	384	80	491	0	0	0		1	0	0	
-1644166765	scripts/ai/StandardAI.lua	1	768	768	32	256	64	0	32	0	384	80	492	0	0	0		1	0	0	
-1644166764	scripts/ai/StandardAI.lua	1	768	768	32	256	64	0	32	0	384	80	505	0	0	0		1	0	0	
-1644166763	scripts/ai/StandardAI.lua	1	768	768	32	256	64	0	32	0	384	80	506	0	0	0		1	0	0	
-1644166762	scripts/ai/StandardAI.lua	1	768	768	32	256	64	0	32	0	384	80	507	0	0	0		1	0	0	
-1644166761	scripts/ai/StandardAI.lua	1	768	768	32	256	64	0	32	0	384	80	508	0	0	0		1	0	0	
-1644166760	scripts/ai/StandardAI.lua	1	768	768	32	256	64	0	32	0	384	80	514	0	0	0		1	0	0	
-1644166759	scripts/ai/StandardAI.lua	1	768	768	32	256	64	0	32	0	384	80	515	0	0	0		1	0	0	
-1644166758	scripts/ai/StandardAI.lua	1	768	768	32	256	64	0	32	0	384	80	516	0	0	0		1	0	0	
-1644166757	scripts/ai/StandardAI.lua	1	768	768	32	256	64	0	32	0	384	80	518	0	1	0		1	0	0	
-1644166756	scripts/ai/StandardAI.lua	1	768	768	32	256	64	0	32	0	384	80	517	0	1	0		1	0	0	
-1644166755	scripts/ai/StandardAI.lua	1	768	768	32	256	64	0	32	0	384	80	519	0	0	0		1	0	0	
-1644166754	scripts/ai/StandardAI.lua	1	768	768	32	256	64	0	32	0	384	80	520	0	0	0		1	0	0	
-1644166753	scripts/ai/StandardAI.lua	1	768	768	32	256	64	0	32	0	384	80	521	0	0	0		1	0	0	
-1644166752	scripts/ai/StandardAI.lua	1	768	768	32	256	64	0	32	0	384	80	522	0	0	0		1	0	0	
-1644166751	scripts/ai/StandardAI.lua	1	768	768	32	256	64	0	32	0	384	80	523	0	0	0		1	0	0	
-1644166750	scripts/ai/StandardAI.lua	1	768	768	32	256	64	0	32	0	384	80	524	0	0	0		1	0	0	
-1644166749	scripts/ai/StandardAI.lua	1	768	768	32	256	64	0	32	0	384	80	525	0	0	0		1	0	0	
-1644166748	scripts/ai/StandardAI.lua	1	768	768	32	256	64	0	32	0	384	80	526	0	0	0		1	0	0	
-1644166747	scripts/ai/StandardAI.lua	1	768	768	32	256	64	0	32	0	384	80	527	0	0	0		1	0	0	
-1644166746	scripts/ai/StandardAI.lua	1	768	768	32	256	64	0	32	0	384	80	528	0	0	0		1	0	0	
-1644166745	scripts/ai/StandardAI.lua	1	768	768	32	256	64	0	32	0	384	80	529	0	0	0		1	0	0	
-1644166744	scripts/ai/StandardAI.lua	1	768	768	32	256	64	0	32	0	384	80	141	0	2	0		1	0	0	
-1644166743	scripts/ai/StandardAI.lua	1	768	768	32	256	64	0	32	0	384	80	135	0	0	0		1	0	0	
-1644166742	scripts/ai/StandardAI.lua	1	768	768	32	256	64	0	32	0	384	80	530	0	0	0		1	0	0	
-1644166741	scripts/ai/StandardAI.lua	1	768	768	32	256	64	0	32	0	384	80	531	0	0	0		1	0	0	
-1644166740	scripts/ai/StandardAI.lua	0	768	768	32	256	64	0	32	0	384	80	532	0	0	0		1	0	0	
-1644166739	scripts/ai/StandardAI.lua	1	768	768	32	256	64	0	32	0	384	80	534	0	0	0		1	0	0	
-1644166738	scripts/ai/StandardAI.lua	1	768	768	32	256	64	0	32	0	384	80	535	0	0	0		1	0	0	
-1644166737	scripts/ai/StandardAI.lua	1	768	768	32	256	64	0	32	0	384	80	539	0	0	0		1	0	0	
-1644166736	scripts/ai/StandardAI.lua	1	768	768	32	256	64	0	32	0	384	80	540	0	0	0		1	0	0	
-1644166735	scripts/ai/StandardAI.lua	1	768	768	32	256	64	0	32	0	384	80	541	0	0	0		1	0	0	
-1644166734	scripts/ai/StandardAI.lua	1	768	768	32	256	64	0	32	0	384	80	542	0	0	0		1	0	0	
-1644166733	scripts/ai/StandardAI.lua	1	768	768	32	256	64	0	32	0	384	80	543	0	0	0		1	0	0	
-1644166732	scripts/ai/StandardAI.lua	1	768	768	32	256	64	0	32	0	384	80	544	0	1	0		1	0	0	
-1644166731	scripts/ai/StandardAI.lua	1	768	768	32	256	64	0	32	0	384	80	544	0	2	0		1	0	0	
-1644166730	scripts/ai/StandardAI.lua	1	768	768	32	256	64	0	32	0	384	80	546	0	0	0		1	0	0	
-1644166729	scripts/ai/StandardAI.lua	1	768	768	32	256	64	0	32	0	384	80	550	0	0	0		1	0	0	
-1644166728	scripts/ai/StandardAI.lua	1	768	768	32	256	64	0	32	0	384	80	551	0	0	0		1	0	0	
-1644166727	scripts/ai/StandardAI.lua	1	768	768	32	256	64	0	32	0	384	80	552	0	0	0		1	0	0	
-1644166726	scripts/ai/StandardAI.lua	1	768	768	32	256	64	0	32	0	384	80	553	0	2	0		1	0	0	
-1644166725	scripts/ai/StandardAI.lua	1	768	768	32	256	64	0	32	0	384	80	566	0	0	0		1	0	0	
-1644166724	scripts/ai/StandardAI.lua	1	768	768	32	256	64	0	32	0	384	80	568	0	0	0		1	0	0	
-1644166723	scripts/ai/StandardAI.lua	1	768	768	32	256	64	0	32	0	384	80	574	0	1	0		1	0	0	
-1644166722	scripts/ai/StandardAI.lua	0	768	768	32	256	64	0	32	0	384	80	369	0	3	0		1	0	0	
-1644166721	scripts/ai/StandardAI.lua	0	768	768	32	256	64	0	32	0	384	80	369	0	2	0		1	0	0	
-1644166720	scripts/ai/StandardAI.lua	0	768	768	32	256	64	0	32	0	384	80	369	0	1	0		1	0	0	
-1644166719	scripts/ai/StandardAI.lua	1	768	768	32	256	64	0	32	0	384	80	573	0	1	0		1	0	0	
-1644166718	scripts/ai/StandardAI.lua	1	768	768	32	256	64	0	32	0	384	80	575	0	1	0		1	0	0	
-1644166717	scripts/ai/StandardAI.lua	1	768	768	32	256	64	0	32	0	384	80	579	0	1	0		1	0	0	
-1644166716	scripts/ai/StandardAI.lua	1	768	768	32	256	64	0	32	0	384	80	371	0	1	0		1	0	0	
-1644166715	scripts/ai/StandardAI.lua	1	768	768	32	256	64	0	32	0	384	80	577	0	1	0		1	0	0	
-1644166714	scripts/ai/StandardAI.lua	1	768	768	32	256	64	0	32	0	384	80	578	0	1	0		1	0	0	
-1644166713	scripts/ai/StandardAI.lua	1	768	768	32	256	64	0	32	0	384	80	595	0	1	0		1	0	0	
-1644166712	scripts/ai/StandardAI.lua	1	768	768	32	256	64	0	32	0	384	80	596	0	1	0		1	0	0	
-1644166711	scripts/ai/StandardAI.lua	0	768	768	32	256	64	0	32	0	384	80	0	0	1	0		1	0	0	
-1644166710	scripts/ai/StandardAI.lua	1	768	768	32	256	64	0	32	0	384	80	609	0	0	0		1	0	1	
-1644166709	scripts/ai/StandardAI.lua	0	768	768	32	256	64	0	32	0	384	80	869	0	0	0		1	0	0	
-1644166708	scripts/ai/StandardAI.lua	1	768	768	32	256	64	0	32	0	384	80	876	0	0	0		1	0	1	
-1644166707	scripts/ai/StandardAI.lua	1	768	768	32	256	64	0	32	0	384	80	875	0	0	0		1	0	1	
-1644166706	scripts/ai/StandardAI.lua	0	768	768	32	256	64	0	32	0	384	80	611	0	1	0		1	0	0	
-1644166705	scripts/ai/StandardAI.lua	1	768	768	32	256	64	0	32	0	384	80	616	0	1	0		1	0	0	
-1644166704	scripts/ai/StandardAI.lua	1	768	768	32	256	64	0	32	0	384	80	617	0	1	0		1	0	0	
-1644166703	scripts/ai/StandardAI.lua	0	768	768	32	256	64	0	32	0	384	80	618	0	0	0		1	0	0	
-1644166702	scripts/ai/StandardAI.lua	1	768	768	32	256	64	0	32	0	384	80	885	0	0	0		1	0	1	
-1644166701	scripts/ai/StandardAI.lua	1	768	768	32	256	64	0	32	0	384	80	620	0	1	0		1	0	0	
-1644166700	scripts/ai/StandardAI.lua	1	768	768	32	256	64	0	32	0	384	80	621	0	1	0		1	0	0	
-1644166699	scripts/ai/StandardAI.lua	0	768	768	32	256	64	0	32	0	384	80	624	0	1	0		1	0	0	
-1644166698	scripts/ai/StandardAI.lua	1	768	768	32	256	64	0	32	0	384	80	625	0	1	0		1	0	0	
-1644166697	scripts/ai/StandardAI.lua	0	768	768	32	256	64	0	32	0	384	80	626	0	0	0		1	0	0	
-1644166696	scripts/ai/StandardAI.lua	0	768	768	32	256	64	0	32	0	384	80	627	0	0	0		1	0	0	
-1644166695	scripts/ai/StandardAI.lua	0	768	768	32	256	64	0	32	0	384	80	630	0	1	0		1	0	0	
-1644166694	scripts/ai/StandardAI.lua	1	768	768	32	256	64	0	32	0	384	80	631	0	1	0		1	0	0	
-1644166693	scripts/ai/StandardAI.lua	0	768	768	32	256	64	0	32	0	384	80	632	0	1	0		1	0	0	
-1644166692	scripts/ai/StandardAI.lua	0	768	768	32	256	64	0	32	0	384	80	632	0	2	0		1	0	0	
-1644166691	scripts/ai/StandardAI.lua	0	768	768	32	256	64	0	32	0	384	80	635	0	1	0		1	0	0	
-1644166690	scripts/ai/StandardAI.lua	1	768	768	32	256	64	0	32	0	384	80	636	0	1	0		1	0	0	
-1644166689	scripts/ai/StandardAI.lua	1	768	768	32	256	64	0	32	0	384	80	638	0	1	0		1	0	0	
-1644166688	scripts/ai/StandardAI.lua	1	768	768	32	256	64	0	32	0	384	80	638	0	2	0		1	0	0	
-1644166687	scripts/ai/StandardAI.lua	1	768	768	32	256	64	0	32	0	384	80	639	0	0	0		1	0	0	
-1644166686	scripts/ai/StandardAI.lua	1	768	768	32	256	64	0	32	0	384	80	642	0	1	0		1	0	0	
-1644166685	scripts/ai/StandardAI.lua	0	768	768	32	256	64	0	32	0	384	80	644	0	1	0		1	0	0	
-1644166684	scripts/ai/StandardAI.lua	0	768	768	32	256	64	0	32	0	384	80	645	0	1	0		1	0	0	
-1644166683	scripts/ai/StandardAI.lua	0	768	768	32	256	64	0	32	0	384	80	656	0	2	0		1	0	0	
-1644166682	scripts/ai/StandardAI.lua	0	768	768	32	256	64	0	32	0	384	80	656	0	3	0		1	0	0	
-1644166681	scripts/ai/StandardAI.lua	0	768	768	32	256	64	0	32	0	384	80	657	0	2	0		1	0	0	
-1644166680	scripts/ai/StandardAI.lua	0	768	768	32	256	64	0	32	0	384	80	657	0	3	0		1	0	0	
-1644166679	scripts/ai/StandardAI.lua	0	768	768	32	256	64	0	32	0	384	80	658	0	2	0		1	0	0	
-1644166678	scripts/ai/StandardAI.lua	0	768	768	32	256	64	0	32	0	384	80	658	0	3	0		1	0	0	
-1644166677	scripts/ai/StandardAI.lua	0	768	768	32	256	64	0	32	0	384	80	659	0	3	0		1	0	0	
-1644166676	scripts/ai/StandardAI.lua	0	768	768	32	256	64	0	32	0	384	80	659	0	2	0		1	0	0	
-1644166675	scripts/ai/StandardAI.lua	0	768	768	32	256	64	0	32	0	384	80	660	0	2	0		1	0	0	
-1644166674	scripts/ai/StandardAI.lua	0	768	768	32	256	64	0	32	0	384	80	660	0	3	0		1	0	0	
-1644166673	scripts/ai/StandardAI.lua	0	768	768	32	256	64	0	32	0	384	80	662	0	1	0		1	0	0	
-1644166672	scripts/ai/StandardAI.lua	0	768	768	32	256	64	0	32	0	384	80	662	0	2	0		1	0	0	
-1644166671	scripts/ai/StandardAI.lua	1	768	768	32	256	64	0	32	0	384	80	549	0	0	0		1	0	0	
-1644166670	scripts/ai/StandardAI.lua	1	768	768	32	256	64	0	32	0	384	80	374	0	0	0		1	0	0	
-1644166669	scripts/ai/StandardAI.lua	1	768	768	32	256	64	0	32	0	384	80	372	0	0	0		1	0	0	
-1644166668	scripts/ai/StandardAI.lua	1	768	768	32	256	64	0	32	0	384	80	663	0	0	0		1	0	0	
-1644166667	scripts/ai/StandardAI.lua	1	768	768	32	256	64	0	32	0	384	80	665	0	0	0		1	0	0	
-1644166666	scripts/ai/StandardAI.lua	1	768	768	32	256	64	0	32	0	384	80	667	0	0	0		1	0	0	
-1644166665	scripts/ai/StandardAI.lua	1	768	768	32	256	64	0	32	0	384	80	289	0	0	0		1	0	0	
-1644166664	scripts/ai/StandardAI.lua	1	768	768	32	256	64	0	32	0	384	80	288	0	1	0		1	0	0	
-1644166663	scripts/ai/StandardAI.lua	1	768	768	32	256	64	0	32	0	384	80	288	0	3	0		1	0	0	
-1644166662	scripts/ai/StandardAI.lua	1	768	768	32	256	64	0	32	0	384	80	288	0	2	0		1	0	0	
-1644166661	scripts/ai/StandardAI.lua	1	768	768	32	256	64	0	32	0	384	80	290	0	3	0		1	0	0	
-1644166660	scripts/ai/StandardAI.lua	1	768	768	32	256	64	0	32	0	384	80	290	0	2	0		1	0	0	
-1644166659	scripts/ai/StandardAI.lua	1	768	768	32	256	64	0	32	0	384	80	290	0	1	0		1	0	0	
-1644166658	scripts/ai/StandardAI.lua	1	768	768	32	256	64	0	32	0	384	80	291	0	2	0		1	0	0	
-1644166657	scripts/ai/StandardAI.lua	1	768	768	32	256	64	0	32	0	384	80	291	0	1	0		1	0	0	
-1644166656	scripts/ai/StandardAI.lua	1	768	768	32	256	64	0	32	0	384	80	280	0	1	0		1	0	0	
-1644166655	scripts/ai/StandardAI.lua	1	768	768	32	256	64	0	32	0	384	80	279	0	1	0		1	0	0	
-1644166654	scripts/ai/StandardAI.lua	1	768	768	32	256	64	0	32	0	384	80	276	0	1	0		1	0	0	
-1644166653	scripts/ai/StandardAI.lua	1	768	768	32	256	64	0	32	0	384	80	276	0	2	0		1	0	0	
-1644166652	scripts/ai/StandardAI.lua	1	768	768	32	256	64	0	32	0	384	80	276	0	3	0		1	0	0	
-1644166651	scripts/ai/StandardAI.lua	1	768	768	32	256	64	0	32	0	384	80	275	0	0	0		1	0	0	
-1644166650	scripts/ai/StandardAI.lua	0	768	768	32	256	64	0	32	0	384	80	265	0	0	0		1	0	0	
-1644166649	scripts/ai/StandardAI.lua	0	768	768	32	256	64	0	32	0	384	80	266	0	0	0		1	0	0	
-1644166648	scripts/ai/StandardAI.lua	1	768	768	32	256	64	0	32	0	384	80	260	0	0	0		1	0	0	
-1644166647	scripts/ai/StandardAI.lua	1	768	768	32	256	64	0	32	0	384	80	255	0	1	0		1	0	0	
-1644166646	scripts/ai/StandardAI.lua	1	768	768	32	256	64	0	32	0	384	80	257	0	1	0		1	0	0	
-1644166645	scripts/ai/StandardAI.lua	1	768	768	32	256	64	0	32	0	384	80	256	0	1	0		1	0	1	
-1644166644	scripts/ai/StandardAI.lua	1	768	768	32	256	64	0	32	0	384	80	858	0	2	0		1	0	0	
-1644166643	scripts/ai/StandardAI.lua	1	768	768	32	256	64	0	32	0	384	80	253	0	1	0		1	0	0	
-1644166642	scripts/ai/StandardAI.lua	1	768	768	32	256	64	0	32	0	384	80	248	0	1	0		1	0	0	
-1644166641	scripts/ai/StandardAI.lua	1	768	768	32	256	64	0	32	0	384	80	248	0	2	0		1	0	0	
-1644166640	scripts/ai/StandardAI.lua	1	768	768	32	256	64	0	32	0	384	80	246	0	2	0		1	0	0	
-1644166639	scripts/ai/StandardAI.lua	0	768	768	32	256	80	0	32	0	1024	64	244	0	2	0		0	0	0	
-1644166638	scripts/ai/StandardAI.lua	1	768	768	32	256	64	0	32	0	384	80	243	0	0	0		1	0	0	
-1644166637	scripts/ai/StandardAI.lua	0	768	768	32	256	64	0	32	0	384	80	244	0	1	0		1	0	0	
-1644166636	scripts/ai/StandardAI.lua	1	768	768	32	256	64	0	32	0	384	80	330	0	1	0		1	0	0	
-1644166635	scripts/ai/StandardAI.lua	1	768	768	32	256	64	0	32	0	384	80	330	0	2	0		1	0	0	
-1644166634	scripts/ai/StandardAI.lua	1	768	768	32	256	64	0	32	0	384	80	330	0	3	0		1	0	0	
-1644166633	scripts/ai/StandardAI.lua	1	768	768	32	256	64	0	32	0	384	80	331	0	1	0		1	0	0	
-1644166632	scripts/ai/StandardAI.lua	1	768	768	32	256	64	0	32	0	384	80	487	0	1	0		1	0	1	
-1644166631	scripts/ai/StandardAI.lua	1	768	768	32	256	64	0	32	0	384	80	332	0	2	0		1	0	0	
-1644166630	scripts/ai/StandardAI.lua	1	768	768	32	256	64	0	32	0	384	80	332	0	3	0		1	0	0	
-1644166629	scripts/ai/StandardAI.lua	1	768	768	32	256	64	0	32	0	384	80	333	0	1	0		1	0	0	
-1644166628	scripts/ai/StandardAI.lua	0	768	768	32	256	64	0	32	0	384	80	0	0	1949473232	0		1	0	0	
-1644166627	scripts/ai/StandardAI.lua	1	768	768	32	256	64	0	32	0	384	80	652	0	1	0		1	0	0	
-1644166626	scripts/ai/StandardAI.lua	1	768	768	32	256	64	0	32	0	384	80	660	0	1	0		1	0	0	
-1644166625	scripts/ai/StandardAI.lua	1	768	768	32	256	64	0	32	0	384	80	653	0	1	0		1	0	0	
-1644166624	scripts/ai/StandardAI.lua	1	768	768	32	256	64	0	32	0	384	80	655	0	1	0		1	0	0	
-1644166623	scripts/ai/StandardAI.lua	1	768	768	32	256	64	0	32	0	384	80	662	0	3	0		1	0	0	
-1644166622	scripts/ai/StandardAI.lua	1	768	768	32	256	64	0	32	0	384	80	654	0	1	0		1	0	0	
-1644166621	scripts/ai/StandardAI.lua	1	768	768	32	256	64	0	32	0	384	80	659	0	1	0		1	0	0	
-1644166620	scripts/ai/StandardAI.lua	1	768	768	32	256	64	0	32	0	384	80	651	0	1	0		1	0	0	
-1644166619	scripts/ai/StandardAI.lua	1	768	768	32	256	64	0	32	0	384	80	658	0	1	0		1	0	0	
-1644166618	scripts/ai/StandardAI.lua	1	768	768	32	256	64	0	32	0	384	80	650	0	1	0		1	0	0	
-1644166617	scripts/ai/StandardAI.lua	1	768	768	32	256	64	0	32	0	384	80	657	0	1	0		1	0	0	
-1644166616	scripts/ai/StandardAI.lua	1	768	768	32	256	64	0	32	0	384	80	656	0	1	0		1	0	0	
-1644166615	scripts/ai/StandardAI.lua	1	768	768	32	256	64	0	32	0	384	80	647	0	1	0		1	0	0	
-1644166614	scripts/ai/StandardAI.lua	1	768	768	32	256	64	0	32	0	384	80	648	0	1	0		1	0	0	
-1644166613	scripts/ai/StandardAI.lua	1	768	768	32	256	64	0	32	0	384	80	323	0	2	0		1	0	0	
-1644166612	scripts/ai/StandardAI.lua	1	768	768	32	256	64	0	32	0	384	80	328	0	1	0		1	0	0	
-1644166611	scripts/ai/StandardAI.lua	1	768	768	32	256	64	0	32	0	384	80	486	0	1	0		1	0	0	
-1644166610	scripts/ai/StandardAI.lua	1	768	768	32	256	64	0	32	0	384	80	485	0	1	0		1	0	0	
-1644166609	scripts/ai/StandardAI.lua	1	768	768	32	256	64	0	32	0	384	80	327	0	1	0		1	0	0	
-1644166608	scripts/ai/StandardAI.lua	1	768	768	32	256	64	0	32	0	384	80	325	0	0	0		1	0	0	
-1644166607	scripts/ai/StandardAI.lua	1	768	768	32	256	64	0	32	0	384	80	326	0	0	0		1	0	0	
-1644166606	scripts/ai/StandardAI.lua	1	768	768	32	256	64	0	32	0	384	80	324	0	0	0		1	0	0	
-1644166605	scripts/ai/StandardAI.lua	1	768	768	32	256	64	0	32	0	384	80	322	0	1	0		1	0	0	
-1644166604	scripts/ai/StandardAI.lua	1	768	768	32	256	64	0	32	0	384	80	322	0	2	0		1	0	0	
-1644166603	scripts/ai/StandardAI.lua	1	768	768	32	256	64	0	32	0	384	80	322	0	3	0		1	0	0	
-1644166602	scripts/ai/StandardAI.lua	1	768	768	32	256	64	0	32	0	384	80	321	0	0	0		1	0	0	
-1644166601	scripts/ai/StandardAI.lua	1	768	768	32	256	64	0	32	0	384	80	284	0	3	0		1	0	0	
-1644166600	scripts/ai/StandardAI.lua	1	768	768	32	256	64	0	32	0	384	80	284	0	1	0		1	0	0	
-1644166599	scripts/ai/StandardAI.lua	1	768	768	32	256	64	0	32	0	384	80	284	0	2	0		1	0	0	
-1644166598	scripts/ai/StandardAI.lua	1	768	768	32	256	64	0	32	0	384	80	282	0	1	0		1	0	0	
-1644166597	scripts/ai/StandardAI.lua	1	768	768	32	256	64	0	32	0	384	80	282	0	2	0		1	0	0	
-1644166596	scripts/ai/StandardAI.lua	1	768	768	32	256	64	0	32	0	384	80	282	0	3	0		1	0	0	
-1644166595	scripts/ai/StandardAI.lua	1	768	768	32	256	64	0	32	0	384	80	283	0	1	0		1	0	0	
-1644166594	scripts/ai/StandardAI.lua	1	768	768	32	256	64	0	32	0	384	80	283	0	2	0		1	0	0	
-1644166593	scripts/ai/StandardAI.lua	1	768	768	32	256	64	0	32	0	384	80	283	0	3	0		1	0	0	
-1644166592	scripts/ai/StandardAI.lua	1	768	768	32	256	64	0	32	0	384	80	845	0	0	0		1	0	0	
-1644166591	scripts/ai/StandardAI.lua	1	768	768	32	256	64	0	32	0	384	80	836	0	1	0		1	0	1	
-1644166590	scripts/ai/StandardAI.lua	1	768	768	32	256	64	0	32	0	384	80	836	0	2	0		1	0	1	
-1644166589	scripts/ai/StandardAI.lua	1	768	768	32	256	64	0	32	0	384	80	836	0	3	0		1	0	1	
-1644166588	scripts/ai/StandardAI.lua	1	768	768	32	256	64	0	32	0	384	80	271	0	1	0		1	0	0	
-1644166587	scripts/ai/StandardAI.lua	1	768	768	32	256	64	0	32	0	384	80	270	0	0	0		1	0	0	
-1644166586	scripts/ai/StandardAI.lua	1	768	768	32	256	64	0	32	0	384	80	273	0	1	0		1	0	0	
-1644166585	scripts/ai/StandardAI.lua	1	768	768	32	256	64	0	32	0	384	80	273	0	2	0		1	0	0	
-1644166584	scripts/ai/StandardAI.lua	1	768	768	32	256	64	0	32	0	384	80	273	0	3	0		1	0	0	
-1644166583	scripts/ai/StandardAI.lua	1	768	768	32	256	64	0	32	0	384	80	272	0	0	0		1	0	0	
-1644166582	scripts/ai/StandardAI.lua	1	768	768	32	256	64	0	32	0	384	80	267	0	1	0		1	0	0	
-1644166581	scripts/ai/StandardAI.lua	1	768	768	32	256	64	0	32	0	384	80	267	0	2	0		1	0	0	
-1644166580	scripts/ai/StandardAI.lua	1	768	768	32	256	64	0	32	0	384	80	267	0	3	0		1	0	0	
-1644166579	scripts/ai/StandardAI.lua	1	768	768	32	256	64	0	32	0	384	80	826	0	0	0		1	0	1	
-1644166578	scripts/ai/StandardAI.lua	1	768	768	32	256	64	0	32	0	384	80	268	0	0	0		1	0	0	
-1644166577	scripts/ai/StandardAI.lua	1	768	768	32	256	64	0	32	0	384	80	263	0	0	0		1	0	0	
-1644166576	scripts/ai/StandardAI.lua	1	768	768	32	256	64	0	32	0	384	80	858	0	5	0		1	0	0	
-1644166575	scripts/ai/StandardAI.lua	1	768	768	32	256	64	0	32	0	384	80	264	0	0	0		1	0	0	
-1644166574	scripts/ai/StandardAI.lua	1	768	768	32	256	64	0	32	0	384	80	274	0	1	0		1	0	0	
-1644166573	scripts/ai/StandardAI.lua	0	768	768	32	256	64	0	32	0	384	80	33	0	2	0		1	0	0	
-1644166572	scripts/ai/StandardAI.lua	1	768	768	32	256	64	0	32	0	384	80	709	0	0	0		1	0	0	
-1644166571	scripts/ai/StandardAI.lua	1	768	768	32	256	64	0	32	0	384	80	95	0	0	0		1	0	0	
-1644166570	scripts/ai/StandardAI.lua	1	768	768	32	256	64	0	32	0	384	80	134	0	0	0		1	0	0	
-1644166569	scripts/ai/StandardAI.lua	1	768	768	32	256	64	0	32	0	384	80	71	0	1	0		1	0	0	
-1644166568	scripts/ai/StandardAI.lua	1	768	768	32	256	64	0	32	0	384	80	71	0	2	0		1	0	0	
-1644166567	scripts/ai/StandardAI.lua	1	768	768	32	256	64	0	32	0	384	80	71	0	3	0		1	0	0	
-1644166566	scripts/ai/StandardAI.lua	1	768	768	32	256	64	0	32	0	384	80	70	0	2	0		1	0	0	
-1644166565	scripts/ai/StandardAI.lua	1	768	768	32	256	64	0	32	0	384	80	70	0	1	0		1	0	0	
-1644166564	scripts/ai/StandardAI.lua	1	768	768	32	256	64	0	32	0	384	80	755	0	0	0		1	0	1	
-1644166563	scripts/ai/StandardAI.lua	1	768	768	32	256	64	0	32	0	384	80	536	0	0	0		1	0	0	
-1644166562	scripts/ai/StandardAI.lua	1	768	768	32	256	64	0	32	0	384	80	221	0	3	0		1	0	0	
-1644166561	scripts/ai/StandardAI.lua	1	768	768	32	256	64	0	32	0	384	80	221	0	2	0		1	0	0	
-1644166560	scripts/ai/StandardAI.lua	1	768	768	32	256	64	0	32	0	384	80	221	0	1	0		1	0	0	
-1644166559	scripts/ai/StandardAI.lua	1	768	768	32	256	64	0	32	0	384	80	0	0	3	0		1	0	0	
-1644166558	scripts/ai/StandardAI.lua	1	768	768	32	256	64	0	32	0	384	80	721	0	1	0		1	0	1	
-1644166557	scripts/ai/StandardAI.lua	1	768	768	32	256	64	0	32	0	384	80	0	0	2	0		1	0	1	
-1644166556	scripts/ai/StandardAI.lua	1	768	768	32	256	64	0	32	0	384	80	720	0	2	0		1	0	1	
-1644166555	scripts/ai/StandardAI.lua	1	768	768	32	256	64	0	32	0	384	80	720	0	1	0		1	0	1	
-1644166554	scripts/ai/StandardAI.lua	1	768	768	32	256	64	0	32	0	384	80	720	0	3	0		1	0	1	
-1644166553	scripts/ai/StandardAI.lua	1	768	768	32	256	64	0	32	0	384	80	750	0	0	0		1	0	1	
-1644166552	scripts/ai/StandardAI.lua	1	768	768	32	256	64	0	32	0	384	80	715	0	1	0		1	0	1	
-1644166551	scripts/ai/StandardAI.lua	1	768	768	32	256	64	0	32	0	384	80	749	0	1	0		1	0	1	
-1644166550	scripts/ai/StandardAI.lua	1	768	768	32	256	64	0	32	0	384	80	749	0	2	0		1	0	1	
-1644166549	scripts/ai/StandardAI.lua	1	768	768	32	256	64	0	32	0	384	80	714	0	1	0		1	0	1	
-1644166548	scripts/ai/StandardAI.lua	1	768	768	32	256	64	0	32	0	384	80	748	0	0	0		1	0	1	
-1644166547	scripts/ai/StandardAI.lua	1	768	768	32	256	64	0	32	0	384	80	716	0	1	0		1	0	1	
-1644166546	scripts/ai/StandardAI.lua	1	768	768	32	256	64	0	32	0	384	80	746	0	0	0		1	0	1	
-1644166545	scripts/ai/StandardAI.lua	1	768	768	32	256	64	0	32	0	384	80	713	0	1	0		1	0	1	
-1644166544	scripts/ai/StandardAI.lua	1	768	768	32	256	64	0	32	0	384	80	744	0	0	0		1	0	1	
-1644166543	scripts/ai/StandardAI.lua	1	768	768	32	256	64	0	32	0	384	80	713	0	2	0		1	0	1	
-1644166542	scripts/ai/StandardAI.lua	1	768	768	32	256	64	0	32	0	384	80	747	0	0	0		1	0	1	
-1644166541	scripts/ai/StandardAI.lua	1	768	768	32	256	64	0	32	0	384	80	710	0	0	0		1	0	1	
-1644166540	scripts/ai/StandardAI.lua	1	768	768	32	256	64	0	32	0	384	80	716	0	0	0		1	0	1	
-1644166539	scripts/ai/StandardAI.lua	0	768	768	32	256	64	0	32	0	384	80	737	0	2	0		1	0	0	
-1644166538	scripts/ai/StandardAI.lua	0	768	768	32	256	64	0	32	0	384	80	738	0	2	0		1	0	0	
-1644166537	scripts/ai/StandardAI.lua	0	768	768	32	256	64	0	32	0	384	80	728	0	3	0		1	0	0	
-1644166536	scripts/ai/StandardAI.lua	0	768	768	32	256	64	0	32	0	384	80	729	0	1	0		1	0	0	
-1644166535	scripts/ai/StandardAI.lua	0	768	768	32	256	64	0	32	0	384	80	730	0	0	0		1	0	0	
-1644166534	scripts/ai/StandardAI.lua	0	768	768	32	256	64	0	32	0	384	80	728	0	2	0		1	0	0	
-1644166533	scripts/ai/StandardAI.lua	0	768	768	32	256	64	0	32	0	384	80	726	0	2	0		1	0	0	
-1644166532	scripts/ai/StandardAI.lua	0	768	768	32	256	64	0	32	0	384	80	726	0	3	0		1	0	0	
-1644166531	scripts/ai/StandardAI.lua	0	768	768	32	256	64	0	32	0	384	80	727	0	1	0		1	0	0	
-1644166530	scripts/ai/StandardAI.lua	0	768	768	32	256	64	0	32	0	384	80	726	0	1	0		1	0	0	
-1644166529	scripts/ai/StandardAI.lua	1	768	768	32	256	64	0	32	0	384	80	745	0	0	0		1	0	1	
-1644166528	scripts/ai/StandardAI.lua	1	768	768	32	256	64	0	32	0	384	80	741	0	0	0		1	0	1	
-1644166527	scripts/ai/StandardAI.lua	1	768	768	32	256	64	0	32	0	384	80	740	0	0	0		1	0	1	
-1644166526	scripts/ai/StandardAI.lua	0	768	768	32	256	64	0	32	0	384	80	731	0	0	0		1	0	0	
-1644166525	scripts/ai/StandardAI.lua	0	768	768	32	256	64	0	32	0	384	80	732	0	1	0		1	0	0	
-1644166524	scripts/ai/StandardAI.lua	0	768	768	32	256	64	0	32	0	384	80	717	0	2	0		1	0	0	
-1644166523	scripts/ai/StandardAI.lua	0	768	768	32	256	64	0	32	0	384	80	742	0	1	0		0	0	0	
-1644166522	scripts/ai/StandardAI.lua	0	768	768	32	256	64	0	32	0	384	80	719	0	0	0		1	0	0	
-1644166521	scripts/ai/StandardAI.lua	0	768	768	32	256	64	0	32	0	384	80	737	0	1	0		1	0	0	
-1644166520	scripts/ai/StandardAI.lua	0	768	768	32	256	64	0	32	0	384	80	738	0	1	0		1	0	0	
-1644166519	scripts/ai/StandardAI.lua	0	768	768	32	256	64	0	32	0	384	80	736	0	2	0		1	0	0	
-1644166518	scripts/ai/StandardAI.lua	0	768	768	32	256	64	0	32	0	384	80	736	0	1	0		1	0	0	
-1644166517	scripts/ai/StandardAI.lua	0	768	768	32	256	64	0	32	0	384	80	733	0	1	0		1	0	0	
-1644166516	scripts/ai/StandardAI.lua	1	768	768	32	256	64	0	32	0	384	80	743	0	0	0		1	0	0	
-1644166515	scripts/ai/StandardAI.lua	1	768	768	32	256	64	0	32	0	384	80	757	0	2	0		1	0	0	
-1644166514	scripts/ai/StandardAI.lua	1	768	768	32	256	64	0	32	0	384	80	757	0	1	0		1	0	0	
-1644166513	scripts/ai/StandardAI.lua	1	768	768	32	256	64	0	32	0	384	80	757	0	3	0		1	0	0	
-1644166512	scripts/ai/StandardAI.lua	1	768	768	32	256	64	0	32	0	384	80	879	0	0	0		1	0	1	
-1644166511	scripts/ai/StandardAI.lua	1	768	768	32	256	64	0	32	0	384	80	756	0	0	0		1	0	0	
-1644166510	scripts/ai/StandardAI.lua	1	768	768	32	256	64	0	32	0	384	80	884	0	1	0		1	0	1	
-1644166509	scripts/ai/StandardAI.lua	0	768	768	32	256	64	0	32	0	384	80	758	0	0	0		1	0	0	
-1644166508	scripts/ai/StandardAI.lua	0	768	768	32	256	64	0	32	0	384	80	759	0	0	0		1	0	0	
-1644166507	scripts/ai/StandardAI.lua	0	768	768	32	256	64	0	32	0	384	80	760	0	2	0		1	0	0	
-1644166506	scripts/ai/StandardAI.lua	0	768	768	32	256	64	0	32	0	384	80	760	0	3	0		1	0	0	
-1644166505	scripts/ai/StandardAI.lua	0	768	768	32	256	64	0	32	0	384	80	760	0	1	0		1	0	0	
-1644166504	scripts/ai/StandardAI.lua	0	768	768	32	256	64	0	32	0	384	80	931	0	0	0		1	0	0	
-1644166503	scripts/ai/StandardAI.lua	0	768	768	32	256	64	0	32	0	384	80	915	0	2	0		1	0	0	
-1644166502	scripts/ai/StandardAI.lua	0	768	768	32	256	64	0	32	0	384	80	915	0	1	0		1	0	0	
-1644166501	scripts/ai/StandardAI.lua	0	768	768	32	256	64	0	32	0	384	80	762	0	0	0		1	0	0	
-1644166500	scripts/ai/StandardAI.lua	0	768	768	32	256	64	0	32	0	384	80	761	0	0	0		1	0	0	
-1644166499	scripts/ai/StandardAI.lua	1	768	768	32	256	64	0	32	0	384	80	767	0	0	0		1	0	1	
-1644166498	scripts/ai/StandardAI.lua	1	768	768	32	256	64	0	32	0	384	80	882	0	2	0		1	0	1	
-1644166497	scripts/ai/StandardAI.lua	1	768	768	32	256	64	0	32	0	384	80	883	0	0	0		1	0	1	
-1644166496	scripts/ai/StandardAI.lua	1	768	768	32	256	64	0	32	0	384	80	882	0	1	0		1	0	1	
-1644166495	scripts/ai/StandardAI.lua	1	768	768	32	256	64	0	32	0	384	80	877	0	0	0		1	0	1	
-1644166494	scripts/ai/StandardAI.lua	0	768	768	32	256	64	0	32	0	384	80	772	0	0	0		1	0	0	
-1644166493	scripts/ai/StandardAI.lua	0	768	768	32	256	64	0	32	0	384	80	773	0	0	0		1	0	0	
-1644166492	scripts/ai/StandardAI.lua	0	768	768	32	256	64	0	32	0	384	80	771	0	1	0		1	0	0	
-1644166491	scripts/ai/StandardAI.lua	0	768	768	32	256	64	0	32	0	384	80	771	0	3	0		1	0	0	
-1644166490	scripts/ai/StandardAI.lua	0	768	768	32	256	64	0	32	0	384	80	771	0	2	0		1	0	0	
-1644166489	scripts/ai/StandardAI.lua	0	768	768	32	256	64	0	32	0	384	80	775	0	0	0		1	0	0	
-1644166488	scripts/ai/StandardAI.lua	0	768	768	32	256	64	0	32	0	384	80	776	0	0	0		1	0	0	
-1644166487	scripts/ai/StandardAI.lua	0	768	768	32	256	64	0	32	0	384	80	777	0	0	0		1	0	0	
-1644166486	scripts/ai/StandardAI.lua	0	768	768	32	256	64	0	32	0	384	80	778	0	0	0		1	0	0	
-1644166485	scripts/ai/StandardAI.lua	0	768	768	32	256	64	0	32	0	384	80	774	0	0	0		1	0	0	
-1644166484	scripts/ai/StandardAI.lua	0	768	768	32	256	64	0	32	0	384	80	779	0	0	0		1	0	0	
-1644166483	scripts/ai/StandardAI.lua	0	768	768	32	256	64	0	32	0	384	80	781	0	0	0		1	0	0	
-1644166482	scripts/ai/StandardAI.lua	0	768	768	32	256	64	0	32	0	384	80	780	0	0	0		1	0	0	
-1644166481	scripts/ai/StandardAI.lua	0	768	768	32	256	64	0	32	0	384	80	783	0	0	0		1	0	0	
-1644166480	scripts/ai/StandardAI.lua	0	768	768	32	256	64	0	32	0	384	80	783	0	1	0		1	0	0	
-1644166479	scripts/ai/StandardAI.lua	0	768	768	32	256	64	0	32	0	384	80	784	0	0	0		1	0	0	
-1644166478	scripts/ai/StandardAI.lua	0	768	768	32	256	64	0	32	0	384	80	785	0	0	0		1	0	0	
-1644166477	scripts/ai/StandardAI.lua	0	768	768	32	256	64	0	32	0	384	80	786	0	0	0		1	0	0	
-1644166476	scripts/ai/StandardAI.lua	0	768	768	32	256	64	0	32	0	384	80	786	0	1	0		1	0	0	
-1644166475	scripts/ai/StandardAI.lua	0	768	768	32	256	64	0	32	0	384	80	787	0	2	0		1	0	0	
-1644166474	scripts/ai/StandardAI.lua	0	768	768	32	256	64	0	32	0	384	80	787	0	1	0		1	0	0	
-1644166473	scripts/ai/StandardAI.lua	0	768	768	32	256	64	0	32	0	384	80	788	0	0	0		1	0	0	
-1644166472	scripts/ai/StandardAI.lua	0	768	768	32	256	64	0	32	0	384	80	802	0	1	0		1	0	0	
-1644166471	scripts/ai/StandardAI.lua	0	768	768	32	256	64	0	32	0	384	80	806	0	1	0		1	0	0	
-1644166470	scripts/ai/StandardAI.lua	0	768	768	32	256	64	0	32	0	384	80	805	0	1	0		1	0	0	
-1644166469	scripts/ai/StandardAI.lua	0	768	768	32	256	64	0	32	0	384	80	797	0	1	0		1	0	0	
-1644166468	scripts/ai/StandardAI.lua	0	768	768	32	256	64	0	32	0	384	80	790	0	0	0		1	0	0	
-1644166467	scripts/ai/StandardAI.lua	0	768	768	32	256	64	0	32	0	384	80	791	0	0	0		1	0	0	
-1644166466	scripts/ai/StandardAI.lua	0	768	768	32	256	64	0	32	0	384	80	793	0	0	0		1	0	0	
-1644166465	scripts/ai/StandardAI.lua	0	768	768	32	256	64	0	32	0	384	80	794	0	0	0		1	0	0	
-1644166464	scripts/ai/StandardAI.lua	0	768	768	32	256	64	0	32	0	384	80	795	0	0	0		1	0	0	
-1644166463	scripts/ai/StandardAI.lua	0	768	768	32	256	64	0	32	0	384	80	796	0	1	0		1	0	0	
-1644166462	scripts/ai/StandardAI.lua	0	768	768	32	256	64	0	32	0	384	80	798	0	2	0		1	0	0	
-1644166461	scripts/ai/StandardAI.lua	0	768	768	32	256	64	0	32	0	384	80	799	0	1	0		1	0	0	
-1644166460	scripts/ai/StandardAI.lua	0	768	768	32	256	64	0	32	0	384	80	800	0	1	0		1	0	0	
-1644166459	scripts/ai/StandardAI.lua	0	768	768	32	256	64	0	32	0	384	80	801	0	1	0		0	0	0	
-1644166458	scripts/ai/StandardAI.lua	0	768	768	32	256	64	0	32	0	384	80	801	0	2	0		0	0	0	
-1644166457	scripts/ai/StandardAI.lua	0	768	768	32	256	64	0	32	0	384	80	801	0	3	0		0	0	0	
-1644166456	scripts/ai/StandardAI.lua	0	768	768	32	256	64	0	32	0	384	80	803	0	1	0		1	0	0	
-1644166455	scripts/ai/StandardAI.lua	0	768	768	32	256	64	0	32	0	384	80	804	0	1	0		1	0	0	
-1644166454	scripts/ai/StandardAI.lua	0	768	768	32	256	64	0	32	0	384	80	807	0	1	0		0	0	0	
-1644166453	scripts/ai/StandardAI.lua	0	768	768	32	256	64	0	32	0	384	80	808	0	1	0		0	0	0	
-1644166452	scripts/ai/StandardAI.lua	0	768	768	32	256	64	0	32	0	384	80	809	0	1	0		1	0	0	
-1644166451	scripts/ai/StandardAI.lua	0	768	768	32	256	64	0	32	512	384	80	810	0	1	0		1	0	0	
-1644166450	scripts/ai/StandardAI.lua	0	768	768	32	256	64	0	32	0	384	80	811	0	1	0		0	0	0	
-1644166449	scripts/ai/StandardAI.lua	0	768	768	32	256	64	0	32	0	384	80	812	0	1	0		1	0	0	
-1644166448	scripts/ai/StandardAI.lua	0	768	768	32	256	64	0	32	0	384	80	813	0	1	0		1	0	0	
-1644166447	scripts/ai/StandardAI.lua	0	768	768	32	256	64	0	32	0	384	80	814	0	1	0		0	0	0	
-1644166446	scripts/ai/StandardAI.lua	0	768	768	32	256	64	0	32	0	384	80	815	0	1	0		1	0	0	
-1644166445	scripts/ai/StandardAI.lua	0	768	768	32	256	64	0	32	0	384	80	816	0	1	0		1	0	0	
-1644166444	scripts/ai/StandardAI.lua	0	768	768	32	256	64	0	32	0	384	80	903	0	0	0		1	0	0	
-1644166443	scripts/ai/StandardAI.lua	0	768	768	32	256	64	0	32	0	384	80	902	0	0	0		1	0	0	
-1644166442	scripts/ai/StandardAI.lua	1	768	768	32	256	64	0	32	0	384	80	46	0	1	0		1	0	1	
-1644166441	scripts/ai/StandardAI.lua	0	768	768	32	256	64	0	32	0	384	80	46	0	2	0		1	0	0	
-1644166440	scripts/ai/StandardAI.lua	0	768	768	32	256	64	0	32	0	384	80	46	0	3	0		1	0	0	
-1644166439	scripts/ai/StandardAI.lua	1	768	768	32	256	64	0	32	0	384	80	50	0	3	0		1	0	1	
-1644166438	scripts/ai/StandardAI.lua	1	768	768	32	256	64	0	32	0	384	80	50	0	2	0		1	0	1	
-1644166437	scripts/ai/StandardAI.lua	1	768	768	32	256	64	0	32	0	384	80	50	0	1	0		1	0	1	
-1644166436	scripts/ai/StandardAI.lua	0	768	768	32	256	64	0	32	0	384	80	819	0	1	0		1	0	0	
-1644166435	scripts/ai/StandardAI.lua	0	768	768	32	256	64	0	32	0	384	80	819	0	2	0		1	0	0	
-1644166434	scripts/ai/StandardAI.lua	0	768	768	32	256	64	0	32	0	384	80	819	0	3	0		1	0	0	
-1644166433	scripts/ai/StandardAI.lua	1	768	768	32	256	64	0	32	0	384	80	820	0	3	0		1	0	1	
-1644166432	scripts/ai/StandardAI.lua	1	768	768	32	256	64	0	32	0	384	80	820	0	2	0		1	0	1	
-1644166431	scripts/ai/StandardAI.lua	1	768	768	32	256	64	0	32	0	384	80	820	0	1	0		1	0	1	
-1644166430	scripts/ai/StandardAI.lua	1	768	768	32	256	64	0	32	0	384	80	821	0	1	0		1	0	1	
-1644166429	scripts/ai/StandardAI.lua	1	768	768	32	256	64	0	32	0	384	80	822	0	1	0		1	0	1	
-1644166428	scripts/ai/StandardAI.lua	1	768	768	32	256	64	0	32	0	384	80	824	0	1	0		1	0	1	
-1644166427	scripts/ai/StandardAI.lua	1	768	768	32	256	64	0	32	0	384	80	825	0	1	0		1	0	1	
-1644166426	scripts/ai/StandardAI.lua	1	768	768	32	256	64	0	32	0	384	80	825	0	3	0		1	0	1	
-1644166425	scripts/ai/StandardAI.lua	1	768	768	32	256	64	0	32	0	384	80	825	0	2	0		1	0	1	
-1644166424	scripts/ai/StandardAI.lua	1	768	768	32	256	64	0	32	0	384	80	412	0	3	0		1	0	0	
-1644166423	scripts/ai/StandardAI.lua	1	768	768	32	256	64	0	32	0	384	80	412	0	2	0		1	0	0	
-1644166422	scripts/ai/StandardAI.lua	1	768	768	32	256	64	0	32	0	384	80	116	0	1	0		1	0	1	
-1644166421	scripts/ai/StandardAI.lua	1	768	768	32	256	64	0	32	0	384	80	116	0	2	0		1	0	1	
-1644166420	scripts/ai/StandardAI.lua	1	768	768	32	256	64	0	32	0	384	80	116	0	3	0		1	0	1	
-1644166419	scripts/ai/StandardAI.lua	1	768	768	32	256	64	0	32	0	384	80	73	0	1	0		1	0	1	
-1644166418	scripts/ai/StandardAI.lua	1	768	768	32	256	64	0	32	0	384	80	73	0	2	0		1	0	1	
-1644166417	scripts/ai/StandardAI.lua	1	768	768	32	256	64	0	32	0	384	80	73	0	3	0		1	0	1	
-1644166416	scripts/ai/StandardAI.lua	1	768	768	32	256	64	0	32	0	384	80	510	0	1	0		1	0	0	
-1644166415	scripts/ai/StandardAI.lua	1	768	768	32	256	64	0	32	0	384	80	510	0	3	0		1	0	0	
-1644166414	scripts/ai/StandardAI.lua	1	768	768	32	256	64	0	32	0	384	80	510	0	2	0		1	0	0	
-1644166413	scripts/ai/StandardAI.lua	1	768	768	32	256	64	0	32	0	384	80	496	0	1	0		1	0	0	
-1644166412	scripts/ai/StandardAI.lua	1	768	768	32	256	64	0	32	0	384	80	496	0	3	0		1	0	0	
-1644166411	scripts/ai/StandardAI.lua	1	768	768	32	256	64	0	32	0	384	80	496	0	2	0		1	0	0	
-1644166410	scripts/ai/StandardAI.lua	1	768	768	32	256	64	0	32	0	384	80	487	0	2	0		1	0	1	
-1644166409	scripts/ai/StandardAI.lua	1	768	768	32	256	64	0	32	0	384	80	487	0	3	0		1	0	1	
-1644166408	scripts/ai/StandardAI.lua	1	768	768	32	256	64	0	32	0	384	80	259	0	1	0		1	0	1	
-1644166407	scripts/ai/StandardAI.lua	1	768	768	32	256	64	0	32	0	384	80	259	0	2	0		1	0	1	
-1644166406	scripts/ai/StandardAI.lua	1	768	768	32	256	64	0	32	0	384	80	261	0	0	0		1	0	1	
-1644166405	scripts/ai/StandardAI.lua	1	768	768	32	256	64	0	32	0	384	80	262	0	1	0		1	0	0	
-1644166404	scripts/ai/StandardAI.lua	1	768	768	32	256	64	0	32	0	384	80	277	0	3	0		1	0	0	
-1644166403	scripts/ai/StandardAI.lua	1	768	768	32	256	64	0	32	0	384	80	277	0	2	0		1	0	0	
-1644166402	scripts/ai/StandardAI.lua	1	768	768	32	256	64	0	32	0	384	80	827	0	0	0		1	0	1	
-1644166401	scripts/ai/StandardAI.lua	1	768	768	32	256	64	0	32	0	384	80	828	0	0	0		1	0	1	
-1644166400	scripts/ai/StandardAI.lua	1	768	768	32	256	64	0	32	0	384	80	829	0	0	0		1	0	1	
-1644166399	scripts/ai/StandardAI.lua	1	768	768	32	256	64	0	32	0	384	80	830	0	0	0		1	0	1	
-1644166398	scripts/ai/StandardAI.lua	1	768	768	32	256	64	0	32	0	384	80	831	0	0	0		1	0	1	
-1644166397	scripts/ai/StandardAI.lua	1	768	768	32	256	64	0	32	0	384	80	832	0	1	0		1	0	1	
-1644166396	scripts/ai/StandardAI.lua	1	768	768	32	256	64	0	32	0	384	80	832	0	2	0		1	0	1	
-1644166395	scripts/ai/StandardAI.lua	1	768	768	32	256	64	0	32	0	384	80	832	0	3	0		1	0	1	
-1644166394	scripts/ai/StandardAI.lua	1	768	768	32	256	64	0	32	0	384	80	833	0	0	0		1	0	1	
-1644166393	scripts/ai/StandardAI.lua	0	768	768	32	256	64	0	32	0	384	80	834	0	0	0		1	0	0	
-1644166392	scripts/ai/StandardAI.lua	1	768	768	32	256	64	0	32	0	384	80	835	0	0	0		1	0	1	
-1644166391	scripts/ai/StandardAI.lua	0	768	768	32	256	64	0	32	0	384	80	837	0	0	0		1	0	0	
-1644166390	scripts/ai/StandardAI.lua	0	768	768	32	256	64	0	32	0	384	80	838	0	0	0		1	0	0	
-1644166389	scripts/ai/StandardAI.lua	1	768	768	32	256	64	0	32	0	384	80	839	0	0	0		1	0	1	
-1644166388	scripts/ai/StandardAI.lua	1	768	768	32	256	64	0	32	0	384	80	670	0	1	0		1	0	0	
-1644166387	scripts/ai/StandardAI.lua	1	768	768	32	256	64	0	32	0	384	80	670	0	2	0		1	0	0	
-1644166386	scripts/ai/StandardAI.lua	1	768	768	32	256	64	0	32	0	384	80	287	0	3	0		1	0	0	
-1644166385	scripts/ai/StandardAI.lua	1	768	768	32	256	64	0	32	0	384	80	287	0	1	0		1	0	0	
-1644166384	scripts/ai/StandardAI.lua	1	768	768	32	256	64	0	32	0	384	80	287	0	2	0		1	0	0	
-1644166383	scripts/ai/StandardAI.lua	1	768	768	32	256	64	0	32	0	384	80	286	0	1	0		1	0	0	
-1644166382	scripts/ai/StandardAI.lua	1	768	768	32	256	64	0	32	0	384	80	285	0	2	0		1	0	0	
-1644166381	scripts/ai/StandardAI.lua	1	768	768	32	256	64	0	32	0	384	80	285	0	3	0		1	0	0	
-1644166380	scripts/ai/StandardAI.lua	1	768	768	32	256	64	0	32	0	384	80	285	0	1	0		1	0	0	
-1644166379	scripts/ai/StandardAI.lua	1	768	768	32	256	64	0	32	0	384	80	0	0	2	0		1	0	0	
-1644166378	scripts/ai/StandardAI.lua	1	768	768	32	256	64	0	32	0	384	80	842	0	0	0		1	0	0	
-1644166377	scripts/ai/StandardAI.lua	1	768	768	32	256	64	0	32	0	384	80	843	0	0	0		1	0	0	
-1644166376	scripts/ai/StandardAI.lua	1	768	768	32	256	64	0	32	0	384	80	844	0	1	0		1	0	0	
-1644166375	scripts/ai/StandardAI.lua	1	768	768	32	256	64	0	32	0	384	80	844	0	3	0		1	0	0	
-1644166374	scripts/ai/StandardAI.lua	1	768	768	32	256	64	0	32	0	384	80	844	0	2	0		1	0	0	
-1644166373	scripts/ai/StandardAI.lua	1	768	768	32	256	64	0	32	0	384	80	847	0	0	0		1	0	1	
-1644166372	scripts/ai/StandardAI.lua	1	768	768	32	256	64	0	32	0	384	80	846	0	0	0		1	0	1	
-1644166371	scripts/ai/StandardAI.lua	1	768	768	32	256	64	0	32	0	384	80	848	0	3	0		1	0	1	
-1644166370	scripts/ai/StandardAI.lua	1	768	768	32	256	64	0	32	0	384	80	848	0	2	0		1	0	1	
-1644166369	scripts/ai/StandardAI.lua	1	768	768	32	256	64	0	32	0	384	80	848	0	1	0		1	0	1	
-1644166368	scripts/ai/StandardAI.lua	1	768	768	32	256	64	0	32	0	384	80	849	0	1	0		1	0	1	
-1644166367	scripts/ai/StandardAI.lua	1	768	768	32	256	64	0	32	0	384	80	849	0	3	0		1	0	1	
-1644166366	scripts/ai/StandardAI.lua	1	768	768	32	256	64	0	32	0	384	80	849	0	2	0		1	0	1	
-1644166365	scripts/ai/StandardAI.lua	1	768	768	32	256	64	0	32	0	384	80	850	0	0	0		1	0	1	
-1644166364	scripts/ai/StandardAI.lua	1	768	768	32	256	64	0	32	0	384	80	854	0	0	0		1	0	1	
-1644166363	scripts/ai/StandardAI.lua	1	768	768	32	256	64	0	32	0	384	80	859	0	3	0		1	0	1	
-1644166362	scripts/ai/StandardAI.lua	1	768	768	32	256	64	0	32	0	384	80	859	0	2	0		1	0	1	
-1644166361	scripts/ai/StandardAI.lua	1	768	768	32	256	64	0	32	0	384	80	859	0	1	0		1	0	1	
-1644166360	scripts/ai/StandardAI.lua	1	768	768	32	256	64	0	32	0	384	80	307	0	1	0		1	0	0	
-1644166359	scripts/ai/StandardAI.lua	0	768	768	32	256	64	0	32	0	384	80	295	0	0	0		1	0	0	
-1644166358	scripts/ai/StandardAI.lua	1	768	768	32	256	64	0	32	0	384	80	860	0	0	0		1	0	1	
-1644166357	scripts/ai/StandardAI.lua	1	768	768	32	256	64	0	32	0	384	80	861	0	3	0		1	0	1	
-1644166356	scripts/ai/StandardAI.lua	1	768	768	32	256	64	0	32	0	384	80	861	0	2	0		1	0	1	
-1644166355	scripts/ai/StandardAI.lua	1	768	768	32	256	64	0	32	0	384	80	861	0	1	0		1	0	1	
-1644166354	scripts/ai/StandardAI.lua	1	768	768	32	256	64	0	32	0	384	80	862	0	0	0		1	0	1	
-1644166353	scripts/ai/StandardAI.lua	1	768	768	32	256	64	0	32	0	384	80	863	0	0	0		1	0	1	
-1644166352	scripts/ai/StandardAI.lua	1	768	768	32	256	64	0	32	0	384	80	864	0	0	0		1	0	1	
-1644166351	scripts/ai/StandardAI.lua	0	768	768	32	256	64	0	32	0	384	80	865	0	0	0		1	0	0	
-1644166350	scripts/ai/StandardAI.lua	1	768	768	32	256	64	0	32	0	384	80	866	0	0	0		1	0	1	
-1644166349	scripts/ai/StandardAI.lua	1	768	768	32	256	64	0	32	0	384	80	612	0	0	0		1	0	1	
-1644166348	scripts/ai/StandardAI.lua	1	768	768	32	256	64	0	32	0	384	80	868	0	0	0		1	0	1	
-1644166347	scripts/ai/StandardAI.lua	1	768	768	32	256	64	0	32	0	384	80	873	0	1	0		1	0	1	
-1644166346	scripts/ai/StandardAI.lua	1	768	768	32	256	64	0	32	0	384	80	874	0	0	0		1	0	1	
-1644166345	scripts/ai/StandardAI.lua	1	768	768	32	256	64	0	32	0	384	80	878	0	0	0		1	0	1	
-1644166344	scripts/ai/StandardAI.lua	1	768	768	32	256	64	0	32	0	384	80	880	0	0	0		1	0	1	
-1644166343	scripts/ai/StandardAI.lua	1	768	768	32	256	64	0	32	0	384	80	881	0	1	0		1	0	1	
-1644166342	scripts/ai/StandardAI.lua	1	768	768	32	256	64	0	32	0	384	80	881	0	3	0		1	0	1	
-1644166341	scripts/ai/StandardAI.lua	1	768	768	32	256	64	0	32	0	384	80	881	0	2	0		1	0	1	
-1644166340	scripts/ai/StandardAI.lua	1	768	768	32	256	64	0	32	0	384	80	884	0	2	0		1	0	1	
-1644166339	scripts/ai/StandardAI.lua	1	768	768	32	256	64	0	32	0	384	80	884	0	3	0		1	0	1	
-1644166338	scripts/ai/StandardAI.lua	1	768	768	32	256	64	0	32	0	384	80	886	0	1	0		1	0	1	
-1644166337	scripts/ai/StandardAI.lua	1	768	768	32	256	64	0	32	0	384	80	886	0	2	0		1	0	1	
-1644166336	scripts/ai/StandardAI.lua	1	768	768	32	256	64	0	32	0	384	80	887	0	0	0		1	0	1	
-1644166335	scripts/ai/StandardAI.lua	0	768	768	32	256	64	0	32	0	384	80	891	0	1	0		1	0	0	
-1644166334	scripts/ai/StandardAI.lua	0	768	768	32	256	64	0	32	0	384	80	891	0	2	0		1	0	0	
-1644166333	scripts/ai/StandardAI.lua	0	768	768	32	256	64	0	32	0	384	80	891	0	3	0		1	0	0	
-1644166332	scripts/ai/StandardAI.lua	0	768	768	32	256	64	0	32	0	384	80	2	0	1	0		1	0	0	
-1644166331	scripts/ai/StandardAI.lua	0	768	768	32	256	64	0	32	0	384	80	2	0	3	0		1	0	0	
-1644166330	scripts/ai/StandardAI.lua	0	768	768	32	256	64	0	32	0	384	80	5	0	0	0		1	0	0	
-1644166329	scripts/ai/StandardAI.lua	0	768	768	32	256	64	0	32	0	384	80	7	0	1	0		1	0	0	
-1644166328	scripts/ai/StandardAI.lua	0	768	768	32	256	64	0	32	0	384	80	893	0	0	0		1	0	0	
-1644166327	scripts/ai/StandardAI.lua	0	768	768	32	256	64	0	32	0	384	80	11	0	0	0		1	0	0	
-1644166326	scripts/ai/StandardAI.lua	0	768	768	32	256	64	0	32	0	384	80	17	0	3	0		1	0	0	
-1644166325	scripts/ai/StandardAI.lua	0	768	768	32	256	64	0	32	0	384	80	17	0	2	0		1	0	0	
-1644166324	scripts/ai/StandardAI.lua	0	768	768	32	256	64	0	32	0	384	80	894	0	1	0		0	0	0	
-1644166323	scripts/ai/StandardAI.lua	0	768	768	32	256	64	0	32	0	384	80	894	0	2	0		0	0	0	
-1644166322	scripts/ai/StandardAI.lua	0	768	768	32	256	64	0	32	0	384	80	895	0	1	0		1	0	0	
-1644166321	scripts/ai/StandardAI.lua	0	768	768	32	256	64	0	32	0	384	80	895	0	2	0		1	0	0	
-1644166320	scripts/ai/StandardAI.lua	0	768	768	32	256	64	0	32	0	384	80	900	0	1	0		1	0	0	
-1644166319	scripts/ai/StandardAI.lua	0	768	768	32	256	64	0	32	0	384	80	900	0	2	0		1	0	0	
-1644166318	scripts/ai/StandardAI.lua	0	768	768	32	256	64	0	32	0	384	80	899	0	0	0		1	0	0	
-1644166317	scripts/ai/StandardAI.lua	0	768	768	32	256	64	0	32	0	384	80	904	0	0	0		0	0	0	
-1644166316	scripts/ai/StandardAI.lua	0	768	768	32	256	64	0	32	0	384	80	905	0	0	0		0	0	0	
-1644166315	scripts/ai/StandardAI.lua	0	768	768	32	256	64	0	32	0	384	80	906	0	3	0		1	0	0	
-1644166314	scripts/ai/StandardAI.lua	0	768	768	32	256	64	0	32	0	384	80	906	0	2	0		1	0	0	
-1644166313	scripts/ai/StandardAI.lua	0	768	768	32	256	64	0	32	0	384	80	907	0	3	0		0	0	0	
-1644166312	scripts/ai/StandardAI.lua	0	768	768	32	256	64	0	32	0	384	80	907	0	2	0		0	0	0	
-1644166311	scripts/ai/StandardAI.lua	0	768	768	32	256	64	0	32	0	384	80	908	0	0	0		0	0	0	
-1644166310	scripts/ai/StandardAI.lua	0	768	768	32	256	64	0	32	0	384	80	908	0	0	0		1	0	0	
-1644166309	scripts/ai/StandardAI.lua	0	768	768	32	256	64	0	32	0	384	80	910	0	0	0		1	0	0	
-1644166308	scripts/ai/StandardAI.lua	0	768	768	32	256	64	0	32	0	384	80	911	0	1	0		1	0	0	
-1644166307	scripts/ai/StandardAI.lua	0	768	768	32	256	64	0	32	0	384	80	911	0	2	0		1	0	0	
-1644166306	scripts/ai/StandardAI.lua	0	768	768	32	256	64	0	32	0	384	80	911	0	3	0		1	0	0	
-1644166305	scripts/ai/StandardAI.lua	0	768	768	32	256	64	0	32	0	384	80	912	0	2	0		1	0	0	
-1644166304	scripts/ai/StandardAI.lua	0	768	768	32	256	64	0	32	0	384	80	912	0	1	0		1	0	0	
-1644166303	scripts/ai/StandardAI.lua	0	768	768	32	256	64	0	32	0	384	80	914	0	3	0		1	0	0	
-1644166302	scripts/ai/StandardAI.lua	0	768	768	32	256	64	0	32	0	384	80	914	0	2	0		1	0	0	
-1644166301	scripts/ai/StandardAI.lua	0	768	768	32	256	64	0	32	0	384	80	916	0	1	0		1	0	0	
-1644166300	scripts/ai/StandardAI.lua	0	768	768	32	256	64	0	32	0	384	80	916	0	3	0		1	0	0	
-1644166299	scripts/ai/StandardAI.lua	0	768	768	32	256	64	0	32	0	384	80	916	0	2	0		1	0	0	
-1644166298	scripts/ai/StandardAI.lua	0	768	768	32	256	64	0	32	0	384	80	917	0	3	0		0	0	0	
-1644166297	scripts/ai/StandardAI.lua	0	768	768	32	256	64	0	32	0	384	80	917	0	1	0		1	0	0	
-1644166296	scripts/ai/StandardAI.lua	0	768	768	32	256	64	0	32	0	384	80	920	0	0	0		0	0	0	
-1644166295	scripts/ai/StandardAI.lua	0	768	768	32	256	64	0	32	0	384	80	921	0	3	0		1	0	0	
-1644166294	scripts/ai/StandardAI.lua	0	768	768	32	256	64	0	32	0	384	80	921	0	2	0		1	0	0	
-1644166293	scripts/ai/StandardAI.lua	0	768	768	32	256	64	0	32	0	384	80	921	0	1	0		1	0	0	
-1644166292	scripts/ai/StandardAI.lua	0	768	768	32	256	64	0	32	0	384	80	922	0	3	0		1	0	0	
-1644166291	scripts/ai/StandardAI.lua	0	768	768	32	256	64	0	32	0	384	80	923	0	1	0		1	0	0	
-1644166290	scripts/ai/StandardAI.lua	0	768	768	32	256	64	0	32	0	384	80	923	0	3	0		1	0	0	
-1644166289	scripts/ai/StandardAI.lua	0	768	768	32	256	64	0	32	0	384	80	923	0	2	0		1	0	0	
-1644166288	scripts/ai/StandardAI.lua	0	768	768	32	256	64	0	32	0	384	80	925	0	1	0		1	0	0	
-1644166287	scripts/ai/StandardAI.lua	0	768	768	32	256	64	0	32	0	384	80	925	0	2	0		1	0	0	
-1644166286	scripts/ai/StandardAI.lua	0	768	768	32	256	64	0	32	0	384	80	924	0	2	0		1	0	0	
-1644166285	scripts/ai/StandardAI.lua	0	768	768	32	256	64	0	32	0	384	80	924	0	1	0		1	0	0	
-1644166284	scripts/ai/StandardAI.lua	0	768	768	32	256	64	0	32	0	384	80	927	0	1	0		0	0	0	
-1644166283	scripts/ai/StandardAI.lua	0	768	768	32	256	64	0	32	0	384	80	927	0	2	0		0	0	0	
-1644166282	scripts/ai/StandardAI.lua	0	768	768	32	256	64	0	32	0	384	80	928	0	1	0		1	0	0	
-1644166281	scripts/ai/StandardAI.lua	0	768	768	32	256	64	0	32	0	384	80	928	0	2	0		1	0	0	
-1644166280	scripts/ai/StandardAI.lua	0	768	768	32	256	64	0	32	0	384	80	928	0	3	0		1	0	0	
-1644166279	scripts/ai/StandardAI.lua	0	768	768	32	256	64	0	32	0	384	80	929	0	0	0		1	0	0	
-1644166278	scripts/ai/StandardAI.lua	0	768	768	32	256	64	0	32	0	384	80	932	0	0	0		1	0	0	
-1644166277	scripts/ai/StandardAI.lua	0	768	768	32	256	64	0	32	0	384	80	933	0	1	0		1	0	0	
-1644166276	scripts/ai/StandardAI.lua	0	768	768	32	256	64	0	32	0	384	80	933	0	2	0		1	0	0	
-1644166275	scripts/ai/StandardAI.lua	0	768	768	32	256	64	0	32	0	384	80	933	0	3	0		1	0	0	
-1644166274	scripts/ai/StandardAI.lua	0	768	768	32	256	64	0	32	0	384	80	934	0	2	0		1	0	0	
-1644166273	scripts/ai/StandardAI.lua	0	768	768	32	256	64	0	32	0	384	80	934	0	3	0		1	0	0	
-1644166272	scripts/ai/StandardAI.lua	0	768	768	32	256	64	0	32	0	384	80	934	0	1	0		1	0	0	
-1644166271	scripts/ai/StandardAI.lua	0	768	768	32	256	64	0	32	0	384	80	936	0	0	0		0	0	0	
-1644166270	scripts/ai/StandardAI.lua	1	768	768	32	256	64	0	32	0	384	80	765	0	0	0		1	0	0	
-1644166269	scripts/ai/StandardAI.lua	1	768	768	32	256	64	0	32	0	384	80	965	0	1	0		1	0	1	
-1644166268	scripts/ai/StandardAI.lua	1	768	768	32	256	64	0	32	0	384	80	940	0	1	0		1	0	1	
-1644166267	scripts/ai/StandardAI.lua	1	768	768	32	256	64	0	32	0	384	80	940	0	3	0		1	0	1	
-1644166266	scripts/ai/StandardAI.lua	1	768	768	32	256	64	0	32	0	384	80	940	0	2	0		1	0	1	
-1644166265	scripts/ai/StandardAI.lua	1	768	768	32	256	64	0	32	0	384	80	941	0	2	0		1	0	1	
-1644166264	scripts/ai/StandardAI.lua	1	768	768	32	256	64	0	32	0	384	80	941	0	1	0		1	0	1	
-1644166263	scripts/ai/StandardAI.lua	1	768	768	32	256	64	0	32	0	384	80	954	0	0	0		1	0	1	
-1644166262	scripts/ai/StandardAI.lua	1	768	768	32	256	64	0	32	0	384	80	944	0	0	0		1	0	1	
-1644166261	scripts/ai/StandardAI.lua	1	768	768	32	256	64	0	32	0	384	80	943	0	0	0		1	0	1	
-1644166260	scripts/ai/StandardAI.lua	1	768	768	32	256	64	0	32	0	384	80	951	0	0	0		1	0	1	
-1644166259	scripts/ai/StandardAI.lua	1	768	768	32	256	64	0	32	0	384	80	952	0	1	0		1	0	1	
-1644166258	scripts/ai/StandardAI.lua	1	768	768	32	256	64	0	32	0	384	80	952	0	2	0		1	0	1	
-1644166257	scripts/ai/StandardAI.lua	1	768	768	32	256	64	0	32	0	384	80	952	0	3	0		1	0	1	
-1644166256	scripts/ai/StandardAI.lua	1	768	768	32	256	64	0	32	0	384	80	953	0	1	0		1	0	1	
-1644166255	scripts/ai/StandardAI.lua	1	768	768	32	256	64	0	32	0	384	80	953	0	2	0		1	0	1	
-1644166254	scripts/ai/StandardAI.lua	1	768	768	32	256	64	0	32	0	384	80	953	0	3	0		1	0	1	
-1644166253	scripts/ai/StandardAI.lua	1	768	768	32	256	64	0	32	0	384	80	955	0	0	0		1	0	1	
-1644166252	scripts/ai/StandardAI.lua	1	768	768	32	256	64	0	32	0	384	80	959	0	0	0		1	0	1	
-1644166251	scripts/ai/StandardAI.lua	1	768	768	32	256	64	0	32	0	384	80	956	0	1	0		1	0	1	
-1644166250	scripts/ai/StandardAI.lua	1	768	768	32	256	64	0	32	0	384	80	957	0	3	0		1	0	1	
-1644166249	scripts/ai/StandardAI.lua	1	768	768	32	256	64	0	32	0	384	80	957	0	2	0		1	0	1	
-1644166248	scripts/ai/StandardAI.lua	1	768	768	32	256	64	0	32	0	384	80	958	0	1	0		1	0	1	
-1644166247	scripts/ai/StandardAI.lua	1	768	768	32	256	64	0	32	0	384	80	958	0	2	0		1	0	1	
-1644166246	scripts/ai/StandardAI.lua	1	768	768	32	256	64	0	32	0	384	80	958	0	3	0		1	0	1	
-1644166245	scripts/ai/StandardAI.lua	1	768	768	32	256	64	0	32	0	384	80	961	0	3	0		1	0	1	
-1644166244	scripts/ai/StandardAI.lua	1	768	768	32	256	64	0	32	0	384	80	961	0	2	0		1	0	1	
-1644166243	scripts/ai/StandardAI.lua	1	768	768	32	256	64	0	32	0	384	80	962	0	1	0		1	0	1	
-1644166242	scripts/ai/StandardAI.lua	1	768	768	32	256	64	0	32	0	384	80	962	0	2	0		1	0	1	
-1644166241	scripts/ai/StandardAI.lua	1	768	768	32	256	64	0	32	0	384	80	962	0	3	0		1	0	1	
-1644166240	scripts/ai/StandardAI.lua	1	768	768	32	256	64	0	32	0	384	80	963	0	2	0		1	0	1	
-1644166239	scripts/ai/StandardAI.lua	1	768	768	32	256	64	0	32	0	384	80	963	0	1	0		1	0	1	
-1644166238	scripts/ai/StandardAI.lua	1	768	768	32	256	64	0	32	0	384	80	963	0	3	0		1	0	1	
-1644166237	scripts/ai/StandardAI.lua	1	768	768	32	256	64	0	32	0	384	80	964	0	0	0		1	0	1	
-1644166236	scripts/ai/StandardAI.lua	1	768	768	32	256	64	0	32	0	384	80	966	0	0	0		1	0	1	
-1644166235	scripts/ai/StandardAI.lua	1	768	768	32	256	64	0	32	0	384	80	967	0	0	0		1	0	1	
-1644166234	scripts/ai/StandardAI.lua	1	768	768	32	256	64	0	32	0	384	80	968	0	0	0		1	0	1	
-1644166233	scripts/ai/StandardAI.lua	0	768	768	32	256	64	0	32	0	384	80	0	0	3	0		1	0	0	
-1644166232	scripts/ai/StandardAI.lua	0	768	768	32	256	64	0	32	0	384	80	971	0	1	0		1	0	0	
-1644166231	scripts/ai/StandardAI.lua	0	768	768	32	256	64	0	32	0	384	80	972	0	2	0		1	0	0	
-1644166230	scripts/ai/StandardAI.lua	0	768	768	32	256	64	0	32	0	384	80	972	0	1	0		1	0	0	
-1644166229	scripts/ai/StandardAI.lua	0	768	768	32	256	64	0	32	0	384	80	973	0	1	0		1	0	0	
-1644166228	scripts/ai/StandardAI.lua	0	768	768	32	256	64	0	32	0	384	80	973	0	2	0		1	0	0	
-1644166227	scripts/ai/StandardAI.lua	0	768	768	32	256	64	0	32	0	384	80	973	0	3	0		1	0	0	
-1644166226	scripts/ai/StandardAI.lua	0	768	768	32	256	64	0	32	0	384	80	974	0	1	0		1	0	0	
-1644166225	scripts/ai/StandardAI.lua	0	768	768	32	256	64	0	32	0	384	80	974	0	2	0		1	0	0	
-1644166224	scripts/ai/StandardAI.lua	0	768	768	32	256	64	0	32	0	384	80	974	0	3	0		1	0	0	
-1644166223	scripts/ai/StandardAI.lua	0	768	768	32	256	64	0	32	0	384	80	975	0	0	0		0	0	0	
-1644166222	scripts/ai/StandardAI.lua	0	768	768	32	256	64	0	32	0	384	80	976	0	1	0		1	0	0	
-1644166221	scripts/ai/StandardAI.lua	0	768	768	32	256	64	0	32	0	384	80	976	0	2	0		1	0	0	
-1644166220	scripts/ai/StandardAI.lua	0	768	768	32	256	64	0	32	0	384	80	976	0	3	0		1	0	0	
-1644166219	scripts/ai/StandardAI.lua	1	768	768	32	256	64	0	32	0	384	80	981	0	0	0		1	0	0	
-1644166218	scripts/ai/StandardAI.lua	1	768	768	32	256	64	0	32	0	384	80	977	0	0	0		1	0	1	
-1644166217	scripts/ai/StandardAI.lua	1	768	768	32	256	64	0	32	0	384	80	979	0	0	0		1	0	0	
-1644166216	scripts/ai/StandardAI.lua	1	768	768	32	256	64	0	32	0	384	80	980	0	0	0		1	0	1	
-1644166215	scripts/ai/StandardAI.lua	1	768	768	32	256	64	0	32	0	384	80	982	0	0	0		1	0	1	
-1644166214	scripts/ai/StandardAI.lua	1	768	768	32	256	64	0	32	0	384	80	0	0	3	0		1	0	1	
-1644166213	scripts/ai/StandardAI.lua	1	768	768	32	256	64	0	32	0	384	80	983	0	0	0		1	0	1	
-1644166212	scripts/ai/StandardAI.lua	0	768	768	32	256	64	0	32	0	384	80	984	0	0	0		1	0	0	
-1644166211	scripts/ai/StandardAI.lua	0	768	768	32	256	64	0	32	0	384	80	985	0	0	0		1	0	0	
-1644166210	scripts/ai/StandardAI.lua	0	768	768	32	256	64	0	32	0	384	80	987	0	0	0		1	0	0	
-1644166209	scripts/ai/StandardAI.lua	1	768	768	32	256	64	0	32	0	384	80	989	0	0	0		1	0	1	
-1644166208	scripts/ai/StandardAI.lua	1	768	768	32	256	64	0	32	0	384	80	992	0	0	0		1	0	1	
-1644166207	scripts/ai/StandardAI.lua	1	768	768	32	256	64	0	32	0	384	80	851	0	1	0		1	0	1	
-1644166206	scripts/ai/StandardAI.lua	1	768	768	32	256	64	0	32	0	384	80	851	0	2	0		1	0	1	
-1644166205	scripts/ai/StandardAI.lua	1	768	768	32	256	64	0	32	0	384	80	851	0	3	0		1	0	1	
-1644166204	scripts/ai/StandardAI.lua	0	768	768	32	256	64	0	32	0	384	80	855	0	0	0		1	0	0	
-1644166203	scripts/ai/StandardAI.lua	0	768	768	32	256	64	0	32	0	384	80	856	0	0	0		1	0	0	
-1644166202	scripts/ai/StandardAI.lua	1	768	768	32	256	64	0	32	0	384	80	853	0	1	0		1	0	1	
-1644166201	scripts/ai/StandardAI.lua	1	768	768	32	256	64	0	32	0	384	80	853	0	2	0		1	0	1	
-1644166200	scripts/ai/StandardAI.lua	1	768	768	32	256	64	0	32	0	384	80	853	0	3	0		1	0	1	
-1644166199	scripts/ai/StandardAI.lua	0	768	768	32	256	64	0	32	0	384	80	913	0	0	0		1	0	0	
-1644166198	scripts/ai/StandardAI.lua	0	768	768	32	256	64	0	32	0	384	80	995	0	1	0		0	0	0	
-1644166197	scripts/ai/StandardAI.lua	0	768	768	32	256	64	0	32	0	384	80	995	0	2	0		1	0	0	
-1644166196	scripts/ai/StandardAI.lua	1	768	768	32	256	64	0	32	0	384	80	996	0	0	0		1	0	1	
-1644166195	scripts/ai/StandardAI.lua	1	768	768	32	256	64	0	32	0	384	80	998	0	0	0		1	0	1	
-1644166194	scripts/ai/StandardAI.lua	1	768	768	32	256	64	0	32	0	384	80	997	0	0	0		1	0	0	
-1644166193	scripts/ai/StandardAI.lua	0	768	768	32	256	64	0	32	0	384	80	999	0	1	0		1	0	0	
-1644166192	scripts/ai/StandardAI.lua	0	768	768	32	256	64	0	32	0	384	80	1000	0	1	0		1	0	0	
-1644166191	scripts/ai/StandardAI.lua	0	768	768	32	256	64	0	32	0	384	80	1002	0	1	0		1	0	0	
-1644166190	scripts/ai/StandardAI.lua	0	768	768	32	256	64	0	32	0	384	80	1001	0	1	0		1	0	0	
-1644166189	scripts/ai/StandardAI.lua	0	768	768	32	256	64	0	32	0	384	80	1003	0	1	0		1	0	0	
-1644166188	scripts/ai/StandardAI.lua	0	768	768	32	256	64	0	32	0	384	80	1004	0	1	0		1	0	0	
