AIType	ScriptFile	IsPositive	AlertRange	SearchPlayerDistance	AlertOverTime	AttackRange	EscapeTime	EscapeRange	EscapeInterval	WanderRange	WanderDistance	WanderInterval	PatrolPathID	EscapeLife	PatrolOrderIndex	ReviveTeammate	CustomArguments	IsAutoTurn	NpcSceneType	IsSnarlInFight	DialogIdleTime
1711276033	scripts/ai/StandardAI.lua	0	768	768	32	256	64	960	32	512	0	80	1	30	1	0		1	0	0	
1711276034	scripts/ai/StandardAI.lua	0	768	768	32	256	64	960	32	512	0	80	2	30	1	0		1	0	0	
1711276035	scripts/ai/StandardAI.lua	0	768	768	32	256	64	960	32	256	128	80	60	30	1	0		1	0	0	
1711276036	scripts/ai/StandardAI.lua	0	768	768	32	256	64	960	32	0	128	80	550	30	2	0		1	0	0	
1711276037	scripts/ai/StandardAI.lua	0	768	768	32	256	64	960	32	0	128	80	551	30	1	0		1	0	0	
1711276038	scripts/ai/StandardAI.lua	0	768	768	32	256	64	960	32	0	128	80	0	30	0	0		1	0	0	
1711276039	scripts/ai/StandardAI.lua	0	768	768	32	256	64	960	32	0	128	80	552	30	1	0		1	0	0	
1711276040	scripts/ai/StandardAI.lua	0	768	768	32	256	64	960	32	0	128	80	553	30	2	0		1	0	0	
1711276041	scripts/ai/StandardAI.lua	0	768	768	32	256	64	960	32	0	128	80	553	30	1	0		1	0	0	
1711276042	scripts/ai/StandardAI.lua	0	768	768	32	256	64	960	32	0	128	80	552	30	2	0		1	0	0	
1711276043	scripts/ai/StandardAI.lua	0	768	768	32	256	64	960	32	256	128	80	16	30	1	0		1	0	0	
1711276044	scripts/ai/StandardAI.lua	0	768	768	32	256	64	960	32	256	128	80	15	30	1	0		1	0	0	
1711276045	scripts/ai/StandardAI.lua	0	768	768	32	256	64	960	32	256	128	80	27	30	1	0		1	0	0	
1711276046	scripts/ai/StandardAI.lua	0	768	768	32	256	64	960	32	256	128	80	19	30	1	0		1	0	0	
1711276047	scripts/ai/StandardAI.lua	0	768	768	32	256	64	960	32	256	128	80	20	30	1	0		1	0	0	
1711276048	scripts/ai/StandardAI.lua	0	768	768	32	256	64	960	32	256	128	80	21	30	2	0		1	0	0	
1711276049	scripts/ai/StandardAI.lua	0	768	768	32	256	64	960	32	256	128	80	21	30	1	0		1	0	0	
1711276050	scripts/ai/StandardAI.lua	0	768	768	32	256	64	960	32	256	128	80	22	30	1	0		1	0	0	
1711276051	scripts/ai/StandardAI.lua	0	768	768	32	256	64	960	32	256	128	80	28	30	1	0		1	0	0	
1711276052	scripts/ai/StandardAI.lua	0	768	768	32	256	64	960	32	256	128	80	23	30	1	0		1	0	0	
1711276053	scripts/ai/StandardAI.lua	0	768	768	32	256	64	960	32	256	128	80	24	30	1	0		1	0	0	
1711276054	scripts/ai/StandardAI.lua	0	768	768	32	256	64	960	32	256	128	80	26	30	1	0		1	0	0	
1711276055	scripts/ai/StandardAI.lua	0	768	768	32	256	64	960	32	256	128	80	25	30	1	0		1	0	0	
1711276056	scripts/ai/StandardAI.lua	0	768	768	32	256	64	960	32	256	128	80	29	30	1	0		1	0	0	
1711276057	scripts/ai/StandardAI.lua	0	768	768	32	256	64	960	32	256	128	80	30	30	1	0		1	0	0	
1711276058	scripts/ai/StandardAI.lua	0	768	768	32	256	64	960	32	256	128	80	31	30	1	0		1	0	0	
1711276059	scripts/ai/StandardAI.lua	0	768	768	32	256	64	960	32	256	128	80	32	30	1	0		1	0	0	
1711276060	scripts/ai/StandardAI.lua	0	768	768	32	256	64	960	32	256	128	80	35	30	1	0		1	0	0	
1711276061	scripts/ai/StandardAI.lua	0	768	768	32	256	64	960	32	256	128	80	33	30	1	0		1	0	0	
1711276062	scripts/ai/StandardAI.lua	0	768	768	32	256	64	960	32	512	128	80	0	30	0	0		1	0	0	
1711276063	scripts/ai/StandardAI.lua	0	768	768	32	256	64	960	32	256	128	80	34	30	1	0		1	0	0	
1711276064	scripts/ai/StandardAI.lua	0	768	768	32	256	64	960	32	512	0	80	36	30	1	0		1	0	0	
1711276065	scripts/ai/StandardAI.lua	0	768	768	32	256	64	960	32	512	0	80	37	30	1	0		1	0	0	
1711276066	scripts/ai/StandardAI.lua	0	768	768	32	256	64	960	32	256	128	80	38	30	1	0		1	0	0	
1711276067	scripts/ai/StandardAI.lua	0	768	768	32	256	64	0	32	0	384	80	0	0	0	0		0	0	0	
1711276068	scripts/ai/StandardAI.lua	1	1024	768	32	256	64	0	32	0	384	80	58	0	1	0		1	0	1	
1711276069	scripts/ai/StandardAI.lua	1	1024	768	32	256	64	0	32	0	384	80	58	0	2	0		1	0	1	
1711276070	scripts/ai/StandardAI.lua	1	1024	768	32	256	64	0	32	0	384	80	39	0	1	0		1	0	1	
1711276071	scripts/ai/StandardAI.lua	1	1024	768	32	256	64	0	32	0	384	80	39	0	2	0		1	0	1	
1711276072	scripts/ai/StandardAI.lua	0	768	768	32	256	64	960	32	512	0	80	41	30	1	0		1	0	0	
1711276073	scripts/ai/StandardAI.lua	0	768	768	32	256	64	0	32	0	384	80	17	0	1	0		1	0	0	
1711276074	scripts/ai/StandardAI.lua	0	768	768	32	256	64	0	32	0	384	80	18	0	1	0		1	0	0	
1711276075	scripts/ai/StandardAI.lua	0	768	768	32	256	64	960	32	256	128	80	42	30	1	0		1	0	0	
1711276076	scripts/ai/StandardAI.lua	0	768	768	32	256	64	960	32	256	128	80	44	30	1	0		1	0	0	
1711276077	scripts/ai/StandardAI.lua	0	768	768	32	256	64	960	32	256	128	80	43	30	1	0		1	0	0	
1711276078	scripts/ai/StandardAI.lua	0	768	768	32	256	64	0	32	0	384	80	95	0	1	0		0	0	0	
1711276079	scripts/ai/StandardAI.lua	0	768	768	32	256	64	0	32	0	384	80	94	0	1	0		0	0	0	
1711276080	scripts/ai/StandardAI.lua	0	768	768	32	256	64	0	32	0	384	80	96	0	1	0		0	0	0	
1711276081	scripts/ai/StandardAI.lua	1	1024	768	32	256	64	0	32	0	384	80	46	0	1	0		1	0	1	
1711276082	scripts/ai/StandardAI.lua	1	1024	768	32	256	64	0	32	0	384	80	47	0	1	0		1	0	1	
1711276083	scripts/ai/StandardAI.lua	1	1024	768	32	256	64	0	32	0	384	80	45	0	1	0		1	0	1	
1711276084	scripts/ai/StandardAI.lua	1	1024	768	32	256	64	0	32	0	384	80	45	0	2	0		1	0	1	
1711276085	scripts/ai/StandardAI.lua	0	768	768	32	256	64	960	32	512	0	80	48	30	3	0		1	0	0	
1711276086	scripts/ai/StandardAI.lua	0	768	768	32	256	64	960	32	512	0	80	48	30	2	0		1	0	0	
1711276087	scripts/ai/StandardAI.lua	0	768	768	32	256	64	0	32	0	384	80	48	0	1	0		1	0	0	
1711276088	scripts/ai/StandardAI.lua	0	768	768	32	256	64	960	32	256	128	80	49	30	1	0		1	0	0	
1711276089	scripts/ai/StandardAI.lua	0	768	768	32	256	64	960	32	256	128	80	50	30	1	0		1	0	0	
1711276090	scripts/ai/StandardAI.lua	0	768	768	32	256	64	960	32	256	128	80	51	30	1	0		1	0	0	
1711276091	scripts/ai/StandardAI.lua	0	768	768	32	256	64	0	32	0	384	80	52	0	1	0		1	0	0	
1711276092	scripts/ai/StandardAI.lua	0	768	768	32	256	64	0	32	0	384	80	53	0	1	0		1	0	0	
1711276093	scripts/ai/StandardAI.lua	0	768	768	32	256	64	0	32	0	384	80	53	0	2	0		1	0	0	
1711276094	scripts/ai/StandardAI.lua	0	768	768	32	256	64	0	32	0	384	80	53	0	3	0		1	0	0	
1711276095	scripts/ai/StandardAI.lua	0	768	768	32	256	64	0	32	0	384	80	53	0	4	0		1	0	0	
1711276096	scripts/ai/StandardAI.lua	0	768	768	32	256	64	0	32	0	384	80	53	0	5	0		1	0	0	
1711276097	scripts/ai/StandardAI.lua	0	768	768	32	256	64	0	32	0	384	80	53	0	6	0		1	0	0	
1711276098	scripts/ai/StandardAI.lua	0	768	768	32	256	64	0	32	0	384	80	54	0	1	0		1	0	0	
1711276099	scripts/ai/StandardAI.lua	0	768	768	32	256	64	0	32	0	384	80	54	0	2	0		1	0	0	
1711276100	scripts/ai/StandardAI.lua	0	768	768	32	256	64	0	32	0	384	80	54	0	3	0		1	0	0	
1711276101	scripts/ai/StandardAI.lua	0	768	768	32	256	64	0	32	0	384	80	54	0	4	0		1	0	0	
1711276102	scripts/ai/StandardAI.lua	0	768	768	32	256	64	0	32	0	384	80	54	0	5	0		1	0	0	
1711276103	scripts/ai/StandardAI.lua	0	768	768	32	256	64	0	32	0	384	80	54	0	6	0		1	0	0	
1711276104	scripts/ai/StandardAI.lua	0	768	768	32	256	64	0	32	0	384	80	55	0	1	0		1	0	0	
1711276105	scripts/ai/StandardAI.lua	0	768	768	32	256	64	0	32	0	384	80	55	0	2	0		1	0	0	
1711276106	scripts/ai/StandardAI.lua	0	768	768	32	256	64	0	32	0	384	80	55	0	3	0		1	0	0	
1711276107	scripts/ai/StandardAI.lua	0	768	768	32	256	64	0	32	0	384	80	55	0	4	0		1	0	0	
1711276108	scripts/ai/StandardAI.lua	0	768	768	32	256	64	0	32	0	384	80	55	0	5	0		1	0	0	
1711276109	scripts/ai/StandardAI.lua	0	768	768	32	256	64	0	32	0	384	80	55	0	6	0		1	0	0	
1711276110	scripts/ai/StandardAI.lua	0	768	768	32	256	64	0	32	0	384	80	56	0	5	0		1	0	0	
1711276111	scripts/ai/StandardAI.lua	0	768	768	32	256	64	0	32	0	384	80	56	0	6	0		1	0	0	
1711276112	scripts/ai/StandardAI.lua	0	768	768	32	256	64	0	32	0	384	80	56	0	3	0		1	0	0	
1711276113	scripts/ai/StandardAI.lua	0	768	768	32	256	64	0	32	0	384	80	56	0	1	0		1	0	0	
1711276114	scripts/ai/StandardAI.lua	0	768	768	32	256	64	0	32	0	384	80	56	0	2	0		1	0	0	
1711276115	scripts/ai/StandardAI.lua	0	768	768	32	256	64	0	32	0	384	80	56	0	4	0		1	0	0	
1711276116	scripts/ai/StandardAI.lua	0	768	768	32	256	64	0	32	0	384	80	57	0	1	0		1	0	0	
1711276117	scripts/ai/StandardAI.lua	0	768	768	32	256	64	0	32	0	384	80	57	0	2	0		1	0	0	
1711276118	scripts/ai/StandardAI.lua	0	768	768	32	256	64	0	32	0	384	80	57	0	3	0		1	0	0	
1711276119	scripts/ai/StandardAI.lua	0	768	768	32	256	64	0	32	0	384	80	57	0	5	0		1	0	0	
1711276120	scripts/ai/StandardAI.lua	0	768	768	32	256	64	0	32	0	384	80	57	0	4	0		1	0	0	
1711276121	scripts/ai/StandardAI.lua	0	768	768	32	256	64	0	32	0	384	80	57	0	6	0		1	0	0	
1711276122	scripts/ai/StandardAI.lua	0	768	768	32	256	64	960	32	256	128	80	61	30	1	0		1	0	0	
1711276123	scripts/ai/StandardAI.lua	0	768	768	32	256	64	960	32	256	128	80	62	30	1	0		1	0	0	
1711276124	scripts/ai/StandardAI.lua	0	768	768	32	256	64	960	32	256	128	80	64	30	1	0		1	0	0	
1711276125	scripts/ai/StandardAI.lua	0	768	768	32	256	64	960	32	256	128	80	65	30	1	0		1	0	0	
1711276126	scripts/ai/StandardAI.lua	0	768	768	32	256	64	960	32	256	128	80	66	30	1	0		1	0	0	
1711276127	scripts/ai/StandardAI.lua	0	768	768	32	256	64	960	32	256	128	80	67	30	1	0		1	0	0	
1711276128	scripts/ai/StandardAI.lua	0	768	768	32	256	64	960	32	256	128	80	68	30	1	0		1	0	0	
1711276129	scripts/ai/StandardAI.lua	0	768	768	32	256	64	0	32	0	384	80	97	0	1	0		0	0	0	
1711276130	scripts/ai/StandardAI.lua	0	768	768	32	256	64	960	32	512	0	80	64	30	2	0		1	0	0	
1711276131	scripts/ai/StandardAI.lua	0	768	768	32	256	64	960	32	256	128	80	75	30	1	0		1	0	0	
1711276132	scripts/ai/StandardAI.lua	0	768	768	32	256	64	960	32	256	128	80	76	30	1	0		1	0	0	
1711276133	scripts/ai/StandardAI.lua	0	768	768	32	256	64	960	32	256	128	80	77	30	1	0		1	0	0	
1711276134	scripts/ai/StandardAI.lua	0	768	768	32	256	64	960	32	512	0	80	69	30	1	0		1	0	0	
1711276135	scripts/ai/StandardAI.lua	1	1024	768	32	256	64	0	32	0	384	80	78	0	6	0		1	0	1	
1711276136	scripts/ai/StandardAI.lua	1	768	768	32	256	64	0	32	0	384	80	78	0	1	0		1	0	1	
1711276137	scripts/ai/StandardAI.lua	0	768	768	32	256	64	960	32	256	128	80	79	30	1	0		1	0	0	
1711276138	scripts/ai/StandardAI.lua	0	768	768	32	256	64	0	32	0	384	80	80	0	1	0		1	0	0	
1711276139	scripts/ai/StandardAI.lua	0	768	768	32	256	64	0	32	0	384	80	81	0	2	0		1	0	0	
1711276140	scripts/ai/StandardAI.lua	0	768	768	32	256	64	0	32	0	384	80	81	0	1	0		1	0	0	
1711276141	scripts/ai/StandardAI.lua	0	768	768	32	256	64	0	32	0	384	80	83	0	1	0		1	0	0	
1711276142	scripts/ai/StandardAI.lua	1	1024	768	32	256	64	0	32	0	384	80	84	0	1	0		1	0	1	
1711276143	scripts/ai/StandardAI.lua	1	1024	768	32	256	64	0	32	0	384	80	84	0	2	0		1	0	1	
1711276144	scripts/ai/StandardAI.lua	0	768	768	32	256	64	0	32	1024	384	80	0	0	0	0		1	0	0	
1711276145	scripts/ai/StandardAI.lua	0	768	768	32	256	64	0	32	0	384	80	93	0	1	0		0	0	0	
1711276146	scripts/ai/StandardAI.lua	1	1024	768	32	256	64	0	32	0	384	80	85	0	1	0		1	0	1	
1711276147	scripts/ai/StandardAI.lua	1	1024	768	32	256	64	0	32	0	384	80	85	0	2	0		1	0	1	
1711276148	scripts/ai/StandardAI.lua	1	1024	768	32	256	64	0	32	0	384	80	86	0	1	0		1	0	1	
1711276149	scripts/ai/StandardAI.lua	1	1024	768	32	256	64	0	32	0	384	80	86	0	2	0		1	0	1	
1711276150	scripts/ai/StandardAI.lua	0	768	768	32	256	64	0	32	0	384	80	87	0	1	0		1	0	0	
1711276151	scripts/ai/StandardAI.lua	1	1024	768	32	256	64	0	32	0	384	80	88	0	1	0		1	0	1	
1711276152	scripts/ai/StandardAI.lua	1	1024	768	32	256	64	0	32	0	384	80	88	0	2	0		1	0	1	
1711276153	scripts/ai/StandardAI.lua	0	768	768	32	256	64	0	32	0	384	80	89	0	0	0		1	0	0	
1711276154	scripts/ai/StandardAI.lua	0	768	768	32	256	64	0	32	0	384	80	90	0	1	0		1	0	0	
1711276155	scripts/ai/StandardAI.lua	0	768	768	32	256	64	0	32	0	384	80	91	0	1	0		1	0	0	
1711276156	scripts/ai/StandardAI.lua	1	1024	768	32	256	64	0	32	0	384	80	92	0	2	0		1	0	1	
1711276157	scripts/ai/StandardAI.lua	1	1024	768	32	256	64	0	32	0	384	80	92	0	1	0		1	0	1	
1711276158	scripts/ai/StandardAI.lua	1	768	768	32	256	64	0	32	0	384	80	98	0	2	0		1	0	1	
1711276159	scripts/ai/StandardAI.lua	1	768	768	32	256	64	0	32	0	384	80	98	0	1	0		1	0	1	
1711276160	scripts/ai/StandardAI.lua	1	1024	768	32	256	64	0	32	0	384	80	99	0	1	0		1	0	1	
1711276161	scripts/ai/StandardAI.lua	1	1024	768	32	256	64	0	32	0	384	80	99	0	2	0		1	0	1	
1711276162	scripts/ai/StandardAI.lua	0	768	768	32	256	64	960	32	0	128	80	550	30	1	0		1	0	0	
1711276163	scripts/ai/StandardAI.lua	1	768	768	32	256	64	0	32	0	384	80	107	0	1	0		1	0	1	
1711276164	scripts/ai/StandardAI.lua	1	768	768	32	256	64	0	32	0	384	80	107	0	2	0		1	0	1	
1711276165	scripts/ai/StandardAI.lua	1	768	768	32	256	64	0	32	0	384	80	105	0	1	0		1	0	1	
1711276166	scripts/ai/StandardAI.lua	1	768	768	32	256	64	0	32	0	384	80	103	0	1	0		1	0	1	
1711276167	scripts/ai/StandardAI.lua	1	768	768	32	256	64	0	32	0	384	80	101	0	1	0		1	0	1	
1711276168	scripts/ai/StandardAI.lua	1	768	768	32	256	64	0	32	0	384	80	104	0	1	0		1	0	1	
1711276169	scripts/ai/StandardAI.lua	1	768	768	32	256	64	0	32	0	384	80	102	0	1	0		1	0	1	
1711276170	scripts/ai/StandardAI.lua	1	768	768	32	256	64	0	32	0	384	80	100	0	1	0		1	0	1	
1711276171	scripts/ai/StandardAI.lua	1	768	768	32	256	64	0	32	0	384	80	106	0	1	0		1	0	1	
1711276172	scripts/ai/StandardAI.lua	1	768	768	32	256	64	0	32	0	384	80	109	0	0	0		1	0	1	
1711276173	scripts/ai/StandardAI.lua	1	768	768	32	256	64	0	32	0	384	80	110	0	1	0		1	0	1	
1711276174	scripts/ai/StandardAI.lua	1	768	768	32	256	64	0	32	0	384	80	110	0	2	0		1	0	1	
1711276175	scripts/ai/StandardAI.lua	1	768	768	32	256	64	0	32	0	384	80	113	0	1	0		1	0	1	
1711276176	scripts/ai/StandardAI.lua	1	768	768	32	256	64	0	32	0	384	80	0	0	0	0		0	0	1	
1711276177	scripts/ai/StandardAI.lua	1	768	768	32	256	64	0	32	0	384	80	243	0	1	0		1	0	1	
1711276178	scripts/ai/StandardAI.lua	1	768	768	32	256	64	0	32	0	384	80	115	0	1	0		1	0	1	
1711276179	scripts/ai/StandardAI.lua	1	768	768	32	256	64	0	32	0	384	80	114	0	1	0		1	0	1	
1711276180	scripts/ai/StandardAI.lua	1	768	768	32	256	64	0	32	0	384	80	116	0	1	0		1	0	1	
1711276181	scripts/ai/StandardAI.lua	0	768	768	32	256	64	0	32	0	384	80	269	0	1	0		1	0	0	
1711276182	scripts/ai/StandardAI.lua	1	768	768	32	256	64	0	32	0	384	80	248	0	2	0		1	0	1	
1711276183	scripts/ai/StandardAI.lua	1	768	768	32	256	64	0	32	0	384	80	247	0	1	0		1	0	1	
1711276184	scripts/ai/StandardAI.lua	1	768	768	32	256	64	0	32	0	384	80	121	0	0	0		1	0	1	
1711276185	scripts/ai/StandardAI.lua	1	768	768	32	256	64	0	32	0	384	80	117	0	1	0		1	0	1	
1711276186	scripts/ai/StandardAI.lua	1	768	768	32	256	64	0	32	0	384	80	122	0	0	0		1	0	1	
1711276187	scripts/ai/StandardAI.lua	1	768	768	32	256	64	0	32	0	384	80	119	0	1	0		1	0	1	
1711276188	scripts/ai/StandardAI.lua	1	768	768	32	256	64	0	32	0	384	80	118	0	0	0		1	0	1	
1711276189	scripts/ai/StandardAI.lua	1	768	768	32	256	64	0	32	0	384	80	120	0	0	0		1	0	1	
1711276190	scripts/ai/StandardAI.lua	1	768	768	32	256	64	0	32	0	384	80	132	0	1	0		1	0	1	
1711276191	scripts/ai/StandardAI.lua	1	768	768	32	256	64	0	32	0	384	80	133	0	1	0		1	0	1	
1711276192	scripts/ai/StandardAI.lua	1	768	768	32	256	64	0	32	0	384	80	134	0	1	0		1	0	1	
1711276193	scripts/ai/StandardAI.lua	1	768	768	32	256	64	0	32	0	384	80	135	0	1	0		1	0	1	
1711276194	scripts/ai/StandardAI.lua	1	768	768	32	256	64	0	32	0	384	80	136	0	1	0		1	0	1	
1711276195	scripts/ai/StandardAI.lua	1	768	768	32	256	64	0	32	0	384	80	129	0	1	0		1	0	1	
1711276196	scripts/ai/StandardAI.lua	1	768	768	32	256	64	0	32	0	384	80	126	0	1	0		1	0	1	
1711276197	scripts/ai/StandardAI.lua	1	768	768	32	256	64	0	32	0	384	80	128	0	1	0		1	0	1	
1711276198	scripts/ai/StandardAI.lua	1	768	768	32	256	64	0	32	0	384	80	127	0	1	0		1	0	1	
1711276199	scripts/ai/StandardAI.lua	1	768	768	32	256	64	0	32	0	384	80	125	0	1	0		1	0	1	
1711276200	scripts/ai/StandardAI.lua	1	768	768	32	256	64	0	32	0	384	80	130	0	1	0		1	0	1	
1711276201	scripts/ai/StandardAI.lua	1	768	768	32	256	64	0	32	0	384	80	137	0	1	0		1	0	1	
1711276202	scripts/ai/StandardAI.lua	1	768	768	32	256	64	0	32	0	384	80	123	0	0	0		1	0	1	
1711276203	scripts/ai/StandardAI.lua	1	768	768	32	256	64	0	32	0	384	80	124	0	1	0		1	0	1	
1711276204	scripts/ai/StandardAI.lua	1	768	768	32	256	64	0	32	0	384	80	131	0	1	0		1	0	1	
1711276205	scripts/ai/StandardAI.lua	1	768	768	32	256	64	0	32	0	384	80	148	0	1	0		1	0	1	
1711276206	scripts/ai/StandardAI.lua	1	768	768	32	256	64	0	32	0	384	80	142	0	1	0		1	0	1	
1711276207	scripts/ai/StandardAI.lua	1	768	768	32	256	64	0	32	0	384	80	143	0	1	0		1	0	1	
1711276208	scripts/ai/StandardAI.lua	1	768	768	32	256	64	0	32	0	384	80	144	0	1	0		1	0	1	
1711276209	scripts/ai/StandardAI.lua	1	768	768	32	256	64	0	32	0	384	80	145	0	1	0		1	0	1	
1711276210	scripts/ai/StandardAI.lua	1	768	768	32	256	64	0	32	0	384	80	147	0	1	0		1	0	1	
1711276211	scripts/ai/StandardAI.lua	1	768	768	32	256	64	0	32	0	384	80	146	0	1	0		1	0	1	
1711276212	scripts/ai/StandardAI.lua	1	768	768	32	256	64	0	32	0	384	80	149	0	1	0		1	0	1	
1711276213	scripts/ai/StandardAI.lua	1	768	768	32	256	64	0	32	0	384	80	138	0	1	0		1	0	1	
1711276214	scripts/ai/StandardAI.lua	1	768	768	32	256	64	0	32	0	384	80	139	0	1	0		1	0	1	
1711276215	scripts/ai/StandardAI.lua	1	768	768	32	256	64	0	32	0	384	80	140	0	1	0		1	0	1	
1711276216	scripts/ai/StandardAI.lua	1	768	768	32	256	64	0	32	0	384	80	141	0	1	0		1	0	1	
1711276217	scripts/ai/StandardAI.lua	0	768	768	32	256	64	960	32	256	128	80	150	30	1	0		1	0	0	
1711276218	scripts/ai/StandardAI.lua	0	768	768	32	256	64	0	32	0	384	80	151	0	1	0		1	0	0	
1711276219	scripts/ai/StandardAI.lua	0	768	768	32	256	64	0	32	0	384	80	151	0	2	0		1	0	0	
1711276220	scripts/ai/StandardAI.lua	0	768	768	32	256	64	0	32	0	384	80	151	0	3	0		1	0	0	
1711276221	scripts/ai/StandardAI.lua	0	768	768	32	256	64	0	32	0	384	80	151	0	4	0		1	0	0	
1711276222	scripts/ai/StandardAI.lua	0	768	768	32	256	64	0	32	0	384	80	151	0	5	0		1	0	0	
1711276223	scripts/ai/GuarderAI.lua	1	1024	768	32	256	64	0	32	0	384	80	152	0	2	0		1	0	1	
1711276224	scripts/ai/GuarderAI.lua	1	1024	768	32	256	64	0	32	0	384	80	152	0	3	0		1	0	1	
1711276225	scripts/ai/GuarderAI.lua	1	768	768	32	256	64	0	32	0	384	80	152	0	1	0		1	0	1	
1711276226	scripts/ai/GuarderAI.lua	1	768	768	32	256	64	0	32	0	384	80	78	0	4	0		1	0	1	
1711276227	scripts/ai/StandardAI.lua	0	768	768	32	256	64	0	32	0	384	80	153	0	1	0		1	0	0	
1711276228	scripts/ai/GuarderAI.lua	1	1024	768	32	256	64	0	32	0	384	80	155	0	2	0		1	0	1	
1711276229	scripts/ai/GuarderAI.lua	1	768	768	32	256	64	0	32	0	384	80	155	0	1	0		1	0	1	
1711276230	scripts/ai/StandardAI.lua	1	768	768	32	256	64	0	32	0	384	80	157	0	1	0		1	0	1	
1711276231	scripts/ai/StandardAI.lua	1	768	768	32	256	64	0	32	0	384	80	156	0	1	0		1	0	1	
1711276232	scripts/ai/StandardAI.lua	1	768	768	32	256	64	0	32	0	384	80	156	0	2	0		1	0	1	
1711276233	scripts/ai/StandardAI.lua	1	768	768	32	256	64	0	32	0	384	80	157	0	2	0		1	0	1	
1711276234	scripts/ai/StandardAI.lua	1	768	768	32	256	64	0	32	0	384	80	158	0	1	0		1	0	1	
1711276235	scripts/ai/StandardAI.lua	1	768	768	32	256	64	0	32	0	384	80	159	0	1	0		1	0	1	
1711276236	scripts/ai/StandardAI.lua	1	768	768	32	256	64	0	32	0	384	80	159	0	2	0		1	0	1	
1711276237	scripts/ai/StandardAI.lua	1	768	768	32	256	64	0	32	0	384	80	159	0	3	0		1	0	1	
1711276238	scripts/ai/StandardAI.lua	1	768	768	32	256	64	0	32	512	384	80	162	0	1	0		1	0	1	
1711276239	scripts/ai/StandardAI.lua	1	768	768	32	256	64	0	32	512	384	80	161	0	1	0		1	0	1	
1711276240	scripts/ai/StandardAI.lua	1	768	768	32	256	64	0	32	512	384	80	160	0	1	0		1	0	1	
1711276241	scripts/ai/StandardAI.lua	1	768	768	32	256	64	0	32	0	384	80	138	0	2	0		1	0	1	
1711276242	scripts/ai/StandardAI.lua	1	768	768	32	256	64	0	32	0	384	80	139	0	2	0		1	0	1	
1711276243	scripts/ai/StandardAI.lua	1	768	768	32	256	64	0	32	0	384	80	140	0	2	0		1	0	1	
1711276244	scripts/ai/StandardAI.lua	1	768	768	32	256	64	0	32	0	384	80	141	0	2	0		1	0	1	
1711276245	scripts/ai/StandardAI.lua	1	768	768	32	256	64	0	32	0	384	80	146	0	2	0		1	0	1	
1711276246	scripts/ai/StandardAI.lua	1	768	768	32	256	64	0	32	0	384	80	147	0	2	0		1	0	1	
1711276247	scripts/ai/StandardAI.lua	1	768	768	32	256	64	0	32	0	384	80	148	0	2	0		1	0	1	
1711276248	scripts/ai/StandardAI.lua	1	768	768	32	256	64	0	32	0	384	80	149	0	2	0		1	0	1	
1711276249	scripts/ai/StandardAI.lua	1	768	768	32	256	64	0	32	0	384	80	145	0	2	0		1	0	1	
1711276250	scripts/ai/StandardAI.lua	1	768	768	32	256	64	0	32	0	384	80	144	0	0	0		1	0	1	
1711276251	scripts/ai/StandardAI.lua	1	768	768	32	256	64	0	32	0	384	80	143	0	2	0		1	0	1	
1711276252	scripts/ai/StandardAI.lua	1	768	768	32	256	64	0	32	0	384	80	142	0	2	0		1	0	1	
1711276253	scripts/ai/StandardAI.lua	0	768	768	32	256	64	0	32	0	384	80	175	0	1	0		1	0	0	
1711276254	scripts/ai/StandardAI.lua	0	768	768	32	256	64	0	32	0	384	80	175	0	2	0		1	0	0	
1711276255	scripts/ai/StandardAI.lua	0	768	768	32	256	64	0	32	0	384	80	175	0	3	0		1	0	0	
1711276256	scripts/ai/StandardAI.lua	0	768	768	32	256	64	0	32	0	384	80	175	0	4	0		1	0	0	
1711276257	scripts/ai/StandardAI.lua	0	768	768	32	256	64	0	32	0	384	80	175	0	5	0		1	0	0	
1711276258	scripts/ai/StandardAI.lua	1	768	768	32	256	64	0	32	0	384	80	176	0	1	0		1	0	1	
1711276259	scripts/ai/StandardAI.lua	1	768	768	32	256	64	0	32	0	384	80	176	0	2	0		1	0	1	
1711276260	scripts/ai/StandardAI.lua	1	768	768	32	256	64	0	32	0	384	80	176	0	3	0		1	0	1	
1711276261	scripts/ai/StandardAI.lua	1	768	768	32	256	64	0	32	0	384	80	176	0	4	0		1	0	1	
1711276262	scripts/ai/StandardAI.lua	1	768	768	32	256	64	0	32	0	384	80	176	0	5	0		1	0	1	
1711276263	scripts/ai/StandardAI.lua	1	768	768	32	256	64	0	32	0	384	80	176	0	6	0		1	0	1	
1711276264	scripts/ai/StandardAI.lua	1	768	768	32	256	64	0	32	0	384	80	177	0	1	0		1	0	1	
1711276265	scripts/ai/StandardAI.lua	1	768	768	32	256	64	0	32	0	384	80	177	0	2	0		1	0	1	
1711276266	scripts/ai/StandardAI.lua	1	768	768	32	256	64	0	32	0	384	80	177	0	3	0		1	0	1	
1711276267	scripts/ai/StandardAI.lua	1	768	768	32	256	64	0	32	0	384	80	178	0	2	0		1	0	1	
1711276268	scripts/ai/StandardAI.lua	1	768	768	32	256	64	0	32	0	384	80	178	0	1	0		1	0	1	
1711276269	scripts/ai/StandardAI.lua	1	768	768	32	256	64	0	32	0	384	80	179	0	2	0		1	0	1	
1711276270	scripts/ai/StandardAI.lua	1	768	768	32	256	64	0	32	0	384	80	179	0	1	0		1	0	1	
1711276271	scripts/ai/StandardAI.lua	1	768	768	32	256	64	0	32	0	384	80	180	0	1	0		1	0	1	
1711276272	scripts/ai/StandardAI.lua	1	768	768	32	256	64	0	32	0	384	80	180	0	2	0		1	0	1	
1711276273	scripts/ai/StandardAI.lua	0	768	768	32	256	64	960	32	256	128	80	253	30	1	0		1	0	0	
1711276274	scripts/ai/StandardAI.lua	0	768	768	32	256	64	0	32	0	384	80	181	0	1	0		1	0	0	
1711276275	scripts/ai/StandardAI.lua	0	768	768	32	256	64	0	32	0	384	80	181	0	2	0		1	0	0	
1711276276	scripts/ai/StandardAI.lua	0	768	768	32	256	64	0	32	0	384	80	181	0	3	0		1	0	0	
1711276277	scripts/ai/StandardAI.lua	0	768	768	32	256	64	0	32	0	384	80	181	0	4	0		1	0	0	
1711276278	scripts/ai/StandardAI.lua	0	768	768	32	256	64	0	32	0	384	80	181	0	5	0		1	0	0	
1711276279	scripts/ai/StandardAI.lua	0	768	768	32	256	64	0	32	0	384	80	182	0	1	0		1	0	0	
1711276280	scripts/ai/StandardAI.lua	1	768	768	32	256	64	0	32	0	384	80	183	0	1	0		1	0	1	
1711276281	scripts/ai/StandardAI.lua	1	768	768	32	256	64	0	32	0	384	80	183	0	2	0		1	0	1	
1711276282	scripts/ai/StandardAI.lua	0	768	768	32	256	64	960	32	256	128	80	277	30	1	0		1	0	0	
1711276283	scripts/ai/StandardAI.lua	0	768	768	32	256	64	960	32	256	128	80	184	30	1	0		1	0	0	
1711276284	scripts/ai/StandardAI.lua	0	768	768	32	256	64	960	32	256	128	80	184	30	2	0		1	0	0	
1711276285	scripts/ai/StandardAI.lua	0	768	768	32	256	64	960	32	256	128	80	184	30	3	0		1	0	0	
1711276286	scripts/ai/StandardAI.lua	0	768	768	32	256	64	960	32	256	128	80	184	30	4	0		1	0	0	
1711276287	scripts/ai/StandardAI.lua	0	768	768	32	256	64	960	32	256	128	80	184	30	5	0		1	0	0	
1711276288	scripts/ai/StandardAI.lua	0	768	768	32	256	64	960	32	256	128	80	191	30	1	0		1	0	0	
1711276289	scripts/ai/StandardAI.lua	0	768	768	32	256	64	960	32	256	128	80	205	30	2	0		1	0	0	
1711276290	scripts/ai/StandardAI.lua	0	768	768	32	256	64	960	32	256	128	80	205	30	3	0		1	0	0	
1711276291	scripts/ai/StandardAI.lua	0	768	768	32	256	64	960	32	256	128	80	205	30	1	0		1	0	0	
1711276292	scripts/ai/StandardAI.lua	0	768	768	32	256	64	0	32	0	384	80	206	0	1	0		1	0	0	
1711276293	scripts/ai/StandardAI.lua	0	768	768	32	256	64	0	32	0	384	80	251	0	1	0		1	0	0	
1711276294	scripts/ai/StandardAI.lua	0	768	768	32	256	64	0	32	0	384	80	270	0	1	0		1	0	0	
1711276295	scripts/ai/StandardAI.lua	0	768	768	32	256	64	0	32	0	384	80	271	0	1	0		1	0	0	
1711276296	scripts/ai/StandardAI.lua	1	768	768	32	256	64	0	32	0	384	80	208	0	1	0		1	0	1	
1711276297	scripts/ai/StandardAI.lua	1	768	768	32	256	64	0	32	0	384	80	208	0	2	0		1	0	1	
1711276298	scripts/ai/StandardAI.lua	1	768	768	32	256	64	0	32	0	384	80	209	0	1	0		1	0	1	
1711276299	scripts/ai/StandardAI.lua	1	768	768	32	256	64	0	32	0	384	80	209	0	2	0		1	0	1	
1711276300	scripts/ai/StandardAI.lua	1	768	768	32	256	64	0	32	512	384	80	210	0	6	0		1	0	1	
1711276301	scripts/ai/StandardAI.lua	1	768	768	32	256	64	0	32	512	384	80	210	0	1	0		1	0	1	
1711276302	scripts/ai/StandardAI.lua	0	768	768	32	256	64	0	32	256	128	80	210	0	9	0		1	0	0	
1711276303	scripts/ai/StandardAI.lua	1	768	768	32	256	64	0	32	512	384	80	211	0	1	0		1	0	1	
1711276304	scripts/ai/StandardAI.lua	0	768	768	32	256	64	0	32	256	128	80	211	0	2	0		1	0	0	
1711276305	scripts/ai/StandardAI.lua	0	768	768	32	256	64	0	32	0	384	80	213	0	1	0		1	0	0	
1711276306	scripts/ai/StandardAI.lua	0	768	768	32	256	64	0	32	0	384	80	215	0	1	0		1	0	0	
1711276307	scripts/ai/StandardAI.lua	0	768	768	32	256	64	0	32	0	384	80	214	0	1	0		1	0	0	
1711276308	scripts/ai/StandardAI.lua	0	768	768	32	256	64	0	32	0	384	80	212	0	1	0		1	0	0	
1711276309	scripts/ai/StandardAI.lua	0	768	768	32	256	64	0	32	0	384	80	214	0	2	0		1	0	0	
1711276310	scripts/ai/StandardAI.lua	0	768	768	32	256	64	0	32	0	384	80	215	0	2	0		1	0	0	
1711276311	scripts/ai/StandardAI.lua	0	768	768	32	256	64	0	32	0	384	80	216	0	1	0		1	0	0	
1711276312	scripts/ai/StandardAI.lua	0	768	768	32	256	64	0	32	0	384	80	218	0	1	0		1	0	0	
1711276313	scripts/ai/StandardAI.lua	0	768	768	32	256	64	0	32	0	384	80	217	0	1	0		1	0	0	
1711276314	scripts/ai/StandardAI.lua	0	768	768	32	256	64	0	32	0	384	80	219	0	1	0		1	0	0	
1711276315	scripts/ai/StandardAI.lua	0	768	768	32	256	64	0	32	0	384	80	220	0	1	0		1	0	0	
1711276316	scripts/ai/StandardAI.lua	0	768	768	32	256	64	0	32	0	384	80	221	0	1	0		1	0	0	
1711276317	scripts/ai/StandardAI.lua	1	768	768	32	256	64	0	32	0	384	80	223	0	1	0		1	0	1	
1711276318	scripts/ai/StandardAI.lua	1	768	768	32	256	64	0	32	0	384	80	222	0	1	0		1	0	1	
1711276319	scripts/ai/StandardAI.lua	1	768	768	32	256	64	0	32	0	384	80	224	0	1	0		1	0	1	
1711276320	scripts/ai/StandardAI.lua	1	768	768	32	256	64	0	32	0	384	80	225	0	1	0		1	0	1	
1711276321	scripts/ai/StandardAI.lua	0	768	768	32	256	64	0	32	0	384	80	226	0	1	0		1	0	0	
1711276322	scripts/ai/StandardAI.lua	0	768	768	32	256	64	0	32	0	384	80	226	0	2	0		1	0	0	
1711276323	scripts/ai/StandardAI.lua	0	768	768	32	256	64	0	32	0	384	80	226	0	3	0		1	0	0	
1711276324	scripts/ai/StandardAI.lua	1	768	768	32	256	64	0	32	0	384	80	235	0	1	0		1	0	1	
1711276325	scripts/ai/StandardAI.lua	1	768	768	32	256	64	0	32	0	384	80	235	0	2	0		1	0	1	
1711276326	scripts/ai/StandardAI.lua	1	768	768	32	256	64	0	32	0	384	80	236	0	1	0		1	0	1	
1711276327	scripts/ai/StandardAI.lua	1	768	768	32	256	64	0	32	0	384	80	236	0	2	0		1	0	1	
1711276328	scripts/ai/StandardAI.lua	0	768	768	32	256	64	960	32	0	128	80	237	30	1	0		1	0	0	
1711276329	scripts/ai/StandardAI.lua	1	768	768	32	256	64	0	32	0	384	80	238	0	1	0		1	0	1	
1711276330	scripts/ai/StandardAI.lua	1	768	768	32	256	64	0	32	0	384	80	238	0	2	0		1	0	1	
1711276331	scripts/ai/StandardAI.lua	1	768	768	32	256	64	0	32	0	384	80	240	0	1	0		1	0	1	
1711276332	scripts/ai/StandardAI.lua	1	768	768	32	256	64	0	32	0	384	80	241	0	1	0		1	0	1	
1711276333	scripts/ai/StandardAI.lua	1	768	768	32	256	64	0	32	0	384	80	242	0	1	0		1	0	1	
1711276334	scripts/ai/StandardAI.lua	0	768	768	32	256	64	0	32	0	384	80	388	0	1	0		0	0	0	
1711276335	scripts/ai/StandardAI.lua	0	768	768	32	256	64	0	32	0	384	80	389	0	1	0		0	0	0	
1711276336	scripts/ai/StandardAI.lua	1	768	768	32	256	64	0	32	512	384	80	246	0	6	0		1	0	1	
1711276337	scripts/ai/StandardAI.lua	0	768	768	32	256	64	0	32	256	128	80	246	0	3	0		1	0	0	
1711276338	scripts/ai/StandardAI.lua	1	1024	768	32	256	64	0	32	0	384	80	246	0	1	0		1	0	1	
1711276339	scripts/ai/StandardAI.lua	1	768	768	32	256	64	0	32	0	384	80	248	0	1	0		1	0	1	
1711276340	scripts/ai/StandardAI.lua	1	768	768	32	256	64	0	32	0	384	80	249	0	1	0		1	0	1	
1711276341	scripts/ai/StandardAI.lua	1	768	768	32	256	64	0	32	0	384	80	249	0	3	0		1	0	1	
1711276342	scripts/ai/StandardAI.lua	1	768	768	32	256	64	0	32	0	384	80	249	0	2	0		1	0	1	
1711276343	scripts/ai/StandardAI.lua	0	768	768	32	256	64	0	32	0	384	80	252	0	1	0		1	0	0	
1711276344	scripts/ai/StandardAI.lua	0	768	768	32	256	64	0	32	0	384	80	252	0	3	0		1	0	0	
1711276345	scripts/ai/StandardAI.lua	0	768	768	32	256	64	0	32	0	384	80	252	0	2	0		1	0	0	
1711276346	scripts/ai/StandardAI.lua	0	768	768	32	256	64	0	32	0	384	80	252	0	4	0		1	0	0	
1711276347	scripts/ai/StandardAI.lua	0	768	768	32	256	64	0	32	0	384	80	252	0	5	0		1	0	0	
1711276348	scripts/ai/StandardAI.lua	0	768	768	32	256	64	0	32	256	128	80	254	0	1	0		1	0	0	
1711276349	scripts/ai/StandardAI.lua	0	768	768	32	256	64	0	32	0	384	80	255	0	1	0		1	0	0	
1711276350	scripts/ai/StandardAI.lua	0	768	768	32	256	64	0	32	0	384	80	255	0	2	0		1	0	0	
1711276351	scripts/ai/StandardAI.lua	0	768	768	32	256	64	0	32	0	384	80	256	0	1	0		1	0	0	
1711276352	scripts/ai/StandardAI.lua	0	768	768	32	256	64	0	32	0	384	80	257	0	1	0		1	0	0	
1711276353	scripts/ai/StandardAI.lua	0	768	768	32	256	64	0	32	0	384	80	258	0	3	0		1	0	0	
1711276354	scripts/ai/StandardAI.lua	0	768	768	32	256	64	0	32	0	384	80	258	0	1	0		1	0	0	
1711276355	scripts/ai/StandardAI.lua	0	768	768	32	256	64	0	32	0	384	80	258	0	2	0		1	0	0	
1711276356	scripts/ai/StandardAI.lua	0	768	768	32	256	64	0	32	0	384	80	279	0	1	0		1	0	0	
1711276357	scripts/ai/StandardAI.lua	0	768	768	32	256	64	0	32	0	384	80	259	0	1	0		1	0	0	
1711276358	scripts/ai/StandardAI.lua	0	768	768	32	256	64	0	32	0	384	80	259	0	2	0		1	0	0	
1711276359	scripts/ai/StandardAI.lua	0	768	768	32	256	64	0	32	0	384	80	280	0	1	0		1	0	0	
1711276360	scripts/ai/StandardAI.lua	0	768	768	32	256	64	0	32	256	128	80	262	0	1	0		1	0	0	
1711276361	scripts/ai/StandardAI.lua	0	768	768	32	256	64	0	32	256	128	80	263	0	1	0		0	0	0	
1711276362	scripts/ai/StandardAI.lua	0	768	768	32	256	64	0	32	0	384	80	265	0	1	0		1	0	0	
1711276363	scripts/ai/StandardAI.lua	0	768	768	32	256	64	0	32	0	384	80	265	0	2	0		1	0	0	
1711276364	scripts/ai/StandardAI.lua	0	768	768	32	256	64	0	32	0	384	80	265	0	3	0		1	0	0	
1711276365	scripts/ai/StandardAI.lua	0	768	768	32	256	64	0	32	0	384	80	267	0	1	0		1	0	0	
1711276366	scripts/ai/StandardAI.lua	0	768	768	32	256	64	0	32	0	384	80	266	0	1	0		1	0	0	
1711276367	scripts/ai/StandardAI.lua	0	768	768	32	256	64	0	32	0	384	80	268	0	1	0		1	0	0	
1711276368	scripts/ai/StandardAI.lua	0	768	768	32	256	64	960	32	256	128	80	275	30	1	0		1	0	0	
1711276369	scripts/ai/StandardAI.lua	0	768	768	32	256	64	0	32	256	128	80	276	0	1	0		1	0	0	
1711276370	scripts/ai/StandardAI.lua	0	768	768	32	256	64	960	32	256	128	80	278	30	1	0		1	0	0	
1711276371	scripts/ai/StandardAI.lua	0	768	768	32	256	64	960	32	512	384	80	413	30	1	0		1	0	0	
1711276372	scripts/ai/StandardAI.lua	0	768	768	32	256	64	960	32	512	384	80	414	30	1	0		1	0	0	
1711276373	scripts/ai/StandardAI.lua	0	768	768	32	256	64	960	32	512	384	80	415	30	1	0		1	0	0	
1711276374	scripts/ai/StandardAI.lua	0	768	768	32	256	64	0	32	0	384	80	286	0	1	0		1	0	0	
1711276375	scripts/ai/StandardAI.lua	0	768	768	32	256	64	0	32	0	384	80	281	0	5	0		1	0	0	
1711276376	scripts/ai/StandardAI.lua	0	768	768	32	256	64	0	32	0	384	80	281	0	3	0		1	0	0	
1711276377	scripts/ai/StandardAI.lua	0	768	768	32	256	64	0	32	0	384	80	281	0	4	0		1	0	0	
1711276378	scripts/ai/StandardAI.lua	0	768	768	32	256	64	0	32	0	384	80	281	0	2	0		1	0	0	
1711276379	scripts/ai/StandardAI.lua	0	768	768	32	256	64	0	32	0	384	80	281	0	1	0		1	0	0	
1711276380	scripts/ai/StandardAI.lua	0	768	768	32	256	64	0	32	0	384	80	282	0	1	0		1	0	0	
1711276381	scripts/ai/StandardAI.lua	0	768	768	32	256	64	0	32	0	384	80	282	0	2	0		1	0	0	
1711276382	scripts/ai/StandardAI.lua	0	768	768	32	256	64	0	32	0	384	80	282	0	3	0		1	0	0	
1711276383	scripts/ai/StandardAI.lua	0	768	768	32	256	64	0	32	0	384	80	282	0	5	0		1	0	0	
1711276384	scripts/ai/StandardAI.lua	0	768	768	32	256	64	0	32	0	384	80	282	0	4	0		1	0	0	
1711276385	scripts/ai/StandardAI.lua	0	768	768	32	256	64	0	32	0	384	80	282	0	6	0		1	0	0	
1711276386	scripts/ai/StandardAI.lua	0	768	768	32	256	64	0	32	0	384	80	282	0	7	0		1	0	0	
1711276387	scripts/ai/StandardAI.lua	0	768	768	32	256	64	0	32	0	384	80	282	0	8	0		1	0	0	
1711276388	scripts/ai/StandardAI.lua	0	768	768	32	256	64	0	32	0	384	80	282	0	9	0		1	0	0	
1711276389	scripts/ai/StandardAI.lua	0	768	768	32	256	64	0	32	0	384	80	282	0	10	0		1	0	0	
1711276390	scripts/ai/StandardAI.lua	0	768	768	32	256	64	0	32	0	384	80	282	0	11	0		1	0	0	
1711276391	scripts/ai/StandardAI.lua	0	768	768	32	256	64	0	32	0	384	80	282	0	12	0		1	0	0	
1711276392	scripts/ai/StandardAI.lua	0	768	768	32	256	64	0	32	0	384	80	282	0	13	0		1	0	0	
1711276393	scripts/ai/StandardAI.lua	0	768	768	32	256	64	0	32	0	384	80	282	0	14	0		1	0	0	
1711276394	scripts/ai/StandardAI.lua	0	768	768	32	256	64	0	32	0	384	80	282	0	15	0		1	0	0	
1711276395	scripts/ai/StandardAI.lua	0	768	768	32	256	64	0	32	512	384	80	0	0	0	0		1	0	0	
1711276396	scripts/ai/StandardAI.lua	0	768	768	32	256	64	0	32	0	384	80	288	0	1	0		1	0	0	
1711276397	scripts/ai/StandardAI.lua	0	768	768	32	256	64	0	32	512	384	80	287	0	1	0		1	0	0	
1711276398	scripts/ai/StandardAI.lua	0	768	768	32	256	64	0	32	0	384	80	292	0	1	0		1	0	0	
1711276399	scripts/ai/StandardAI.lua	0	768	768	32	256	64	960	32	512	384	80	284	30	1	0		1	0	0	
1711276400	scripts/ai/StandardAI.lua	0	768	768	32	256	64	960	32	512	384	80	283	30	1	0		1	0	0	
1711276401	scripts/ai/StandardAI.lua	0	768	768	32	256	64	960	32	512	384	80	285	30	1	0		1	0	0	
1711276402	scripts/ai/StandardAI.lua	0	768	768	32	256	64	0	32	0	384	80	289	0	1	0		1	0	0	
1711276403	scripts/ai/StandardAI.lua	0	768	768	32	256	64	0	32	0	384	80	289	0	3	0		1	0	0	
1711276404	scripts/ai/StandardAI.lua	0	768	768	32	256	64	0	32	0	384	80	289	0	2	0		1	0	0	
1711276405	scripts/ai/StandardAI.lua	0	768	768	32	256	64	0	32	0	384	80	289	0	4	0		1	0	0	
1711276406	scripts/ai/StandardAI.lua	0	768	768	32	256	64	0	32	0	384	80	289	0	5	0		1	0	0	
1711276407	scripts/ai/StandardAI.lua	0	768	768	32	256	64	0	32	0	384	80	290	0	2	0		1	0	0	
1711276408	scripts/ai/StandardAI.lua	0	768	768	32	256	64	0	32	0	384	80	290	0	4	0		1	0	0	
1711276409	scripts/ai/StandardAI.lua	0	768	768	32	256	64	0	32	0	384	80	290	0	1	0		1	0	0	
1711276410	scripts/ai/StandardAI.lua	0	768	768	32	256	64	0	32	0	384	80	290	0	3	0		1	0	0	
1711276411	scripts/ai/StandardAI.lua	0	768	768	32	256	64	0	32	0	384	80	290	0	5	0		1	0	0	
1711276412	scripts/ai/StandardAI.lua	0	768	768	32	256	64	0	32	0	384	80	291	0	1	0		1	0	0	
1711276413	scripts/ai/StandardAI.lua	0	768	768	32	256	64	0	32	0	384	80	293	0	1	0		1	0	0	
1711276414	scripts/ai/StandardAI.lua	0	768	768	32	256	64	0	32	0	384	80	294	0	1	0		1	0	0	
1711276415	scripts/ai/StandardAI.lua	0	768	768	32	256	64	0	32	0	384	80	294	0	2	0		1	0	0	
1711276416	scripts/ai/StandardAI.lua	0	768	768	32	256	64	0	32	0	384	80	294	0	3	0		1	0	0	
1711276417	scripts/ai/StandardAI.lua	0	768	768	32	256	64	0	32	0	384	80	294	0	5	0		1	0	0	
1711276418	scripts/ai/StandardAI.lua	0	768	768	32	256	64	0	32	0	384	80	294	0	6	0		1	0	0	
1711276419	scripts/ai/StandardAI.lua	0	768	768	32	256	64	0	32	0	384	80	294	0	7	0		1	0	0	
1711276420	scripts/ai/StandardAI.lua	0	768	768	32	256	64	0	32	0	384	80	294	0	4	0		1	0	0	
1711276421	scripts/ai/StandardAI.lua	0	768	768	32	256	64	0	32	0	384	80	294	0	8	0		1	0	0	
1711276422	scripts/ai/StandardAI.lua	0	768	768	32	256	64	0	32	0	384	80	294	0	9	0		1	0	0	
1711276423	scripts/ai/StandardAI.lua	0	768	768	32	256	64	0	32	0	384	80	294	0	10	0		1	0	0	
1711276424	scripts/ai/StandardAI.lua	0	768	768	32	256	64	0	32	0	384	80	294	0	12	0		1	0	0	
1711276425	scripts/ai/StandardAI.lua	0	768	768	32	256	64	0	32	0	384	80	294	0	11	0		1	0	0	
1711276426	scripts/ai/StandardAI.lua	0	768	768	32	256	64	0	32	0	384	80	294	0	13	0		1	0	0	
1711276427	scripts/ai/StandardAI.lua	0	768	768	32	256	64	0	32	0	384	80	294	0	14	0		1	0	0	
1711276428	scripts/ai/StandardAI.lua	0	768	768	32	256	64	0	32	0	384	80	294	0	15	0		1	0	0	
1711276429	scripts/ai/StandardAI.lua	0	768	768	32	256	64	960	32	512	384	80	295	30	1	0		1	0	0	
1711276430	scripts/ai/StandardAI.lua	0	768	768	32	256	64	960	32	512	384	80	295	30	2	0		1	0	0	
1711276431	scripts/ai/StandardAI.lua	0	768	768	32	256	64	960	32	512	384	80	295	30	4	0		1	0	0	
1711276432	scripts/ai/StandardAI.lua	0	768	768	32	256	64	960	32	512	384	80	295	30	6	0		1	0	0	
1711276433	scripts/ai/StandardAI.lua	0	768	768	32	256	64	960	32	512	384	80	295	30	10	0		1	0	0	
1711276434	scripts/ai/StandardAI.lua	0	768	768	32	256	64	960	32	512	384	80	295	30	7	0		1	0	0	
1711276435	scripts/ai/StandardAI.lua	0	768	768	32	256	64	960	32	512	384	80	416	30	1	0		1	0	0	
1711276436	scripts/ai/StandardAI.lua	0	768	768	32	256	64	960	32	512	384	80	296	30	1	0		1	0	0	
1711276437	scripts/ai/StandardAI.lua	0	768	768	32	256	64	960	32	512	384	80	297	30	1	0		1	0	0	
1711276438	scripts/ai/StandardAI.lua	0	768	768	32	256	64	960	32	512	384	80	298	30	1	0		1	0	0	
1711276439	scripts/ai/StandardAI.lua	1	768	768	32	256	64	0	32	0	384	80	308	0	1	0		1	0	1	
1711276440	scripts/ai/StandardAI.lua	1	768	768	32	256	64	0	32	0	384	80	307	0	1	0		1	0	1	
1711276441	scripts/ai/StandardAI.lua	1	768	768	32	256	64	0	32	0	384	80	308	0	2	0		1	0	1	
1711276442	scripts/ai/StandardAI.lua	1	768	768	32	256	64	0	32	0	384	80	308	0	3	0		1	0	1	
1711276443	scripts/ai/StandardAI.lua	1	768	768	32	256	64	0	32	0	384	80	308	0	5	0		1	0	1	
1711276444	scripts/ai/StandardAI.lua	1	768	768	32	256	64	0	32	0	384	80	308	0	4	0		1	0	1	
1711276445	scripts/ai/StandardAI.lua	1	768	768	32	256	64	0	32	0	384	80	307	0	2	0		1	0	1	
1711276446	scripts/ai/StandardAI.lua	1	768	768	32	256	64	0	32	0	384	80	307	0	4	0		1	0	1	
1711276447	scripts/ai/StandardAI.lua	1	768	768	32	256	64	0	32	0	384	80	307	0	3	0		1	0	1	
1711276448	scripts/ai/StandardAI.lua	1	768	768	32	256	64	0	32	0	384	80	307	0	5	0		1	0	1	
1711276449	scripts/ai/StandardAI.lua	1	768	768	32	256	64	0	32	0	384	80	304	0	3	0		1	0	1	
1711276450	scripts/ai/StandardAI.lua	1	768	768	32	256	64	0	32	0	384	80	304	0	5	0		1	0	1	
1711276451	scripts/ai/StandardAI.lua	1	768	768	32	256	64	0	32	0	384	80	304	0	1	0		1	0	1	
1711276452	scripts/ai/StandardAI.lua	1	768	768	32	256	64	0	32	0	384	80	304	0	4	0		1	0	1	
1711276453	scripts/ai/StandardAI.lua	1	768	768	32	256	64	0	32	0	384	80	304	0	2	0		1	0	1	
1711276454	scripts/ai/StandardAI.lua	1	768	768	32	256	64	0	32	0	384	80	306	0	3	0		1	0	1	
1711276455	scripts/ai/StandardAI.lua	1	768	768	32	256	64	0	32	0	384	80	306	0	1	0		1	0	1	
1711276456	scripts/ai/StandardAI.lua	1	768	768	32	256	64	0	32	0	384	80	306	0	4	0		1	0	1	
1711276457	scripts/ai/StandardAI.lua	1	768	768	32	256	64	0	32	0	384	80	299	0	4	0		1	0	1	
1711276458	scripts/ai/StandardAI.lua	1	768	768	32	256	64	0	32	0	384	80	299	0	3	0		1	0	1	
1711276459	scripts/ai/StandardAI.lua	1	768	768	32	256	64	0	32	0	384	80	299	0	5	0		1	0	1	
1711276460	scripts/ai/StandardAI.lua	1	768	768	32	256	64	0	32	0	384	80	299	0	1	0		1	0	1	
1711276461	scripts/ai/StandardAI.lua	1	768	768	32	256	64	0	32	0	384	80	299	0	2	0		1	0	1	
1711276462	scripts/ai/StandardAI.lua	1	768	768	32	256	64	0	32	0	384	80	306	0	2	0		1	0	1	
1711276463	scripts/ai/StandardAI.lua	1	768	768	32	256	64	0	32	0	384	80	300	0	1	0		1	0	1	
1711276464	scripts/ai/StandardAI.lua	1	768	768	32	256	64	0	32	0	384	80	300	0	3	0		1	0	1	
1711276465	scripts/ai/StandardAI.lua	1	768	768	32	256	64	0	32	0	384	80	300	0	2	0		1	0	1	
1711276466	scripts/ai/StandardAI.lua	1	768	768	32	256	64	0	32	0	384	80	301	0	2	0		1	0	1	
1711276467	scripts/ai/StandardAI.lua	1	768	768	32	256	64	0	32	0	384	80	301	0	1	0		1	0	1	
1711276468	scripts/ai/StandardAI.lua	1	768	768	32	256	64	0	32	0	384	80	302	0	3	0		1	0	1	
1711276469	scripts/ai/StandardAI.lua	1	768	768	32	256	64	0	32	0	384	80	302	0	2	0		1	0	1	
1711276470	scripts/ai/StandardAI.lua	1	768	768	32	256	64	0	32	0	384	80	302	0	1	0		1	0	1	
1711276471	scripts/ai/StandardAI.lua	1	768	768	32	256	64	0	32	0	384	80	303	0	1	0		1	0	1	
1711276472	scripts/ai/StandardAI.lua	1	768	768	32	256	64	0	32	0	384	80	303	0	2	0		1	0	1	
1711276473	scripts/ai/StandardAI.lua	1	768	768	32	256	64	0	32	0	384	80	303	0	3	0		1	0	1	
1711276474	scripts/ai/StandardAI.lua	1	768	768	32	256	64	0	32	0	384	80	305	0	1	0		1	0	1	
1711276475	scripts/ai/StandardAI.lua	1	768	768	32	256	64	0	32	0	384	80	305	0	3	0		1	0	1	
1711276476	scripts/ai/StandardAI.lua	1	768	768	32	256	64	0	32	0	384	80	305	0	2	0		1	0	1	
1711276477	scripts/ai/StandardAI.lua	1	768	768	32	256	64	0	32	0	384	80	305	0	5	0		1	0	1	
1711276478	scripts/ai/StandardAI.lua	1	768	768	32	256	64	0	32	0	384	80	305	0	4	0		1	0	1	
1711276479	scripts/ai/StandardAI.lua	1	768	768	32	256	64	0	32	0	384	80	306	0	5	0		1	0	1	
1711276480	scripts/ai/GuarderAI.lua	1	1024	768	32	256	64	0	32	0	384	80	309	0	1	0		1	0	1	
1711276481	scripts/ai/GuarderAI.lua	1	1024	768	32	256	64	0	32	0	384	80	309	0	2	0		1	0	1	
1711276482	scripts/ai/GuarderAI.lua	1	1024	768	32	256	64	0	32	0	384	80	310	0	1	0		1	0	1	
1711276483	scripts/ai/GuarderAI.lua	1	1024	768	32	256	64	0	32	0	384	80	311	0	1	0		1	0	1	
1711276484	scripts/ai/StandardAI.lua	1	768	768	32	256	64	0	32	0	384	80	312	0	1	0		1	0	1	
1711276485	scripts/ai/StandardAI.lua	1	768	768	32	256	64	0	32	0	384	80	313	0	1	0		1	0	1	
1711276486	scripts/ai/StandardAI.lua	1	768	768	32	256	64	0	32	0	384	80	314	0	1	0		1	0	1	
1711276487	scripts/ai/StandardAI.lua	1	768	768	32	256	64	0	32	0	384	80	314	0	2	0		1	0	1	
1711276488	scripts/ai/StandardAI.lua	1	768	768	32	256	64	0	32	0	384	80	314	0	3	0		1	0	1	
1711276489	scripts/ai/StandardAI.lua	1	768	768	32	256	64	0	32	0	384	80	313	0	2	0		1	0	1	
1711276490	scripts/ai/StandardAI.lua	1	768	768	32	256	64	0	32	0	384	80	312	0	2	0		1	0	1	
1711276491	scripts/ai/StandardAI.lua	1	768	768	32	256	64	0	32	0	384	80	312	0	3	0		1	0	1	
1711276492	scripts/ai/StandardAI.lua	0	768	768	32	256	64	0	32	0	384	80	316	0	1	0		1	0	0	
1711276493	scripts/ai/StandardAI.lua	0	768	768	32	256	64	0	32	0	384	80	315	0	1	0		1	0	0	
1711276494	scripts/ai/StandardAI.lua	0	768	768	32	256	64	0	32	0	384	80	317	0	1	0		1	0	0	
1711276495	scripts/ai/StandardAI.lua	0	768	768	32	256	64	0	32	0	384	80	318	0	1	0		1	0	0	
1711276496	scripts/ai/StandardAI.lua	1	768	768	32	256	64	0	32	0	384	80	330	0	3	0		1	0	1	
1711276497	scripts/ai/StandardAI.lua	1	768	768	32	256	64	0	32	0	384	80	330	0	1	0		1	0	1	
1711276498	scripts/ai/StandardAI.lua	1	768	768	32	256	64	0	32	0	384	80	330	0	2	0		1	0	1	
1711276499	scripts/ai/StandardAI.lua	1	768	768	32	256	64	0	32	0	384	80	329	0	1	0		1	0	1	
1711276500	scripts/ai/StandardAI.lua	1	768	768	32	256	64	0	32	0	384	80	329	0	2	0		1	0	1	
1711276501	scripts/ai/StandardAI.lua	1	768	768	32	256	64	0	32	0	384	80	328	0	1	0		1	0	1	
1711276502	scripts/ai/StandardAI.lua	1	768	768	32	256	64	0	32	0	384	80	326	0	1	0		1	0	1	
1711276503	scripts/ai/StandardAI.lua	1	768	768	32	256	64	0	32	0	384	80	324	0	1	0		1	0	1	
1711276504	scripts/ai/StandardAI.lua	1	768	768	32	256	64	0	32	0	384	80	327	0	1	0		1	0	1	
1711276505	scripts/ai/StandardAI.lua	1	768	768	32	256	64	0	32	0	384	80	325	0	1	0		1	0	1	
1711276506	scripts/ai/StandardAI.lua	1	768	768	32	256	64	0	32	0	384	80	0	0	10	0		1	0	1	
1711276507	scripts/ai/StandardAI.lua	1	768	768	32	256	64	0	32	0	384	80	0	0	6	0		1	0	1	
1711276508	scripts/ai/GuarderAI.lua	1	768	768	32	256	64	0	32	0	384	80	309	0	5	0		1	0	1	
1711276509	scripts/ai/StandardAI.lua	1	768	768	32	256	64	0	32	0	384	80	320	0	3	0		1	0	1	
1711276510	scripts/ai/StandardAI.lua	1	768	768	32	256	64	0	32	0	384	80	320	0	2	0		1	0	1	
1711276511	scripts/ai/StandardAI.lua	1	768	768	32	256	64	0	32	0	384	80	320	0	6	0		1	0	1	
1711276512	scripts/ai/StandardAI.lua	1	768	768	32	256	64	0	32	0	384	80	320	0	4	0		1	0	1	
1711276513	scripts/ai/StandardAI.lua	1	768	768	32	256	64	0	32	0	384	80	320	0	8	0		1	0	1	
1711276514	scripts/ai/StandardAI.lua	1	768	768	32	256	64	0	32	0	384	80	0	0	5	0		1	0	1	
1711276515	scripts/ai/StandardAI.lua	1	768	768	32	256	64	0	32	0	384	80	319	0	8	0		1	0	1	
1711276516	scripts/ai/StandardAI.lua	1	768	768	32	256	64	0	32	0	384	80	319	0	7	0		1	0	1	
1711276517	scripts/ai/StandardAI.lua	1	768	768	32	256	64	0	32	0	384	80	319	0	3	0		1	0	1	
1711276518	scripts/ai/StandardAI.lua	1	768	768	32	256	64	0	32	0	384	80	319	0	4	0		1	0	1	
1711276519	scripts/ai/StandardAI.lua	1	768	768	32	256	64	0	32	0	384	80	319	0	5	0		1	0	1	
1711276520	scripts/ai/StandardAI.lua	1	768	768	32	256	64	0	32	0	384	80	319	0	9	0		1	0	1	
1711276521	scripts/ai/StandardAI.lua	1	768	768	32	256	64	0	32	0	384	80	319	0	2	0		1	0	1	
1711276522	scripts/ai/StandardAI.lua	1	768	768	32	256	64	0	32	0	384	80	0	0	1	0		1	0	1	
1711276523	scripts/ai/StandardAI.lua	1	768	768	32	256	64	0	32	0	384	80	321	0	8	0		1	0	1	
1711276524	scripts/ai/StandardAI.lua	1	768	768	32	256	64	0	32	0	384	80	321	0	9	0		1	0	1	
1711276525	scripts/ai/StandardAI.lua	1	768	768	32	256	64	0	32	0	384	80	321	0	7	0		1	0	1	
1711276526	scripts/ai/StandardAI.lua	1	768	768	32	256	64	0	32	0	384	80	321	0	6	0		1	0	1	
1711276527	scripts/ai/StandardAI.lua	1	768	768	32	256	64	0	32	0	384	80	321	0	4	0		1	0	1	
1711276528	scripts/ai/StandardAI.lua	1	768	768	32	256	64	0	32	0	384	80	321	0	2	0		1	0	1	
1711276529	scripts/ai/StandardAI.lua	1	768	768	32	256	64	0	32	0	384	80	321	0	3	0		1	0	1	
1711276530	scripts/ai/StandardAI.lua	1	768	768	32	256	64	0	32	0	384	80	320	0	7	0		1	0	1	
1711276531	scripts/ai/StandardAI.lua	1	768	768	32	256	64	0	32	0	384	80	320	0	9	0		1	0	1	
1711276532	scripts/ai/StandardAI.lua	1	768	768	32	256	64	0	32	0	384	80	342	0	1	0		1	0	1	
1711276533	scripts/ai/StandardAI.lua	1	768	768	32	256	64	0	32	0	384	80	343	0	1	0		1	0	1	
1711276534	scripts/ai/StandardAI.lua	1	768	768	32	256	64	0	32	0	384	80	344	0	1	0		1	0	1	
1711276535	scripts/ai/StandardAI.lua	1	768	768	32	256	64	0	32	0	384	80	335	0	1	0		1	0	1	
1711276536	scripts/ai/StandardAI.lua	1	768	768	32	256	64	0	32	0	384	80	333	0	1	0		1	0	1	
1711276537	scripts/ai/StandardAI.lua	1	768	768	32	256	64	0	32	0	384	80	346	0	1	0		1	0	1	
1711276538	scripts/ai/StandardAI.lua	1	768	768	32	256	64	0	32	0	384	80	345	0	1	0		1	0	1	
1711276539	scripts/ai/StandardAI.lua	1	768	768	32	256	64	0	32	0	384	80	347	0	1	0		1	0	1	
1711276540	scripts/ai/StandardAI.lua	1	768	768	32	256	64	0	32	0	384	80	339	0	1	0		1	0	1	
1711276541	scripts/ai/StandardAI.lua	1	768	768	32	256	64	0	32	0	384	80	341	0	1	0		1	0	1	
1711276542	scripts/ai/StandardAI.lua	1	768	768	32	256	64	0	32	0	384	80	338	0	1	0		1	0	1	
1711276543	scripts/ai/StandardAI.lua	1	768	768	32	256	64	0	32	0	384	80	337	0	1	0		1	0	1	
1711276544	scripts/ai/StandardAI.lua	1	768	768	32	256	64	0	32	0	384	80	340	0	1	0		1	0	1	
1711276545	scripts/ai/StandardAI.lua	1	768	768	32	256	64	0	32	0	384	80	336	0	1	0		1	0	1	
1711276546	scripts/ai/GuarderAI.lua	1	1024	768	32	256	64	0	32	0	384	80	322	0	3	0		1	0	1	
1711276547	scripts/ai/GuarderAI.lua	1	1024	768	32	256	64	0	32	0	384	80	322	0	2	0		1	0	1	
1711276548	scripts/ai/GuarderAI.lua	1	1024	768	32	256	64	0	32	0	384	80	322	0	1	0		1	0	1	
1711276549	scripts/ai/GuarderAI.lua	1	1024	768	32	256	64	0	32	0	384	80	323	0	2	0		1	0	1	
1711276550	scripts/ai/GuarderAI.lua	1	1024	768	32	256	64	0	32	0	384	80	323	0	3	0		1	0	1	
1711276551	scripts/ai/GuarderAI.lua	1	1024	768	32	256	64	0	32	0	384	80	323	0	1	0		1	0	1	
1711276552	scripts/ai/StandardAI.lua	1	768	768	32	256	64	0	32	0	384	80	331	0	1	0		1	0	1	
1711276553	scripts/ai/StandardAI.lua	1	768	768	32	256	64	0	32	0	384	80	332	0	1	0		1	0	1	
1711276554	scripts/ai/StandardAI.lua	1	768	768	32	256	64	0	32	0	384	80	349	0	3	0		1	0	1	
1711276555	scripts/ai/StandardAI.lua	1	768	768	32	256	64	0	32	0	384	80	349	0	1	0		1	0	1	
1711276556	scripts/ai/StandardAI.lua	1	768	768	32	256	64	0	32	0	384	80	348	0	1	0		1	0	1	
1711276557	scripts/ai/StandardAI.lua	1	768	768	32	256	64	0	32	0	384	80	334	0	1	0		1	0	1	
1711276558	scripts/ai/StandardAI.lua	1	768	768	32	256	64	0	32	0	384	80	335	0	2	0		1	0	1	
1711276559	scripts/ai/StandardAI.lua	1	768	768	32	256	64	0	32	0	384	80	335	0	3	0		1	0	1	
1711276560	scripts/ai/StandardAI.lua	1	768	768	32	256	64	0	32	0	384	80	336	0	2	0		1	0	1	
1711276561	scripts/ai/StandardAI.lua	1	768	768	32	256	64	0	32	0	384	80	336	0	3	0		1	0	1	
1711276562	scripts/ai/StandardAI.lua	1	768	768	32	256	64	0	32	0	384	80	337	0	2	0		1	0	1	
1711276563	scripts/ai/StandardAI.lua	1	768	768	32	256	64	0	32	0	384	80	337	0	3	0		1	0	1	
1711276564	scripts/ai/StandardAI.lua	1	768	768	32	256	64	0	32	0	384	80	338	0	2	0		1	0	1	
1711276565	scripts/ai/StandardAI.lua	1	768	768	32	256	64	0	32	0	384	80	338	0	3	0		1	0	1	
1711276566	scripts/ai/StandardAI.lua	1	768	768	32	256	64	0	32	0	384	80	342	0	3	0		1	0	1	
1711276567	scripts/ai/StandardAI.lua	1	768	768	32	256	64	0	32	0	384	80	342	0	2	0		1	0	1	
1711276568	scripts/ai/StandardAI.lua	1	768	768	32	256	64	0	32	0	384	80	343	0	2	0		1	0	1	
1711276569	scripts/ai/StandardAI.lua	1	768	768	32	256	64	0	32	0	384	80	343	0	3	0		1	0	1	
1711276570	scripts/ai/StandardAI.lua	1	768	768	32	256	64	0	32	0	384	80	349	0	2	0		1	0	1	
1711276571	scripts/ai/StandardAI.lua	1	768	768	32	256	64	0	32	0	384	80	350	0	4	0		1	0	1	
1711276572	scripts/ai/StandardAI.lua	1	768	768	32	256	64	0	32	0	384	80	350	0	5	0		1	0	1	
1711276573	scripts/ai/StandardAI.lua	1	768	768	32	256	64	0	32	0	384	80	350	0	3	0		1	0	1	
1711276574	scripts/ai/StandardAI.lua	1	768	768	32	256	64	0	32	0	384	80	350	0	2	0		1	0	1	
1711276575	scripts/ai/StandardAI.lua	1	768	768	32	256	64	0	32	0	384	80	350	0	1	0		1	0	1	
1711276576	scripts/ai/StandardAI.lua	1	768	768	32	256	64	0	32	0	384	80	351	0	1	0		1	0	1	
1711276577	scripts/ai/StandardAI.lua	1	768	768	32	256	64	0	32	0	384	80	351	0	2	0		1	0	1	
1711276578	scripts/ai/StandardAI.lua	1	768	768	32	256	64	0	32	0	384	80	351	0	3	0		1	0	1	
1711276579	scripts/ai/StandardAI.lua	1	768	768	32	256	64	0	32	0	384	80	351	0	4	0		1	0	1	
1711276580	scripts/ai/StandardAI.lua	1	768	768	32	256	64	0	32	0	384	80	351	0	5	0		1	0	1	
1711276581	scripts/ai/StandardAI.lua	1	768	768	32	256	64	0	32	0	384	80	352	0	1	0		1	0	1	
1711276582	scripts/ai/StandardAI.lua	1	768	768	32	256	64	0	32	0	384	80	352	0	3	0		1	0	1	
1711276583	scripts/ai/StandardAI.lua	1	768	768	32	256	64	0	32	0	384	80	352	0	4	0		1	0	1	
1711276584	scripts/ai/StandardAI.lua	1	768	768	32	256	64	0	32	0	384	80	352	0	5	0		1	0	1	
1711276585	scripts/ai/StandardAI.lua	1	768	768	32	256	64	0	32	0	384	80	353	0	1	0		1	0	1	
1711276586	scripts/ai/StandardAI.lua	1	768	768	32	256	64	0	32	0	384	80	353	0	2	0		1	0	1	
1711276587	scripts/ai/StandardAI.lua	1	768	768	32	256	64	0	32	0	384	80	353	0	3	0		1	0	1	
1711276588	scripts/ai/StandardAI.lua	1	768	768	32	256	64	0	32	0	384	80	353	0	4	0		1	0	1	
1711276589	scripts/ai/StandardAI.lua	1	768	768	32	256	64	0	32	0	384	80	353	0	5	0		1	0	1	
1711276590	scripts/ai/StandardAI.lua	1	768	768	32	256	64	0	32	0	384	80	354	0	1	0		1	0	1	
1711276591	scripts/ai/StandardAI.lua	1	768	768	32	256	64	0	32	0	384	80	354	0	2	0		1	0	1	
1711276592	scripts/ai/StandardAI.lua	1	768	768	32	256	64	0	32	0	384	80	354	0	3	0		1	0	1	
1711276593	scripts/ai/StandardAI.lua	1	768	768	32	256	64	0	32	0	384	80	354	0	5	0		1	0	1	
1711276594	scripts/ai/StandardAI.lua	1	768	768	32	256	64	0	32	0	384	80	354	0	4	0		1	0	1	
1711276595	scripts/ai/StandardAI.lua	1	768	768	32	256	64	0	32	0	384	80	355	0	3	0		0	0	1	
1711276596	scripts/ai/StandardAI.lua	1	768	768	32	256	64	0	32	0	384	80	355	0	1	0		0	0	1	
1711276597	scripts/ai/StandardAI.lua	1	768	768	32	256	64	0	32	0	384	80	355	0	2	0		0	0	1	
1711276598	scripts/ai/StandardAI.lua	1	768	768	32	256	64	0	32	0	384	80	356	0	1	0		0	0	1	
1711276599	scripts/ai/StandardAI.lua	1	768	768	32	256	64	0	32	0	384	80	357	0	1	0		0	0	1	
1711276600	scripts/ai/StandardAI.lua	1	768	768	32	256	64	0	32	0	384	80	357	0	2	0		0	0	1	
1711276601	scripts/ai/StandardAI.lua	1	768	768	32	256	64	0	32	0	384	80	357	0	3	0		0	0	1	
1711276602	scripts/ai/StandardAI.lua	1	768	768	32	256	64	0	32	0	384	80	359	0	3	0		0	0	1	
1711276603	scripts/ai/StandardAI.lua	1	768	768	32	256	64	0	32	0	384	80	358	0	9	0		0	0	1	
1711276604	scripts/ai/StandardAI.lua	1	768	768	32	256	64	0	32	0	384	80	358	0	8	0		0	0	1	
1711276605	scripts/ai/StandardAI.lua	1	768	768	32	256	64	0	32	0	384	80	358	0	4	0		0	0	1	
1711276606	scripts/ai/StandardAI.lua	1	768	768	32	256	64	0	32	0	384	80	360	0	1	0		0	0	1	
1711276607	scripts/ai/StandardAI.lua	1	768	768	32	256	64	0	32	0	384	80	360	0	2	0		0	0	1	
1711276608	scripts/ai/StandardAI.lua	1	768	768	32	256	64	0	32	0	384	80	359	0	10	0		0	0	1	
1711276609	scripts/ai/StandardAI.lua	1	768	768	32	256	64	0	32	0	384	80	359	0	6	0		0	0	1	
1711276610	scripts/ai/StandardAI.lua	1	768	768	32	256	64	0	32	0	384	80	361	0	2	0		0	0	1	
1711276611	scripts/ai/StandardAI.lua	1	768	768	32	256	64	0	32	0	384	80	361	0	1	0		0	0	1	
1711276612	scripts/ai/StandardAI.lua	1	768	768	32	256	64	0	32	0	384	80	362	0	2	0		1	0	1	
1711276613	scripts/ai/StandardAI.lua	1	768	768	32	256	64	0	32	0	384	80	362	0	1	0		1	0	1	
1711276614	scripts/ai/StandardAI.lua	1	768	768	32	256	64	0	32	0	384	80	362	0	3	0		1	0	1	
1711276615	scripts/ai/StandardAI.lua	1	768	768	32	256	64	0	32	0	384	80	363	0	3	0		1	0	1	
1711276616	scripts/ai/StandardAI.lua	1	768	768	32	256	64	0	32	0	384	80	363	0	2	0		1	0	1	
1711276617	scripts/ai/StandardAI.lua	1	768	768	32	256	64	0	32	0	384	80	363	0	1	0		1	0	1	
1711276618	scripts/ai/StandardAI.lua	1	768	768	32	256	64	0	32	0	384	80	364	0	1	0		0	0	1	
1711276619	scripts/ai/StandardAI.lua	1	768	768	32	256	64	0	32	0	384	80	364	0	2	0		0	0	1	
1711276620	scripts/ai/StandardAI.lua	1	768	768	32	256	64	0	32	0	384	80	364	0	3	0		0	0	1	
1711276621	scripts/ai/StandardAI.lua	1	768	768	32	256	64	0	32	0	384	80	364	0	4	0		0	0	1	
1711276622	scripts/ai/StandardAI.lua	1	768	768	32	256	64	0	32	0	384	80	364	0	5	0		0	0	1	
1711276623	scripts/ai/StandardAI.lua	1	768	768	32	256	64	0	32	0	384	80	364	0	7	0		0	0	1	
1711276624	scripts/ai/StandardAI.lua	1	768	768	32	256	64	0	32	0	384	80	364	0	6	0		0	0	1	
1711276625	scripts/ai/StandardAI.lua	1	768	768	32	256	64	0	32	0	384	80	364	0	8	0		0	0	1	
1711276626	scripts/ai/StandardAI.lua	1	768	768	32	256	64	0	32	0	384	80	364	0	9	0		0	0	1	
1711276627	scripts/ai/StandardAI.lua	1	768	768	32	256	64	0	32	0	384	80	364	0	10	0		0	0	1	
1711276628	scripts/ai/StandardAI.lua	1	768	768	32	256	64	0	32	0	384	80	365	0	1	0		0	0	1	
1711276629	scripts/ai/StandardAI.lua	1	768	768	32	256	64	0	32	0	384	80	365	0	2	0		0	0	1	
1711276630	scripts/ai/StandardAI.lua	1	768	768	32	256	64	0	32	0	384	80	365	0	3	0		0	0	1	
1711276631	scripts/ai/StandardAI.lua	1	768	768	32	256	64	0	32	0	384	80	365	0	4	0		0	0	1	
1711276632	scripts/ai/StandardAI.lua	1	768	768	32	256	64	0	32	0	384	80	365	0	5	0		0	0	1	
1711276633	scripts/ai/StandardAI.lua	1	768	768	32	256	64	0	32	0	384	80	366	0	3	0		0	0	1	
1711276634	scripts/ai/StandardAI.lua	1	768	768	32	256	64	0	32	0	384	80	366	0	4	0		0	0	1	
1711276635	scripts/ai/StandardAI.lua	1	768	768	32	256	64	0	32	0	384	80	366	0	5	0		0	0	1	
1711276636	scripts/ai/StandardAI.lua	1	768	768	32	256	64	0	32	0	384	80	366	0	2	0		0	0	1	
1711276637	scripts/ai/StandardAI.lua	1	768	768	32	256	64	0	32	0	384	80	366	0	1	0		0	0	1	
1711276638	scripts/ai/StandardAI.lua	0	768	768	32	256	64	0	32	0	384	80	372	0	1	0		0	0	0	
1711276639	scripts/ai/StandardAI.lua	0	768	768	32	256	64	0	32	0	384	80	369	0	14	0		0	0	0	
1711276640	scripts/ai/StandardAI.lua	0	768	768	32	256	64	0	32	0	384	80	370	0	1	0		0	0	0	
1711276641	scripts/ai/StandardAI.lua	0	768	768	32	256	64	0	32	0	384	80	371	0	1	0		0	0	0	
1711276642	scripts/ai/StandardAI.lua	0	768	768	32	256	64	0	32	0	384	80	369	0	12	0		0	0	0	
1711276643	scripts/ai/StandardAI.lua	0	768	768	32	256	64	0	32	0	384	80	369	0	4	0		0	0	0	
1711276644	scripts/ai/StandardAI.lua	0	768	768	32	256	64	0	32	0	384	80	367	0	3	0		0	0	0	
1711276645	scripts/ai/StandardAI.lua	0	768	768	32	256	64	0	32	0	384	80	367	0	5	0		0	0	0	
1711276646	scripts/ai/StandardAI.lua	0	768	768	32	256	64	0	32	0	384	80	367	0	4	0		0	0	0	
1711276647	scripts/ai/StandardAI.lua	0	768	768	32	256	64	0	32	0	384	80	367	0	2	0		0	0	0	
1711276648	scripts/ai/StandardAI.lua	0	768	768	32	256	64	0	32	0	384	80	367	0	1	0		0	0	0	
1711276649	scripts/ai/StandardAI.lua	0	768	768	32	256	64	0	32	0	384	80	368	0	1	0		0	0	0	
1711276650	scripts/ai/StandardAI.lua	0	768	768	32	256	64	0	32	0	384	80	368	0	2	0		0	0	0	
1711276651	scripts/ai/StandardAI.lua	0	768	768	32	256	64	0	32	0	384	80	368	0	3	0		0	0	0	
1711276652	scripts/ai/StandardAI.lua	0	768	768	32	256	64	0	32	0	384	80	368	0	4	0		0	0	0	
1711276653	scripts/ai/StandardAI.lua	0	768	768	32	256	64	0	32	0	384	80	368	0	5	0		0	0	0	
1711276654	scripts/ai/StandardAI.lua	0	768	768	32	256	64	0	32	0	384	80	369	0	6	0		0	0	0	
1711276655	scripts/ai/StandardAI.lua	0	768	768	32	256	64	0	32	0	384	80	369	0	7	0		0	0	0	
1711276656	scripts/ai/StandardAI.lua	0	768	768	32	256	64	0	32	0	384	80	369	0	1	0		0	0	0	
1711276657	scripts/ai/StandardAI.lua	0	768	768	32	256	64	0	32	0	384	80	369	0	3	0		0	0	0	
1711276658	scripts/ai/StandardAI.lua	0	768	768	32	256	64	0	32	0	384	80	369	0	2	0		0	0	0	
1711276659	scripts/ai/StandardAI.lua	0	768	768	32	256	64	0	32	0	384	80	369	0	8	0		0	0	0	
1711276660	scripts/ai/StandardAI.lua	0	768	768	32	256	64	0	32	0	384	80	369	0	11	0		0	0	0	
1711276661	scripts/ai/StandardAI.lua	0	768	768	32	256	64	0	32	0	384	80	369	0	10	0		0	0	0	
1711276662	scripts/ai/StandardAI.lua	0	768	768	32	256	64	0	32	0	384	80	369	0	13	0		0	0	0	
1711276663	scripts/ai/StandardAI.lua	0	768	768	32	256	64	0	32	0	384	80	369	0	9	0		0	0	0	
1711276664	scripts/ai/StandardAI.lua	0	768	768	32	256	64	0	32	0	384	80	369	0	15	0		0	0	0	
1711276665	scripts/ai/StandardAI.lua	0	768	768	32	256	64	0	32	0	384	80	369	0	5	0		0	0	0	
1711276666	scripts/ai/StandardAI.lua	0	768	768	32	256	64	0	32	0	384	80	373	0	1	0		0	0	0	
1711276667	scripts/ai/StandardAI.lua	0	768	768	32	256	64	0	32	0	384	80	373	0	2	0		0	0	0	
1711276668	scripts/ai/StandardAI.lua	0	768	768	32	256	64	0	32	0	384	80	373	0	3	0		0	0	0	
1711276669	scripts/ai/StandardAI.lua	1	768	768	32	256	64	0	32	0	384	80	374	0	1	0		0	0	1	
1711276670	scripts/ai/StandardAI.lua	1	768	768	32	256	64	0	32	0	384	80	374	0	2	0		0	0	1	
1711276671	scripts/ai/StandardAI.lua	1	768	768	32	256	64	0	32	0	384	80	374	0	3	0		0	0	1	
1711276672	scripts/ai/StandardAI.lua	1	768	768	32	256	64	0	32	0	384	80	374	0	4	0		0	0	1	
1711276673	scripts/ai/StandardAI.lua	1	768	768	32	256	64	0	32	0	384	80	374	0	5	0		0	0	1	
1711276674	scripts/ai/StandardAI.lua	1	768	768	32	256	64	0	32	0	384	80	375	0	2	0		0	0	1	
1711276675	scripts/ai/StandardAI.lua	1	768	768	32	256	64	0	32	0	384	80	375	0	3	0		0	0	1	
1711276676	scripts/ai/StandardAI.lua	1	768	768	32	256	64	0	32	0	384	80	375	0	1	0		0	0	1	
1711276677	scripts/ai/StandardAI.lua	1	768	768	32	256	64	0	32	0	384	80	376	0	3	0		1	0	1	
1711276678	scripts/ai/StandardAI.lua	1	768	768	32	256	64	0	32	0	384	80	376	0	2	0		1	0	1	
1711276679	scripts/ai/StandardAI.lua	1	768	768	32	256	64	0	32	0	384	80	376	0	1	0		1	0	1	
1711276680	scripts/ai/StandardAI.lua	1	768	768	32	256	64	0	32	0	384	80	377	0	1	0		1	0	1	
1711276681	scripts/ai/StandardAI.lua	1	768	768	32	256	64	0	32	0	384	80	377	0	2	0		1	0	1	
1711276682	scripts/ai/StandardAI.lua	1	768	768	32	256	64	0	32	0	384	80	377	0	3	0		1	0	1	
1711276683	scripts/ai/StandardAI.lua	1	768	768	32	256	64	0	32	0	384	80	378	0	2	0		0	0	1	
1711276684	scripts/ai/StandardAI.lua	1	768	768	32	256	64	0	32	0	384	80	378	0	1	0		0	0	1	
1711276685	scripts/ai/StandardAI.lua	1	768	768	32	256	64	0	32	0	384	80	379	0	1	0		0	0	1	
1711276686	scripts/ai/StandardAI.lua	1	768	768	32	256	64	0	32	0	384	80	379	0	2	0		0	0	1	
1711276687	scripts/ai/StandardAI.lua	1	768	768	32	256	64	0	32	0	384	80	380	0	5	0		0	0	1	
1711276688	scripts/ai/StandardAI.lua	1	768	768	32	256	64	0	32	0	384	80	380	0	4	0		0	0	1	
1711276689	scripts/ai/StandardAI.lua	1	768	768	32	256	64	0	32	0	384	80	380	0	3	0		0	0	1	
1711276690	scripts/ai/StandardAI.lua	1	768	768	32	256	64	0	32	0	384	80	380	0	2	0		0	0	1	
1711276691	scripts/ai/StandardAI.lua	1	768	768	32	256	64	0	32	0	384	80	380	0	1	0		0	0	1	
1711276692	scripts/ai/StandardAI.lua	1	768	768	32	256	64	0	32	0	384	80	381	0	1	0		0	0	1	
1711276693	scripts/ai/StandardAI.lua	1	768	768	32	256	64	0	32	0	384	80	381	0	2	0		0	0	1	
1711276694	scripts/ai/StandardAI.lua	0	768	768	32	256	64	0	32	0	384	80	382	0	1	0		0	0	0	
1711276695	scripts/ai/GuarderAI.lua	1	1024	768	32	256	64	0	32	0	384	80	384	0	1	0		1	0	1	
1711276696	scripts/ai/GuarderAI.lua	1	1024	768	32	256	64	0	32	0	384	80	385	0	1	0		1	0	1	
1711276697	scripts/ai/StandardAI.lua	0	768	768	32	256	64	0	32	256	128	80	387	0	1	0		1	0	0	
1711276698	scripts/ai/StandardAI.lua	0	768	768	32	256	64	0	32	256	128	80	386	0	1	0		1	0	0	
1711276699	scripts/ai/StandardAI.lua	0	768	768	32	256	64	0	32	0	384	80	390	0	1	0		0	0	0	
1711276700	scripts/ai/StandardAI.lua	0	768	768	32	256	64	0	32	0	384	80	391	0	1	0		0	0	0	
1711276701	scripts/ai/StandardAI.lua	0	768	768	32	256	64	0	32	0	384	80	392	0	1	0		0	0	0	
1711276702	scripts/ai/StandardAI.lua	0	768	768	32	256	64	0	32	0	384	80	393	0	2	0		1	0	0	
1711276703	scripts/ai/StandardAI.lua	0	768	768	32	256	64	0	32	0	384	80	393	0	3	0		1	0	0	
1711276704	scripts/ai/StandardAI.lua	0	768	768	32	256	64	0	32	0	384	80	393	0	4	0		1	0	0	
1711276705	scripts/ai/StandardAI.lua	0	768	768	32	256	64	0	32	0	384	80	393	0	1	0		1	0	0	
1711276706	scripts/ai/StandardAI.lua	0	768	768	32	256	64	0	32	0	384	80	393	0	5	0		1	0	0	
1711276707	scripts/Map//ai/.lua	0	768	768	32	256	64	0	32	0	384	80	0	0	0	0		0	0	0	
1711276708	scripts/ai/StandardAI.lua	1	768	768	32	256	64	0	32	0	384	80	394	0	3	0		1	0	1	
1711276709	scripts/ai/StandardAI.lua	1	768	768	32	256	64	0	32	0	384	80	394	0	2	0		1	0	1	
1711276710	scripts/ai/StandardAI.lua	1	768	768	32	256	64	0	32	0	384	80	394	0	1	0		1	0	1	
1711276711	scripts/ai/StandardAI.lua	1	768	768	32	256	64	0	32	0	384	80	395	0	1	0		1	0	1	
1711276712	scripts/ai/StandardAI.lua	1	768	768	32	256	64	0	32	0	384	80	395	0	2	0		1	0	1	
1711276713	scripts/ai/StandardAI.lua	1	768	768	32	256	64	0	32	0	384	80	395	0	3	0		1	0	1	
1711276714	scripts/ai/StandardAI.lua	0	768	768	32	256	64	0	32	0	384	80	396	0	1	0		1	0	0	
1711276715	scripts/ai/StandardAI.lua	0	768	768	32	256	64	0	32	0	384	80	396	0	2	0		1	0	0	
1711276716	scripts/ai/StandardAI.lua	0	768	768	32	256	64	0	32	0	384	80	397	0	3	0		1	0	0	
1711276717	scripts/ai/StandardAI.lua	0	768	768	32	256	64	0	32	0	384	80	397	0	2	0		1	0	0	
1711276718	scripts/ai/StandardAI.lua	0	768	768	32	256	64	0	32	0	384	80	397	0	1	0		1	0	0	
1711276719	scripts/ai/StandardAI.lua	0	768	768	32	256	64	0	32	0	384	80	398	0	1	0		1	0	0	
1711276720	scripts/ai/StandardAI.lua	0	768	768	32	256	64	0	32	0	384	80	398	0	2	0		1	0	0	
1711276721	scripts/ai/StandardAI.lua	0	768	768	32	256	64	0	32	0	384	80	398	0	3	0		1	0	0	
1711276722	scripts/ai/StandardAI.lua	0	768	768	32	256	64	0	32	0	384	80	399	0	2	0		1	0	0	
1711276723	scripts/ai/StandardAI.lua	0	768	768	32	256	64	0	32	0	384	80	399	0	3	0		1	0	0	
1711276724	scripts/ai/StandardAI.lua	0	768	768	32	256	64	0	32	0	384	80	399	0	1	0		1	0	0	
1711276725	scripts/ai/StandardAI.lua	1	768	768	32	256	64	0	32	0	384	80	400	0	3	0		1	0	0	
1711276726	scripts/ai/StandardAI.lua	1	768	768	32	256	64	0	32	0	384	80	400	0	2	0		1	0	0	
1711276727	scripts/ai/StandardAI.lua	1	768	768	32	256	64	0	32	0	384	80	400	0	1	0		1	0	0	
1711276728	scripts/ai/StandardAI.lua	1	768	768	32	256	64	0	32	0	384	80	403	0	1	0		1	0	0	
1711276729	scripts/ai/StandardAI.lua	1	768	768	32	256	64	0	32	0	384	80	404	0	1	0		1	0	0	
1711276730	scripts/ai/StandardAI.lua	1	768	768	32	256	64	0	32	0	384	80	402	0	1	0		1	0	0	
1711276731	scripts/ai/StandardAI.lua	1	768	768	32	256	64	0	32	0	384	80	401	0	1	0		1	0	0	
1711276732	scripts/ai/StandardAI.lua	1	768	768	32	256	64	0	32	0	384	80	405	0	3	0		1	0	0	
1711276733	scripts/ai/StandardAI.lua	1	768	768	32	256	64	0	32	0	384	80	405	0	2	0		1	0	0	
1711276734	scripts/ai/StandardAI.lua	1	768	768	32	256	64	0	32	0	384	80	405	0	1	0		1	0	0	
1711276735	scripts/ai/StandardAI.lua	1	768	768	32	256	64	0	32	0	384	80	406	0	3	0		1	0	0	
1711276736	scripts/ai/StandardAI.lua	1	768	768	32	256	64	0	32	0	384	80	406	0	2	0		1	0	0	
1711276737	scripts/ai/StandardAI.lua	1	768	768	32	256	64	0	32	0	384	80	406	0	1	0		1	0	0	
1711276738	scripts/ai/StandardAI.lua	1	768	768	32	256	64	0	32	0	384	80	407	0	1	0		1	0	1	
1711276739	scripts/ai/StandardAI.lua	1	768	768	32	256	64	0	32	0	384	80	407	0	3	0		1	0	1	
1711276740	scripts/ai/StandardAI.lua	1	768	768	32	256	64	0	32	0	384	80	407	0	2	0		1	0	1	
1711276741	scripts/ai/StandardAI.lua	1	768	768	32	256	64	0	32	0	384	80	408	0	1	0		1	0	1	
1711276742	scripts/ai/StandardAI.lua	1	768	768	32	256	64	0	32	0	384	80	408	0	3	0		1	0	1	
1711276743	scripts/ai/StandardAI.lua	1	768	768	32	256	64	0	32	0	384	80	408	0	2	0		1	0	1	
1711276744	scripts/ai/StandardAI.lua	1	768	768	32	256	64	0	32	0	384	80	409	0	1	0		1	0	1	
1711276745	scripts/ai/StandardAI.lua	1	768	768	32	256	64	0	32	0	384	80	409	0	2	0		1	0	1	
1711276746	scripts/ai/StandardAI.lua	1	768	768	32	256	64	0	32	0	384	80	409	0	3	0		1	0	1	
1711276747	scripts/ai/StandardAI.lua	1	768	768	32	256	64	0	32	0	384	80	410	0	3	0		1	0	1	
1711276748	scripts/ai/StandardAI.lua	1	768	768	32	256	64	0	32	0	384	80	410	0	2	0		1	0	1	
1711276749	scripts/ai/StandardAI.lua	1	768	768	32	256	64	0	32	0	384	80	410	0	1	0		1	0	1	
1711276750	scripts/ai/StandardAI.lua	1	768	768	32	256	64	0	32	0	384	80	411	0	3	0		1	0	1	
1711276751	scripts/ai/StandardAI.lua	1	768	768	32	256	64	0	32	0	384	80	411	0	1	0		1	0	1	
1711276752	scripts/ai/StandardAI.lua	1	768	768	32	256	64	0	32	0	384	80	411	0	2	0		1	0	1	
1711276753	scripts/ai/StandardAI.lua	1	768	768	32	256	64	0	32	0	384	80	412	0	1	0		1	0	1	
1711276754	scripts/ai/StandardAI.lua	1	768	768	32	256	64	0	32	0	384	80	412	0	2	0		1	0	1	
1711276755	scripts/ai/StandardAI.lua	1	768	768	32	256	64	0	32	0	384	80	412	0	3	0		1	0	1	
1711276756	scripts/ai/StandardAI.lua	0	768	768	32	256	64	0	32	0	384	80	417	0	1	0		1	0	0	
1711276757	scripts/ai/StandardAI.lua	0	768	768	32	256	64	0	32	0	384	80	417	0	4	0		1	0	0	
1711276758	scripts/ai/StandardAI.lua	0	768	768	32	256	64	0	32	0	384	80	417	0	2	0		1	0	0	
1711276759	scripts/ai/StandardAI.lua	0	768	768	32	256	64	0	32	0	384	80	417	0	3	0		1	0	0	
1711276760	scripts/ai/StandardAI.lua	0	768	768	32	256	64	0	32	0	384	80	418	0	1	0		1	0	0	
1711276761	scripts/ai/StandardAI.lua	0	768	768	32	256	64	0	32	0	384	80	0	0	2	0		1	0	0	
1711276762	scripts/ai/StandardAI.lua	1	768	768	32	256	64	0	32	0	384	80	419	0	0	0		1	0	1	
1711276763	scripts/ai/StandardAI.lua	1	768	768	32	256	64	0	32	0	384	80	420	0	0	0		1	0	1	
1711276764	scripts/ai/StandardAI.lua	1	1024	768	32	256	64	0	32	0	384	80	421	0	0	0		1	0	1	
1711276765	scripts/ai/StandardAI.lua	1	1024	768	32	256	64	0	32	0	384	80	421	0	1	0		1	0	1	
1711276766	scripts/ai/StandardAI.lua	0	768	768	32	256	64	0	32	0	384	80	422	0	1	0		1	0	0	
1711276767	scripts/ai/StandardAI.lua	0	768	768	32	256	64	0	32	0	384	80	423	0	1	0		1	0	0	
1711276768	scripts/ai/StandardAI.lua	0	768	768	32	256	64	0	32	0	384	80	423	0	3	0		1	0	0	
1711276769	scripts/ai/StandardAI.lua	0	768	768	32	256	64	0	32	0	384	80	423	0	5	0		1	0	0	
1711276770	scripts/ai/StandardAI.lua	0	768	768	32	256	64	0	32	0	384	80	423	0	7	0		1	0	0	
1711276771	scripts/ai/StandardAI.lua	0	768	768	32	256	64	0	32	0	384	80	423	0	9	0		1	0	0	
1711276772	scripts/ai/StandardAI.lua	0	768	768	32	256	64	0	32	0	384	80	424	0	1	0		1	0	0	
1711276773	scripts/ai/StandardAI.lua	0	768	768	32	256	64	0	32	0	384	80	425	0	1	0		1	0	0	
1711276774	scripts/ai/StandardAI.lua	0	768	768	32	256	64	0	32	0	384	80	426	0	1	0		1	0	0	
1711276775	scripts/ai/StandardAI.lua	0	768	768	32	256	64	0	32	0	384	80	427	0	1	0		1	0	0	
1711276776	scripts/ai/StandardAI.lua	0	768	768	32	256	64	0	32	0	384	80	429	0	1	0		1	0	0	
1711276777	scripts/ai/StandardAI.lua	0	768	768	32	256	64	0	32	0	384	80	431	0	1	0		1	0	0	
1711276778	scripts/ai/StandardAI.lua	0	768	768	32	256	64	0	32	0	384	80	432	0	1	0		1	0	0	
1711276779	scripts/ai/StandardAI.lua	0	768	768	32	256	64	0	32	0	384	80	433	0	1	0		1	0	0	
1711276780	scripts/ai/StandardAI.lua	0	768	768	32	256	64	0	32	0	384	80	434	0	1	0		1	0	0	
1711276781	scripts/ai/StandardAI.lua	1	768	768	32	256	64	0	32	0	384	80	435	0	1	0		1	0	1	
1711276782	scripts/ai/StandardAI.lua	1	768	768	32	256	64	0	32	0	384	80	436	0	1	0		1	0	1	
1711276783	scripts/ai/StandardAI.lua	1	768	768	32	256	64	0	32	0	384	80	437	0	1	0		1	0	1	
1711276784	scripts/ai/StandardAI.lua	1	768	768	32	256	64	0	32	0	384	80	438	0	1	0		1	0	1	
1711276785	scripts/ai/StandardAI.lua	1	768	768	32	256	64	0	32	0	384	80	439	0	1	0		1	0	1	
1711276786	scripts/ai/StandardAI.lua	1	768	768	32	256	64	0	32	0	384	80	440	0	1	0		1	0	1	
1711276787	scripts/ai/StandardAI.lua	1	768	768	32	256	64	0	32	0	384	80	441	0	1	0		1	0	1	
1711276788	scripts/ai/StandardAI.lua	1	768	768	32	256	64	0	32	0	384	80	442	0	1	0		1	0	1	
1711276789	scripts/ai/StandardAI.lua	1	768	768	32	256	64	0	32	0	384	80	443	0	1	0		1	0	1	
1711276790	scripts/ai/StandardAI.lua	1	768	768	32	256	64	0	32	0	384	80	444	0	1	0		1	0	1	
1711276791	scripts/ai/StandardAI.lua	1	768	768	32	256	64	0	32	0	384	80	445	0	1	0		1	0	1	
1711276792	scripts/ai/StandardAI.lua	1	768	768	32	256	64	0	32	0	384	80	446	0	1	0		1	0	1	
1711276793	scripts/ai/StandardAI.lua	1	768	768	32	256	64	0	32	0	384	80	447	0	1	0		1	0	1	
1711276794	scripts/ai/StandardAI.lua	1	768	768	32	256	64	0	32	0	384	80	448	0	1	0		1	0	1	
1711276795	scripts/ai/StandardAI.lua	1	768	768	32	256	64	0	32	0	384	80	449	0	1	0		1	0	1	
1711276796	scripts/ai/StandardAI.lua	1	768	768	32	256	64	0	32	0	384	80	450	0	1	0		1	0	1	
1711276797	scripts/ai/StandardAI.lua	1	768	768	32	256	64	0	32	0	384	80	451	0	1	0		1	0	1	
1711276798	scripts/ai/StandardAI.lua	1	768	768	32	256	64	0	32	0	384	80	452	0	1	0		1	0	1	
1711276799	scripts/ai/StandardAI.lua	1	768	768	32	256	64	0	32	0	384	80	453	0	1	0		1	0	1	
1711276800	scripts/ai/StandardAI.lua	1	768	768	32	256	64	0	32	0	384	80	454	0	1	0		1	0	1	
1711276801	scripts/ai/StandardAI.lua	1	768	768	32	256	64	0	32	0	384	80	455	0	1	0		1	0	1	
1711276802	scripts/ai/StandardAI.lua	1	768	768	32	256	64	0	32	0	384	80	456	0	1	0		1	0	1	
1711276803	scripts/ai/StandardAI.lua	1	768	768	32	256	64	0	32	0	384	80	457	0	1	0		1	0	1	
1711276804	scripts/ai/StandardAI.lua	1	768	768	32	256	64	0	32	0	384	80	458	0	1	0		1	0	1	
1711276805	scripts/ai/StandardAI.lua	1	768	768	32	256	64	0	32	0	384	80	459	0	1	0		1	0	1	
1711276806	scripts/ai/StandardAI.lua	1	768	768	32	256	64	0	32	0	384	80	460	0	1	0		1	0	1	
1711276807	scripts/ai/StandardAI.lua	1	768	768	32	256	64	0	32	2048	384	80	461	0	1	0		1	0	1	
1711276808	scripts/ai/StandardAI.lua	1	768	768	32	256	64	0	32	2048	384	80	462	0	1	0		1	0	1	
1711276809	scripts/ai/StandardAI.lua	1	768	768	32	256	64	0	32	2048	384	80	463	0	1	0		1	0	1	
1711276810	scripts/ai/StandardAI.lua	1	768	768	32	256	64	0	32	0	384	80	465	0	1	0		1	0	1	
1711276811	scripts/ai/StandardAI.lua	1	768	768	32	256	64	0	32	0	384	80	466	0	1	0		1	0	1	
1711276812	scripts/ai/StandardAI.lua	1	768	768	32	256	64	0	32	0	384	80	467	0	1	0		1	0	1	
1711276813	scripts/ai/StandardAI.lua	1	768	768	32	256	64	0	32	0	384	80	468	0	1	0		1	0	1	
1711276814	scripts/ai/StandardAI.lua	1	768	768	32	256	64	0	32	0	384	80	469	0	1	0		1	0	1	
1711276815	scripts/ai/StandardAI.lua	1	768	768	32	256	64	0	32	0	384	80	470	0	1	0		1	0	1	
1711276816	scripts/ai/StandardAI.lua	1	768	768	32	256	64	0	32	0	384	80	471	0	1	0		1	0	1	
1711276817	scripts/ai/StandardAI.lua	1	768	768	32	256	64	0	32	0	384	80	472	0	1	0		1	0	1	
1711276818	scripts/ai/StandardAI.lua	1	768	768	32	256	64	0	32	0	384	80	473	0	1	0		1	0	1	
1711276819	scripts/ai/StandardAI.lua	1	768	768	32	256	64	0	32	0	384	80	475	0	1	0		1	0	1	
1711276820	scripts/ai/StandardAI.lua	1	768	768	32	256	64	0	32	0	384	80	474	0	1	0		1	0	1	
1711276821	scripts/ai/StandardAI.lua	1	768	768	32	256	64	0	32	0	384	80	476	0	1	0		1	0	1	
1711276822	scripts/ai/StandardAI.lua	1	768	768	32	256	64	0	32	0	384	80	477	0	1	0		1	0	1	
1711276823	scripts/ai/StandardAI.lua	1	768	768	32	256	64	0	32	0	384	80	479	0	1	0		1	0	1	
1711276824	scripts/ai/StandardAI.lua	1	768	768	32	256	64	0	32	0	384	80	480	0	1	0		1	0	1	
1711276825	scripts/ai/StandardAI.lua	0	768	768	32	256	64	0	32	0	384	80	481	0	1	0		1	0	0	
1711276826	scripts/ai/StandardAI.lua	1	768	768	32	256	64	0	32	0	384	80	484	0	1	0		1	0	1	
1711276827	scripts/ai/StandardAI.lua	1	768	768	32	256	64	0	32	0	384	80	482	0	1	0		1	0	1	
1711276828	scripts/ai/StandardAI.lua	1	768	768	32	256	64	0	32	0	384	80	483	0	1	0		1	0	1	
1711276829	scripts/ai/StandardAI.lua	1	768	768	32	256	64	0	32	0	384	80	486	0	1	0		1	0	1	
1711276830	scripts/ai/StandardAI.lua	1	768	768	32	256	64	0	32	0	384	80	487	0	1	0		1	0	1	
1711276831	scripts/ai/StandardAI.lua	1	768	768	32	256	64	0	32	0	384	80	488	0	1	0		1	0	1	
1711276832	scripts/ai/StandardAI.lua	1	768	768	32	256	64	0	32	0	384	80	489	0	1	0		1	0	1	
1711276833	scripts/ai/StandardAI.lua	1	768	768	32	256	64	0	32	0	384	80	490	0	1	0		1	0	1	
1711276834	scripts/ai/StandardAI.lua	1	768	768	32	256	64	0	32	0	384	80	491	0	1	0		1	0	1	
1711276835	scripts/ai/StandardAI.lua	1	768	768	32	256	64	0	32	0	384	80	492	0	1	0		1	0	1	
1711276836	scripts/ai/StandardAI.lua	1	768	768	32	256	64	0	32	0	384	80	493	0	1	0		1	0	1	
1711276837	scripts/ai/StandardAI.lua	1	768	768	32	256	64	0	32	0	384	80	494	0	1	0		1	0	1	
1711276838	scripts/ai/StandardAI.lua	1	768	768	32	256	64	0	32	0	384	80	495	0	1	0		1	0	1	
1711276839	scripts/ai/StandardAI.lua	0	768	768	32	256	64	0	32	512	384	80	496	0	1	0		1	0	0	
1711276840	scripts/ai/StandardAI.lua	1	768	768	32	256	64	0	32	0	384	80	497	0	1	0		1	0	1	
1711276841	scripts/ai/StandardAI.lua	1	768	768	32	256	64	0	32	0	384	80	498	0	1	0		1	0	1	
1711276842	scripts/ai/StandardAI.lua	1	768	768	32	256	64	0	32	0	384	80	499	0	1	0		1	0	1	
1711276843	scripts/ai/StandardAI.lua	1	768	768	32	256	64	0	32	0	384	80	500	0	1	0		1	0	1	
1711276844	scripts/ai/StandardAI.lua	1	768	768	32	256	64	0	32	0	384	80	501	0	1	0		1	0	1	
1711276845	scripts/ai/StandardAI.lua	1	768	768	32	256	64	0	32	0	384	80	502	0	1	0		1	0	1	
1711276846	scripts/ai/StandardAI.lua	1	768	768	32	256	64	0	32	0	384	80	503	0	1	0		1	0	1	
1711276847	scripts/ai/StandardAI.lua	0	768	768	32	256	64	0	32	0	384	80	504	0	1	0		1	0	0	
1711276848	scripts/ai/StandardAI.lua	0	768	768	32	256	64	0	32	0	384	80	505	0	1	0		1	0	0	
1711276849	scripts/ai/StandardAI.lua	1	768	768	32	256	64	0	32	0	384	80	506	0	1	0		1	0	1	
1711276850	scripts/ai/StandardAI.lua	1	768	768	32	256	64	0	32	0	384	80	507	0	1	0		1	0	1	
1711276851	scripts/ai/StandardAI.lua	1	768	768	32	256	64	0	32	0	384	80	508	0	1	0		1	0	1	
1711276852	scripts/ai/StandardAI.lua	1	768	768	32	256	64	0	32	0	384	80	509	0	1	0		1	0	1	
1711276853	scripts/ai/StandardAI.lua	1	768	768	32	256	64	0	32	0	384	80	510	0	1	0		1	0	1	
1711276854	scripts/ai/StandardAI.lua	1	768	768	32	256	64	0	32	0	384	80	511	0	1	0		1	0	1	
1711276855	scripts/ai/StandardAI.lua	0	768	768	32	256	64	0	32	0	384	80	512	0	1	0		1	0	0	
1711276856	scripts/ai/StandardAI.lua	1	768	768	32	256	64	0	32	0	384	80	515	0	1	0		1	0	1	
1711276857	scripts/ai/StandardAI.lua	1	768	768	32	256	64	0	32	0	384	80	513	0	1	0		1	0	1	
1711276858	scripts/ai/StandardAI.lua	1	768	768	32	256	64	0	32	0	384	80	514	0	1	0		1	0	1	
1711276859	scripts/ai/StandardAI.lua	1	768	768	32	256	64	0	32	0	384	80	516	0	1	0		1	0	1	
1711276860	scripts/ai/StandardAI.lua	1	768	768	32	256	64	0	32	0	384	80	517	0	1	0		1	0	1	
1711276861	scripts/ai/StandardAI.lua	1	768	768	32	256	64	0	32	0	384	80	519	0	1	0		1	0	1	
1711276862	scripts/ai/StandardAI.lua	1	768	768	32	256	64	0	32	0	384	80	518	0	1	0		1	0	1	
1711276863	scripts/ai/StandardAI.lua	1	768	768	32	256	64	0	32	0	384	80	520	0	1	0		1	0	1	
1711276864	scripts/ai/StandardAI.lua	1	768	768	32	256	64	0	32	0	384	80	521	0	1	0		1	0	1	
1711276865	scripts/ai/StandardAI.lua	1	768	768	32	256	64	0	32	0	384	80	522	0	1	0		1	0	1	
1711276866	scripts/ai/StandardAI.lua	1	768	768	32	256	64	0	32	0	384	80	523	0	1	0		1	0	1	
1711276867	scripts/ai/StandardAI.lua	1	768	768	32	256	64	0	32	0	384	80	524	0	1	0		1	0	1	
1711276868	scripts/ai/StandardAI.lua	1	768	768	32	256	64	0	32	0	384	80	525	0	1	0		1	0	1	
1711276869	scripts/ai/StandardAI.lua	1	768	768	32	256	64	0	32	0	384	80	526	0	1	0		1	0	1	
1711276870	scripts/ai/StandardAI.lua	1	768	768	32	256	64	0	32	0	384	80	527	0	1	0		1	0	1	
1711276871	scripts/ai/StandardAI.lua	1	768	768	32	256	64	0	32	0	384	80	528	0	1	0		1	0	1	
1711276872	scripts/ai/StandardAI.lua	1	768	768	32	256	64	0	32	0	384	80	530	0	1	0		1	0	1	
1711276873	scripts/ai/StandardAI.lua	0	768	768	32	256	64	0	32	0	384	80	531	0	1	0		1	0	0	
1711276874	scripts/ai/StandardAI.lua	0	768	768	32	256	64	0	32	0	384	80	532	0	1	0		1	0	0	
1711276875	scripts/ai/StandardAI.lua	0	768	768	32	256	64	0	32	0	384	80	533	0	1	0		1	0	0	
1711276876	scripts/ai/StandardAI.lua	0	768	768	32	256	64	0	32	0	384	80	534	0	1	0		1	0	0	
1711276877	scripts/ai/StandardAI.lua	0	768	768	32	256	64	0	32	0	384	80	535	0	1	0		1	0	0	
1711276878	scripts/ai/StandardAI.lua	0	768	768	32	256	64	0	32	0	384	80	536	0	1	0		1	0	0	
1711276879	scripts/ai/StandardAI.lua	0	768	768	32	256	64	0	32	0	384	80	537	0	1	0		1	0	0	
1711276880	scripts/Map//ai/AI/ai.lua	0	768	768	32	256	64	0	32	256	128	80	544	0	3	0		1	0	0	
1711276881	scripts/ai/StandardAI.lua	0	768	768	32	256	64	0	32	512	384	80	547	0	2	0		1	0	0	
1711276882	scripts/ai/StandardAI.lua	0	768	768	32	256	64	0	32	512	384	80	547	0	1	0		1	0	0	
1711276883	scripts/ai/StandardAI.lua	0	768	768	32	256	64	0	32	512	384	80	547	0	3	0		1	0	0	
1711276884	scripts/ai/StandardAI.lua	0	768	768	32	256	64	0	32	512	384	80	547	0	4	0		1	0	0	
1711276885	scripts/ai/StandardAI.lua	0	768	768	32	256	64	0	32	512	384	80	546	0	1	0		1	0	0	
1711276886	scripts/ai/StandardAI.lua	0	768	768	32	256	64	0	32	512	384	80	546	0	2	0		1	0	0	
1711276887	scripts/ai/StandardAI.lua	0	768	768	32	256	64	0	32	512	384	80	546	0	3	0		1	0	0	
1711276888	scripts/ai/StandardAI.lua	0	768	768	32	256	64	0	32	512	384	80	544	0	2	0		1	0	0	
1711276889	scripts/ai/StandardAI.lua	0	768	768	32	256	64	0	32	512	384	80	545	0	2	0		1	0	0	
1711276890	scripts/ai/StandardAI.lua	0	768	768	32	256	64	0	32	512	384	80	545	0	3	0		1	0	0	
1711276891	scripts/ai/StandardAI.lua	0	768	768	32	256	64	0	32	512	384	80	545	0	1	0		1	0	0	
1711276892	scripts/ai/StandardAI.lua	0	768	768	32	256	64	0	32	512	384	80	543	0	3	0		1	0	0	
1711276893	scripts/ai/StandardAI.lua	0	768	768	32	256	64	0	32	512	384	80	543	0	2	0		1	0	0	
1711276894	scripts/ai/StandardAI.lua	0	768	768	32	256	64	0	32	512	384	80	543	0	1	0		1	0	0	
1711276895	scripts/ai/StandardAI.lua	0	768	768	32	256	64	0	32	512	384	80	543	0	4	0		1	0	0	
1711276896	scripts/ai/StandardAI.lua	0	768	768	32	256	64	0	32	512	384	80	542	0	1	0		1	0	0	
1711276897	scripts/ai/StandardAI.lua	0	768	768	32	256	64	0	32	512	384	80	541	0	1	0		1	0	0	
1711276898	scripts/ai/StandardAI.lua	0	768	768	32	256	64	0	32	512	384	80	541	0	2	0		1	0	0	
1711276899	scripts/ai/StandardAI.lua	0	768	768	32	256	64	0	32	512	384	80	541	0	3	0		1	0	0	
1711276900	scripts/ai/StandardAI.lua	0	768	768	32	256	64	0	32	512	384	80	540	0	2	0		1	0	0	
1711276901	scripts/ai/StandardAI.lua	0	768	768	32	256	64	0	32	512	384	80	540	0	3	0		1	0	0	
1711276902	scripts/ai/StandardAI.lua	0	768	768	32	256	64	0	32	512	384	80	540	0	1	0		1	0	0	
1711276903	scripts/ai/StandardAI.lua	0	768	768	32	256	64	0	32	512	384	80	539	0	2	0		1	0	0	
1711276904	scripts/ai/StandardAI.lua	0	768	768	32	256	64	0	32	512	384	80	539	0	1	0		1	0	0	
1711276905	scripts/ai/StandardAI.lua	0	768	768	32	256	64	0	32	512	384	80	539	0	3	0		1	0	0	
1711276906	scripts/ai/StandardAI.lua	0	768	768	32	256	64	0	32	512	384	80	538	0	1	0		1	0	0	
1711276907	scripts/ai/StandardAI.lua	0	768	768	32	256	64	0	32	512	384	80	548	0	1	0		1	0	0	
1711276908	scripts/ai/StandardAI.lua	0	768	768	32	256	64	0	32	512	384	80	548	0	2	0		1	0	0	
1711276909	scripts/ai/StandardAI.lua	0	768	768	32	256	64	0	32	512	384	80	548	0	3	0		1	0	0	
1711276910	scripts/ai/StandardAI.lua	0	768	768	32	256	64	0	32	512	384	80	549	0	2	0		1	0	0	
1711276911	scripts/ai/StandardAI.lua	0	768	768	32	256	64	0	32	512	384	80	549	0	1	0		1	0	0	
1711276912	scripts/ai/StandardAI.lua	0	768	768	32	256	64	0	32	512	384	80	542	0	3	0		1	0	0	
1711276913	scripts/ai/StandardAI.lua	0	768	768	32	256	64	0	32	512	384	80	542	0	2	0		1	0	0	
1711276914	scripts/ai/StandardAI.lua	1	768	768	32	256	64	0	32	0	384	80	556	0	1	0		1	0	1	
1711276915	scripts/ai/StandardAI.lua	1	768	768	32	256	64	0	32	0	384	80	557	0	1	0		1	0	1	
1711276916	scripts/ai/StandardAI.lua	1	768	768	32	256	64	0	32	0	384	80	558	0	1	0		1	0	1	
1711276917	scripts/ai/StandardAI.lua	1	768	768	32	256	64	0	32	0	384	80	555	0	1	0		1	0	1	
1711276918	scripts/ai/StandardAI.lua	1	768	768	32	256	64	0	32	0	384	80	554	0	1	0		1	0	1	
1711276919	scripts/ai/StandardAI.lua	1	768	768	32	256	64	0	32	0	384	80	559	0	1	0		1	0	1	
1711276920	scripts/ai/StandardAI.lua	1	768	768	32	256	64	0	32	0	384	80	559	0	2	0		1	0	1	
1711276921	scripts/ai/StandardAI.lua	1	768	768	32	256	64	0	32	0	384	80	559	0	3	0		1	0	1	
1711276922	scripts/ai/StandardAI.lua	1	768	768	32	256	64	0	32	0	384	80	561	0	1	0		1	0	1	
1711276923	scripts/ai/StandardAI.lua	1	768	768	32	256	64	0	32	0	384	80	561	0	2	0		1	0	1	
1711276924	scripts/ai/StandardAI.lua	1	768	768	32	256	64	0	32	0	384	80	561	0	3	0		1	0	1	
1711276925	scripts/ai/StandardAI.lua	1	768	768	32	256	64	0	32	0	384	80	560	0	2	0		1	0	1	
1711276926	scripts/ai/StandardAI.lua	1	768	768	32	256	64	0	32	0	384	80	560	0	1	0		1	0	1	
1711276927	scripts/ai/StandardAI.lua	1	768	768	32	256	64	0	32	0	384	80	560	0	3	0		1	0	1	
1711276928	scripts/ai/StandardAI.lua	1	768	768	32	256	64	0	32	0	384	80	562	0	2	0		1	0	1	
1711276929	scripts/ai/StandardAI.lua	1	768	768	32	256	64	0	32	0	384	80	562	0	1	0		1	0	1	
