AIType	ScriptFile	IsPositive	AlertRange	SearchPlayerDistance	AlertOverTime	AttackRange	EscapeTime	EscapeRange	EscapeInterval	WanderRange	WanderDistance	WanderInterval	PatrolPathID	EscapeLife	PatrolOrderIndex	ReviveTeammate	CustomArguments	IsAutoTurn	NpcSceneType	IsSnarlInFight	DialogIdleTime
1694498817	scripts/ai/StandardAI.lua	1	768	768	32	256	64	0	32	0	384	80	58	0	1	0		1	0	1	
1694498818	scripts/ai/StandardAI.lua	1	768	768	32	256	64	0	32	0	384	80	87	0	1	0		1	0	1	
1694498819	scripts/ai/StandardAI.lua	1	768	768	32	256	64	0	32	0	384	80	87	0	3	0		1	0	1	
1694498820	scripts/ai/StandardAI.lua	0	768	768	32	256	64	0	32	0	384	80	87	0	2	0		1	0	0	
1694498821	scripts/ai/StandardAI.lua	0	0	0	0	256	320	2048	16	0	0	16	1	0	0	0		0	0	0	
1694498822	scripts/ai/StandardAI.lua	0	0	0	0	256	320	2048	16	0	0	16	1	0	1	0		0	0	0	
1694498823	scripts/ai/StandardAI.lua	0	768	768	32	256	64	960	32	512	0	80	5	30	0	0		1	0	0	
1694498824	scripts/ai/StandardAI.lua	1	768	768	32	256	64	0	32	0	384	80	0	0	1	0		1	0	1	
1694498825	scripts/ai/StandardAI.lua	1	768	768	32	256	64	0	32	0	384	80	13	0	1	0		1	0	1	
1694498826	scripts/ai/StandardAI.lua	1	768	768	32	256	64	0	32	0	384	80	14	0	1	0		1	0	1	
1694498827	scripts/ai/StandardAI.lua	1	768	768	32	256	64	0	32	0	384	80	15	0	1	0		1	0	1	
1694498828	scripts/ai/StandardAI.lua	1	768	768	32	256	64	0	32	0	384	80	16	0	1	0		1	0	1	
1694498829	scripts/ai/StandardAI.lua	1	768	768	32	256	64	0	32	0	384	80	17	0	1	0		1	0	1	
1694498830	scripts/ai/StandardAI.lua	1	768	768	32	256	64	0	32	0	384	80	18	0	1	0		1	0	1	
1694498831	scripts/ai/StandardAI.lua	1	768	768	32	256	64	0	32	0	384	80	19	0	1	0		1	0	1	
1694498832	scripts/ai/StandardAI.lua	1	768	768	32	256	64	0	32	0	384	80	20	0	1	0		1	0	1	
1694498833	scripts/ai/StandardAI.lua	1	768	768	32	256	64	0	32	0	384	80	21	0	1	0		1	0	1	
1694498834	scripts/ai/StandardAI.lua	1	768	768	32	256	64	0	32	0	384	80	22	0	1	0		1	0	1	
1694498835	scripts/ai/StandardAI.lua	1	768	768	32	256	64	0	32	0	384	80	23	0	1	0		1	0	1	
1694498836	scripts/ai/StandardAI.lua	1	768	768	32	256	64	0	32	0	384	80	24	0	1	0		1	0	1	
1694498837	scripts/ai/StandardAI.lua	1	768	768	32	256	64	0	32	0	384	80	25	0	1	0		1	0	1	
1694498838	scripts/ai/StandardAI.lua	1	768	768	32	256	64	0	32	0	384	80	26	0	1	0		1	0	1	
1694498839	scripts/ai/StandardAI.lua	1	768	768	32	256	64	0	32	0	384	80	63	0	0	0		1	0	1	
1694498840	scripts/ai/StandardAI.lua	0	768	768	32	256	64	0	32	0	384	80	150	0	2	0		1	0	0	
1694498841	scripts/ai/StandardAI.lua	0	768	768	32	256	64	960	32	512	384	80	119	30	0	0		1	0	0	
1694498842	scripts/ai/StandardAI.lua	1	768	768	32	256	64	0	32	0	384	80	89	0	3	0		1	0	1	
1694498843	scripts/ai/StandardAI.lua	0	0	0	0	256	320	2048	16	0	0	16	77	0	3	0		0	0	0	
1694498844	scripts/ai/StandardAI.lua	0	0	0	0	256	320	2048	16	0	0	16	76	0	1	0		0	0	0	
1694498845	scripts/ai/StandardAI.lua	0	0	0	0	256	320	2048	16	0	0	16	77	0	2	0		0	0	0	
1694498846	scripts/ai/StandardAI.lua	0	0	0	0	256	320	2048	16	0	0	16	174	0	1	0		0	0	0	
1694498847	scripts/ai/StandardAI.lua	0	0	0	0	256	320	2048	16	0	0	16	78	0	1	0		0	0	0	
1694498848	scripts/ai/StandardAI.lua	1	768	768	32	256	64	0	32	0	384	80	129	0	2	0		1	0	1	
1694498849	scripts/ai/StandardAI.lua	1	768	768	32	256	64	0	32	0	384	80	129	0	1	0		1	0	1	
1694498850	scripts/ai/StandardAI.lua	1	768	768	32	256	64	0	32	0	384	80	140	0	1	0		1	0	1	
1694498851	scripts/ai/StandardAI.lua	1	768	768	32	256	64	0	32	0	384	80	81	0	2	0		1	0	1	
1694498852	scripts/ai/StandardAI.lua	1	768	768	32	256	64	0	32	0	384	80	81	0	1	0		1	0	1	
1694498853	scripts/ai/StandardAI.lua	1	768	768	32	256	64	0	32	0	384	80	72	0	2	0		1	0	1	
1694498854	scripts/ai/StandardAI.lua	1	768	768	32	256	64	0	32	0	384	80	72	0	1	0		1	0	1	
1694498855	scripts/ai/StandardAI.lua	1	768	768	32	256	64	0	32	0	384	80	72	0	0	0		1	0	1	
1694498856	scripts/ai/StandardAI.lua	1	768	768	32	256	64	0	32	0	384	80	71	0	2	0		1	0	1	
1694498857	scripts/ai/StandardAI.lua	1	768	768	32	256	64	0	32	0	384	80	71	0	1	0		1	0	1	
1694498858	scripts/ai/StandardAI.lua	1	768	768	32	256	64	0	32	0	384	80	71	0	0	0		1	0	1	
1694498859	scripts/ai/StandardAI.lua	1	768	768	32	256	64	0	32	0	384	80	73	0	3	0		1	0	1	
1694498860	scripts/ai/StandardAI.lua	1	768	768	32	256	64	0	32	0	384	80	73	0	2	0		1	0	1	
1694498861	scripts/ai/StandardAI.lua	1	768	768	32	256	64	0	32	0	384	80	74	0	1	0		1	0	1	
1694498862	scripts/ai/StandardAI.lua	1	768	768	32	256	64	0	32	0	384	80	74	0	2	0		1	0	1	
1694498863	scripts/ai/StandardAI.lua	1	768	768	32	256	64	0	32	0	384	80	70	0	2	0		1	0	1	
1694498864	scripts/ai/StandardAI.lua	1	768	768	32	256	64	0	32	0	384	80	70	0	1	0		1	0	1	
1694498865	scripts/ai/StandardAI.lua	0	768	768	32	256	64	0	32	0	384	80	97	0	1	0		1	0	0	
1694498866	scripts/ai/StandardAI.lua	0	768	768	32	256	64	0	32	0	384	80	97	0	2	0		1	0	0	
1694498867	scripts/ai/StandardAI.lua	0	768	768	32	256	64	0	32	0	384	80	95	0	0	0		1	0	0	
1694498868	scripts/ai/StandardAI.lua	1	768	768	32	256	64	0	32	0	384	80	62	0	0	0		1	0	1	
1694498869	scripts/ai/StandardAI.lua	1	768	768	32	256	64	0	32	0	384	80	62	0	2	0		1	0	1	
1694498870	scripts/ai/StandardAI.lua	1	768	768	32	256	64	0	32	0	384	80	62	0	1	0		1	0	1	
1694498871	scripts/ai/StandardAI.lua	1	768	768	32	256	64	0	32	0	384	80	84	0	1	0		1	0	1	
1694498872	scripts/ai/StandardAI.lua	1	768	768	32	256	64	0	32	0	384	80	84	0	2	0		1	0	1	
1694498873	scripts/ai/StandardAI.lua	0	768	768	32	256	64	0	32	0	384	80	217	0	3	0		1	0	0	
1694498874	scripts/ai/StandardAI.lua	0	768	768	32	256	64	0	32	0	384	80	216	0	1	0		1	0	0	
1694498875	scripts/ai/StandardAI.lua	0	768	768	32	256	64	960	32	512	0	80	86	30	2	0		1	0	0	
1694498876	scripts/ai/StandardAI.lua	0	768	768	32	256	64	960	32	512	0	80	86	30	3	0		1	0	0	
1694498877	scripts/ai/StandardAI.lua	0	768	768	32	256	64	960	32	512	0	80	88	30	1	0		1	0	0	
1694498878	scripts/ai/StandardAI.lua	0	768	768	32	256	64	960	32	512	0	80	88	30	2	0		1	0	0	
1694498879	scripts/ai/StandardAI.lua	1	768	768	32	256	64	0	32	0	384	80	89	0	2	0		1	0	1	
1694498880	scripts/ai/StandardAI.lua	0	768	768	32	256	64	960	32	512	0	80	89	30	1	0		1	0	0	
1694498881	scripts/ai/StandardAI.lua	1	768	768	32	256	64	0	32	0	384	80	12	0	1	0		1	0	1	
1694498882	scripts/ai/StandardAI.lua	1	768	768	32	256	64	0	32	0	384	80	12	0	2	0		1	0	1	
1694498883	scripts/ai/StandardAI.lua	1	768	768	32	256	64	0	32	0	384	80	3	0	1	0		1	0	1	
1694498884	scripts/ai/StandardAI.lua	1	768	768	32	256	64	0	32	0	384	80	3	0	3	0		1	0	1	
1694498885	scripts/ai/StandardAI.lua	1	768	768	32	256	64	0	32	0	384	80	3	0	2	0		1	0	1	
1694498886	scripts/ai/StandardAI.lua	0	768	768	32	256	64	960	32	512	0	80	57	30	1	0		1	0	0	
1694498887	scripts/ai/StandardAI.lua	0	768	768	32	256	64	0	32	0	384	80	150	0	0	0		1	0	0	
1694498888	scripts/ai/StandardAI.lua	0	768	768	32	256	64	960	32	512	0	80	90	30	2	0		1	0	0	
1694498889	scripts/ai/StandardAI.lua	0	768	768	32	256	64	960	32	512	0	80	90	30	1	0		1	0	0	
1694498890	scripts/ai/StandardAI.lua	1	768	768	32	256	64	0	32	0	384	80	78	0	2	0		1	0	1	
1694498891	scripts/ai/StandardAI.lua	1	768	768	32	256	64	0	32	0	384	80	77	0	1	0		1	0	1	
1694498892	scripts/ai/StandardAI.lua	1	768	768	32	256	64	0	32	0	384	80	118	0	4	0		1	0	1	
1694498893	scripts/ai/StandardAI.lua	1	768	768	32	256	64	0	32	0	384	80	118	0	2	0		1	0	1	
1694498894	scripts/ai/StandardAI.lua	1	768	768	32	256	64	0	32	0	384	80	106	0	0	0		1	0	1	
1694498895	scripts/ai/StandardAI.lua	1	768	768	32	256	64	0	32	0	384	80	94	0	0	0		1	0	1	
1694498896	scripts/ai/StandardAI.lua	1	768	768	32	256	64	0	32	0	384	80	94	0	1	0		1	0	1	
1694498897	scripts/ai/StandardAI.lua	1	768	768	32	256	64	0	32	0	384	80	94	0	2	0		1	0	1	
1694498898	scripts/ai/StandardAI.lua	1	768	768	32	256	64	0	32	0	384	80	92	0	2	0		1	0	1	
1694498899	scripts/ai/StandardAI.lua	1	768	768	32	256	64	0	32	0	384	80	92	0	1	0		1	0	1	
1694498900	scripts/ai/StandardAI.lua	1	768	768	32	256	64	0	32	0	384	80	92	0	0	0		1	0	1	
1694498901	scripts/ai/StandardAI.lua	1	768	768	32	256	64	0	32	0	384	80	93	0	2	0		1	0	1	
1694498902	scripts/ai/StandardAI.lua	1	768	768	32	256	64	0	32	0	384	80	93	0	1	0		1	0	1	
1694498903	scripts/ai/StandardAI.lua	1	768	768	32	256	64	0	32	0	384	80	96	0	5	0		1	0	1	
1694498904	scripts/ai/StandardAI.lua	1	768	768	32	256	64	0	32	0	384	80	96	0	0	0		1	0	1	
1694498905	scripts/ai/StandardAI.lua	1	768	768	32	256	64	0	32	0	384	80	96	0	3	0		1	0	1	
1694498906	scripts/ai/StandardAI.lua	1	768	768	32	256	64	0	32	0	384	80	98	0	0	0		1	0	1	
1694498907	scripts/ai/StandardAI.lua	1	768	768	32	256	64	0	32	0	384	80	100	0	2	0		1	0	1	
1694498908	scripts/ai/StandardAI.lua	1	768	768	32	256	64	0	32	0	384	80	99	0	5	0		1	0	1	
1694498909	scripts/ai/StandardAI.lua	1	768	768	32	256	64	0	32	0	384	80	99	0	1	0		1	0	1	
1694498910	scripts/ai/StandardAI.lua	1	768	768	32	256	64	0	32	0	384	80	99	0	2	0		1	0	1	
1694498911	scripts/ai/StandardAI.lua	1	768	768	32	256	64	0	32	0	384	80	99	0	3	0		1	0	1	
1694498912	scripts/ai/StandardAI.lua	1	768	768	32	256	64	0	32	0	384	80	99	0	4	0		1	0	1	
1694498913	scripts/ai/StandardAI.lua	1	768	768	32	256	64	0	32	0	384	80	100	0	3	0		1	0	1	
1694498914	scripts/ai/StandardAI.lua	1	768	768	32	256	64	0	32	0	384	80	105	0	2	0		1	0	1	
1694498915	scripts/ai/StandardAI.lua	1	768	768	32	256	64	0	32	0	384	80	105	0	1	0		1	0	1	
1694498916	scripts/ai/StandardAI.lua	1	768	768	32	256	64	0	32	0	384	80	107	0	3	0		1	0	1	
1694498917	scripts/ai/StandardAI.lua	1	768	768	32	256	64	0	32	0	384	80	107	0	1	0		1	0	1	
1694498918	scripts/ai/StandardAI.lua	1	768	768	32	256	64	0	32	0	384	80	122	0	2	0		1	0	1	
1694498919	scripts/ai/StandardAI.lua	1	768	768	32	256	64	0	32	0	384	80	122	0	1	0		1	0	1	
1694498920	scripts/ai/StandardAI.lua	1	768	768	32	256	64	0	32	0	384	80	123	0	2	0		1	0	1	
1694498921	scripts/ai/StandardAI.lua	1	768	768	32	256	64	0	32	0	384	80	123	0	1	0		1	0	1	
1694498922	scripts/ai/StandardAI.lua	1	768	768	32	256	64	0	32	0	384	80	59	0	5	0		1	0	1	
1694498923	scripts/ai/StandardAI.lua	0	768	768	32	256	64	960	32	512	0	80	108	30	0	0		1	0	0	
1694498924	scripts/ai/StandardAI.lua	0	768	768	32	256	64	960	32	512	0	80	108	30	3	0		1	0	0	
1694498925	scripts/ai/StandardAI.lua	0	768	768	32	256	64	960	32	512	0	80	108	30	6	0		1	0	0	
1694498926	scripts/ai/StandardAI.lua	0	768	768	32	256	64	960	32	512	0	80	108	30	4	0		1	0	0	
1694498927	scripts/ai/StandardAI.lua	0	768	768	32	256	64	960	32	512	0	80	108	30	2	0		1	0	0	
1694498928	scripts/ai/StandardAI.lua	0	768	768	32	256	64	960	32	512	0	80	108	30	7	0		1	0	0	
1694498929	scripts/ai/StandardAI.lua	0	768	768	32	256	64	960	32	512	0	80	108	30	9	0		1	0	0	
1694498930	scripts/ai/StandardAI.lua	0	768	768	32	256	64	960	32	512	0	80	109	30	1	0		1	0	0	
1694498931	scripts/ai/StandardAI.lua	1	768	768	32	256	64	0	32	0	384	80	109	0	2	0		1	0	1	
1694498932	scripts/ai/StandardAI.lua	1	768	768	32	256	64	960	32	512	0	80	108	30	8	0		1	0	0	
1694498933	scripts/ai/StandardAI.lua	1	768	768	32	256	64	960	32	512	0	80	108	30	5	0		1	0	0	
1694498934	scripts/ai/StandardAI.lua	1	768	768	32	256	64	0	32	0	384	80	70	0	0	0		1	0	1	
1694498935	scripts/ai/StandardAI.lua	0	768	768	32	256	64	960	32	512	0	80	115	30	0	0		1	0	0	
1694498936	scripts/ai/StandardAI.lua	0	768	768	32	256	64	960	32	512	0	80	115	30	2	0		1	0	0	
1694498937	scripts/ai/StandardAI.lua	0	768	768	32	256	64	960	32	512	0	80	115	30	1	0		1	0	0	
1694498938	scripts/ai/StandardAI.lua	1	768	768	32	256	64	0	32	0	384	80	184	0	1	0		1	0	1	
1694498939	scripts\Map\无量山\ai\小羊羔.lua	0	768	768	32	256	64	0	32	0	384	80	146	0	1	0		1	0	0	
1694498940	scripts\Map\无量山\ai\小羊羔.lua	0	768	768	32	256	64	0	32	0	384	80	148	0	1	0		1	0	0	
1694498941	scripts\Map\无量山\ai\小羊羔.lua	0	768	768	32	256	64	0	32	0	384	80	144	0	1	0		1	0	0	
1694498942	scripts/ai/StandardAI.lua	1	768	768	32	256	64	0	32	0	384	80	116	0	6	0		1	0	1	
1694498943	scripts/ai/StandardAI.lua	1	768	768	32	256	64	0	32	0	384	80	116	0	5	0		1	0	1	
1694498944	scripts/ai/StandardAI.lua	1	768	768	32	256	64	0	32	0	384	80	116	0	3	0		1	0	1	
1694498945	scripts/ai/StandardAI.lua	1	768	768	32	256	64	0	32	0	384	80	116	0	4	0		1	0	1	
1694498946	scripts/ai/StandardAI.lua	1	768	768	32	256	64	0	32	0	384	80	116	0	2	0		1	0	1	
1694498947	scripts/ai/StandardAI.lua	1	768	768	32	256	64	0	32	0	384	80	116	0	1	0		1	0	1	
1694498948	scripts/ai/StandardAI.lua	0	768	768	32	256	64	0	32	0	384	80	116	0	9	0		1	0	0	
1694498949	scripts/ai/StandardAI.lua	1	768	768	32	256	64	0	32	0	384	80	117	0	7	0		1	0	1	
1694498950	scripts/ai/StandardAI.lua	1	768	768	32	256	64	0	32	0	384	80	117	0	8	0		1	0	1	
1694498951	scripts/ai/StandardAI.lua	1	768	768	32	256	64	0	32	0	384	80	117	0	2	0		1	0	1	
1694498952	scripts/ai/StandardAI.lua	1	768	768	32	256	64	0	32	0	384	80	117	0	6	0		1	0	1	
1694498953	scripts/ai/StandardAI.lua	1	768	768	32	256	64	0	32	0	384	80	117	0	4	0		1	0	1	
1694498954	scripts/ai/StandardAI.lua	1	768	768	32	256	64	0	32	0	384	80	117	0	3	0		1	0	1	
1694498955	scripts/ai/StandardAI.lua	1	768	768	32	256	64	0	32	0	384	80	117	0	1	0		1	0	1	
1694498956	scripts/ai/StandardAI.lua	1	768	768	32	256	64	0	32	0	384	80	141	0	0	0		1	0	1	
1694498957	scripts/ai/StandardAI.lua	1	768	768	32	256	64	0	32	0	384	80	142	0	0	0		1	0	1	
1694498958	scripts/ai/StandardAI.lua	1	768	768	32	256	64	0	32	0	384	80	142	0	2	0		1	0	1	
1694498959	scripts/ai/StandardAI.lua	1	768	768	32	256	64	0	32	0	384	80	118	0	3	0		1	0	1	
1694498960	scripts/ai/StandardAI.lua	1	768	768	32	256	64	0	32	0	384	80	118	0	1	0		1	0	1	
1694498961	scripts/ai/StandardAI.lua	0	768	768	32	256	64	0	32	0	384	80	119	0	1	0		1	0	0	
1694498962	scripts/ai/StandardAI.lua	0	768	768	32	256	64	0	32	0	384	80	119	0	2	0		1	0	0	
1694498963	scripts/ai/StandardAI.lua	1	768	768	32	256	64	0	32	0	384	80	120	0	2	0		1	0	1	
1694498964	scripts/ai/StandardAI.lua	1	768	768	32	256	64	0	32	0	384	80	120	0	1	0		1	0	1	
1694498965	scripts/ai/StandardAI.lua	0	768	768	32	256	64	0	32	0	384	80	121	0	4	0		1	0	0	
1694498966	scripts/ai/StandardAI.lua	0	768	768	32	256	64	0	32	0	384	80	121	0	2	0		1	0	0	
1694498967	scripts/ai/StandardAI.lua	1	768	768	32	256	64	0	32	0	384	80	163	0	1	0		1	0	1	
1694498968	scripts/ai/StandardAI.lua	1	768	768	32	256	64	0	32	0	384	80	163	0	2	0		1	0	1	
1694498969	scripts/ai/StandardAI.lua	1	768	768	32	256	64	0	32	0	384	80	163	0	3	0		1	0	1	
1694498970	scripts/ai/StandardAI.lua	1	768	768	32	256	64	0	32	0	384	80	28	0	2	0		1	0	1	
1694498971	scripts/ai/StandardAI.lua	1	768	768	32	256	64	0	32	0	384	80	28	0	0	0		1	0	1	
1694498972	scripts/ai/StandardAI.lua	1	768	768	32	256	64	0	32	0	384	80	28	0	4	0		1	0	1	
1694498973	scripts/ai/StandardAI.lua	1	768	768	32	256	64	0	32	0	384	80	28	0	1	0		1	0	1	
1694498974	scripts/ai/StandardAI.lua	1	768	768	32	256	64	0	32	0	384	80	28	0	3	0		1	0	1	
1694498975	scripts/ai/StandardAI.lua	0	768	768	32	256	64	960	32	512	0	80	131	30	1	0		1	0	0	
1694498976	scripts/ai/StandardAI.lua	0	768	768	32	256	64	960	32	512	0	80	31	30	1	0		1	0	0	
1694498977	scripts/ai/StandardAI.lua	0	768	768	32	256	64	960	32	512	0	80	34	30	1	0		1	0	0	
1694498978	scripts/ai/StandardAI.lua	0	768	768	32	256	64	960	32	512	0	80	33	30	1	0		1	0	0	
1694498979	scripts/ai/StandardAI.lua	0	768	768	32	256	64	960	32	512	0	80	32	30	1	0		1	0	0	
1694498980	scripts/ai/StandardAI.lua	0	768	768	32	256	64	0	32	0	384	80	125	0	0	0		1	0	0	
1694498981	scripts/ai/StandardAI.lua	0	768	768	32	256	64	0	32	0	384	80	125	0	4	0		1	0	0	
1694498982	scripts/ai/StandardAI.lua	0	768	768	32	256	64	0	32	0	384	80	125	0	2	0		1	0	0	
1694498983	scripts/ai/StandardAI.lua	0	768	768	32	256	64	0	32	0	384	80	125	0	1	0		1	0	0	
1694498984	scripts/ai/StandardAI.lua	0	768	768	32	256	64	0	32	0	384	80	125	0	3	0		1	0	0	
1694498985	scripts/ai/StandardAI.lua	0	768	768	32	256	64	0	32	0	384	80	126	0	1	0		1	0	0	
1694498986	scripts/ai/StandardAI.lua	0	768	768	32	256	64	0	32	0	384	80	126	0	3	0		1	0	0	
1694498987	scripts/ai/StandardAI.lua	0	768	768	32	256	64	0	32	0	384	80	126	0	0	0		1	0	0	
1694498988	scripts/ai/StandardAI.lua	0	768	768	32	256	64	0	32	0	384	80	127	0	0	0		0	0	0	
1694498989	scripts/ai/StandardAI.lua	1	768	768	32	256	64	0	32	0	384	80	35	0	2	0		1	0	1	
1694498990	scripts/ai/StandardAI.lua	1	768	768	32	256	64	0	32	0	384	80	35	0	1	0		1	0	1	
1694498991	scripts/ai/StandardAI.lua	1	768	768	32	256	64	0	32	0	384	80	36	0	1	0		1	0	1	
1694498992	scripts/ai/StandardAI.lua	1	768	768	32	256	64	0	32	0	384	80	36	0	2	0		1	0	1	
1694498993	scripts/ai/StandardAI.lua	0	768	768	32	256	64	960	32	512	0	80	107	30	2	0		1	0	0	
1694498994	scripts/ai/StandardAI.lua	0	768	768	32	256	64	960	32	512	0	80	60	30	1	0		1	0	0	
1694498995	scripts/ai/StandardAI.lua	0	768	768	32	256	64	0	32	0	384	80	59	0	2	0		1	0	0	
1694498996	scripts/ai/StandardAI.lua	0	768	768	32	256	64	0	32	0	384	80	59	0	1	0		1	0	0	
1694498997	scripts/ai/StandardAI.lua	0	768	768	32	256	64	0	32	0	384	80	59	0	4	0		1	0	0	
1694498998	scripts/ai/StandardAI.lua	0	768	768	32	256	64	0	32	0	384	80	59	0	3	0		1	0	0	
1694498999	scripts/ai/StandardAI.lua	1	768	768	32	256	64	0	32	0	384	80	86	0	1	0		1	0	1	
1694499000	scripts/ai/StandardAI.lua	0	768	768	32	256	64	960	32	768	576	80	56	30	1	0		1	0	0	
1694499001	scripts/ai/StandardAI.lua	1	768	768	32	256	64	0	32	0	384	80	202	0	1	0		1	0	1	
1694499002	scripts/ai/StandardAI.lua	1	768	768	32	256	64	0	32	0	384	80	203	0	1	0		1	0	1	
1694499003	scripts/ai/StandardAI.lua	1	768	768	32	256	64	0	32	0	384	80	132	0	0	0		1	0	1	
1694499004	scripts/ai/StandardAI.lua	0	768	768	32	256	64	0	32	0	384	80	140	0	0	0		1	0	0	
1694499005	scripts/ai/StandardAI.lua	1	768	768	32	256	64	0	32	0	384	80	137	0	0	0		1	0	1	
1694499006	scripts/ai/StandardAI.lua	1	768	768	32	256	64	0	32	0	384	80	137	0	2	0		1	0	1	
1694499007	scripts/ai/StandardAI.lua	0	768	768	32	256	64	0	32	0	384	80	138	0	0	0		1	0	0	
1694499008	scripts/ai/StandardAI.lua	0	768	768	32	256	64	0	32	0	384	80	139	0	0	0		1	0	0	
1694499009	scripts/ai/StandardAI.lua	1	768	768	32	256	64	0	32	0	384	80	0	0	2	0		1	0	1	
1694499010	scripts/ai/StandardAI.lua	1	768	768	32	256	64	0	32	0	384	80	149	0	2	0		1	0	1	
1694499011	scripts/ai/StandardAI.lua	1	768	768	32	256	64	0	32	0	384	80	149	0	4	0		1	0	1	
1694499012	scripts/ai/StandardAI.lua	1	768	768	32	256	64	0	32	0	384	80	149	0	5	0		1	0	1	
1694499013	scripts/ai/StandardAI.lua	1	768	768	32	256	64	0	32	0	384	80	149	0	3	0		1	0	1	
1694499014	scripts/ai/StandardAI.lua	1	768	768	32	256	64	0	32	0	384	80	152	0	1	0		1	0	1	
1694499015	scripts/ai/StandardAI.lua	1	768	768	32	256	64	0	32	0	384	80	136	0	0	0		1	0	1	
1694499016	scripts/ai/StandardAI.lua	1	768	768	32	256	64	0	32	0	384	80	152	0	0	0		1	0	1	
1694499017	scripts/ai/StandardAI.lua	1	768	768	32	256	64	0	32	0	384	80	135	0	0	0		1	0	1	
1694499018	scripts/ai/StandardAI.lua	0	768	768	32	256	64	0	32	0	384	80	153	0	0	0		1	0	0	
1694499019	scripts/ai/StandardAI.lua	1	768	768	32	256	64	0	32	0	384	80	133	0	0	0		1	0	1	
1694499020	scripts/ai/StandardAI.lua	0	768	768	32	256	64	0	32	0	384	80	154	0	0	0		1	0	0	
1694499021	scripts/ai/StandardAI.lua	0	768	768	32	256	64	0	32	0	384	80	154	0	1	0		1	0	0	
1694499022	scripts/ai/StandardAI.lua	1	768	768	32	256	64	0	32	0	384	80	103	0	1	0		1	0	1	
1694499023	scripts/ai/StandardAI.lua	1	768	768	32	256	64	0	32	0	384	80	103	0	2	0		1	0	1	
1694499024	scripts/ai/StandardAI.lua	1	768	768	32	256	64	0	32	0	384	80	103	0	0	0		1	0	1	
1694499025	scripts/ai/StandardAI.lua	1	768	768	32	256	64	0	32	0	384	80	98	0	2	0		1	0	1	
1694499026	scripts/ai/StandardAI.lua	1	768	768	32	256	64	0	32	0	384	80	155	0	0	0		1	0	1	
1694499027	scripts/ai/StandardAI.lua	1	768	768	32	256	64	0	32	0	384	80	155	0	2	0		1	0	1	
1694499028	scripts/ai/StandardAI.lua	1	768	768	32	256	64	0	32	0	384	80	173	0	2	0		1	0	1	
1694499029	scripts/ai/StandardAI.lua	1	768	768	32	256	64	0	32	0	384	80	173	0	1	0		1	0	1	
1694499030	scripts/ai/StandardAI.lua	1	768	768	32	256	64	0	32	0	384	80	156	0	0	0		1	0	1	
1694499031	scripts/ai/StandardAI.lua	1	768	768	32	256	64	0	32	0	384	80	156	0	1	0		1	0	1	
1694499032	scripts/ai/StandardAI.lua	1	768	768	32	256	64	0	32	0	384	80	157	0	0	0		1	0	1	
1694499033	scripts/ai/StandardAI.lua	0	768	768	32	256	64	0	32	0	384	80	159	0	0	0		1	0	0	
1694499034	scripts/ai/StandardAI.lua	1	768	768	32	256	64	0	32	0	384	80	43	0	0	0		1	0	1	
1694499035	scripts/ai/StandardAI.lua	0	768	768	32	256	64	0	32	0	384	80	160	0	1	0		1	0	0	
1694499036	scripts/ai/StandardAI.lua	0	768	768	32	256	64	960	32	512	0	80	161	30	0	0		1	0	0	
1694499037	scripts/ai/StandardAI.lua	0	768	768	32	256	64	960	32	512	0	80	161	30	8	0		1	0	0	
1694499038	scripts/ai/StandardAI.lua	0	768	768	32	256	64	960	32	512	0	80	161	30	2	0		1	0	0	
1694499039	scripts/ai/StandardAI.lua	0	768	768	32	256	64	960	32	512	0	80	161	30	5	0		1	0	0	
1694499040	scripts/ai/StandardAI.lua	0	768	768	32	256	64	0	32	0	384	80	102	0	1	0		1	0	0	
1694499041	scripts/ai/StandardAI.lua	0	768	768	32	256	64	0	32	0	384	80	102	0	3	0		1	0	0	
1694499042	scripts/ai/StandardAI.lua	0	768	768	32	256	64	0	32	0	384	80	102	0	2	0		1	0	0	
1694499043	scripts/ai/StandardAI.lua	1	768	768	32	256	64	0	32	0	384	80	162	0	2	0		1	0	1	
1694499044	scripts/ai/StandardAI.lua	1	768	768	32	256	64	0	32	0	384	80	162	0	1	0		1	0	1	
1694499045	scripts/ai/StandardAI.lua	0	768	768	32	256	64	0	32	0	384	80	160	0	8	0		1	0	0	
1694499046	scripts/ai/StandardAI.lua	0	768	768	32	256	64	0	32	0	384	80	160	0	6	0		1	0	0	
1694499047	scripts/ai/StandardAI.lua	0	768	768	32	256	64	0	32	0	384	80	160	0	3	0		1	0	0	
1694499048	scripts/ai/StandardAI.lua	1	768	768	32	256	64	0	32	0	384	80	151	0	1	0		1	0	1	
1694499049	scripts/ai/StandardAI.lua	1	768	768	32	256	64	0	32	0	384	80	151	0	2	0		1	0	1	
1694499050	scripts/ai/StandardAI.lua	0	768	768	32	256	64	0	32	0	384	80	73	0	1	0		1	0	0	
1694499051	scripts/ai/StandardAI.lua	0	768	768	32	256	64	0	32	0	384	80	117	0	9	0		1	0	0	
1694499052	scripts/ai/StandardAI.lua	1	768	768	32	256	64	0	32	0	384	80	168	0	1	0		1	0	1	
1694499053	scripts/ai/StandardAI.lua	1	768	768	32	256	64	0	32	0	384	80	169	0	1	0		1	0	1	
1694499054	scripts/ai/StandardAI.lua	1	768	768	32	256	64	0	32	0	384	80	170	0	1	0		1	0	1	
1694499055	scripts/ai/StandardAI.lua	1	768	768	32	256	64	0	32	0	384	80	171	0	1	0		1	0	1	
1694499056	scripts/ai/StandardAI.lua	1	768	768	32	256	64	0	32	0	384	80	172	0	1	0		1	0	1	
1694499057	scripts/ai/StandardAI.lua	1	768	768	32	256	64	0	32	0	384	80	174	0	2	0		1	0	1	
1694499058	scripts/ai/StandardAI.lua	1	768	768	32	256	64	960	32	512	0	80	61	30	2	0		1	0	0	
1694499059	scripts/ai/StandardAI.lua	1	768	768	32	256	64	960	32	512	0	80	61	30	1	0		1	0	0	
1694499060	scripts/ai/StandardAI.lua	1	768	768	32	256	64	0	32	0	384	80	0	0	4	0		1	0	1	
1694499061	scripts/ai/StandardAI.lua	0	768	768	32	256	64	0	32	0	384	80	175	0	2	0		1	0	0	
1694499062	scripts/ai/StandardAI.lua	0	768	768	32	256	64	0	32	0	384	80	175	0	1	0		1	0	0	
1694499063	scripts/ai/StandardAI.lua	1	768	768	32	256	64	0	32	0	384	80	176	0	1	0		1	0	1	
1694499064	scripts/ai/StandardAI.lua	1	768	768	32	256	64	0	32	0	384	80	176	0	2	0		1	0	1	
1694499065	scripts/ai/StandardAI.lua	1	768	768	32	256	64	0	32	0	384	80	176	0	3	0		1	0	1	
1694499066	scripts/ai/StandardAI.lua	1	768	768	32	256	64	0	32	0	384	80	177	0	1	0		1	0	1	
1694499067	scripts/ai/StandardAI.lua	1	768	768	32	256	64	0	32	0	384	80	177	0	2	0		1	0	1	
1694499068	scripts/ai/StandardAI.lua	1	768	768	32	256	64	0	32	0	384	80	177	0	3	0		1	0	1	
1694499069	scripts\Map\无量山\ai\跃马花山节中分马.lua	0	768	768	32	256	64	0	32	0	384	80	222	0	3	0		1	0	0	
1694499070	scripts\Map\无量山\ai\跃马花山节中分马.lua	0	768	768	32	256	64	0	32	0	384	80	223	0	3	0		1	0	0	
1694499071	scripts\Map\无量山\ai\跃马花山节中分马.lua	0	768	768	32	256	64	0	32	0	384	80	225	0	1	0		1	0	0	
1694499072	scripts\Map\无量山\ai\跃马花山节低分马.lua	0	768	768	32	256	64	0	32	512	384	80	223	0	1	0		1	0	0	
1694499073	scripts/ai/StandardAI.lua	1	768	768	32	256	64	0	32	0	384	80	178	0	1	0		1	0	1	
1694499074	scripts/ai/StandardAI.lua	1	768	768	32	256	64	0	32	0	384	80	179	0	1	0		1	0	1	
1694499075	scripts/ai/StandardAI.lua	1	768	768	32	256	64	0	32	0	384	80	180	0	1	0		1	0	1	
1694499076	scripts/ai/StandardAI.lua	1	768	768	32	256	64	0	32	0	384	80	181	0	1	0		1	0	1	
1694499077	scripts/ai/StandardAI.lua	1	768	768	32	256	64	0	32	0	384	80	182	0	1	0		1	0	1	
1694499078	scripts/ai/StandardAI.lua	1	768	768	32	256	64	0	32	0	384	80	183	0	1	0		1	0	1	
1694499079	scripts/ai/StandardAI.lua	1	768	768	32	256	64	0	32	0	384	80	185	0	1	0		1	0	1	
1694499080	scripts/ai/StandardAI.lua	1	768	768	32	256	64	0	32	0	384	80	186	0	1	0		1	0	1	
1694499081	scripts/ai/StandardAI.lua	1	768	768	32	256	64	0	32	0	384	80	187	0	1	0		1	0	1	
1694499082	scripts/ai/StandardAI.lua	1	768	768	32	256	64	0	32	0	384	80	188	0	1	0		1	0	1	
1694499083	scripts/ai/StandardAI.lua	1	768	768	32	256	64	0	32	0	384	80	189	0	1	0		1	0	1	
1694499084	scripts/ai/StandardAI.lua	0	768	768	32	256	64	0	32	0	384	80	190	0	1	0		1	0	0	
1694499085	scripts/ai/StandardAI.lua	0	768	768	32	256	64	0	32	0	384	80	191	0	3	0		1	0	0	
1694499086	scripts/ai/StandardAI.lua	0	768	768	32	256	64	0	32	0	384	80	192	0	1	0		1	0	0	
1694499087	scripts/ai/StandardAI.lua	0	768	768	32	256	64	0	32	1600	584	80	0	0	0	0		1	0	0	
1694499088	scripts/ai/StandardAI.lua	0	768	768	32	256	64	0	32	0	384	80	193	0	1	0		1	0	0	
1694499089	scripts/ai/StandardAI.lua	0	768	768	32	256	64	0	32	0	384	80	194	0	1	0		1	0	0	
1694499090	scripts/ai/StandardAI.lua	1	768	768	32	256	64	0	32	0	384	80	195	0	1	0		1	0	1	
1694499091	scripts/ai/StandardAI.lua	1	768	768	32	256	64	0	32	0	384	80	196	0	1	0		1	0	1	
1694499092	scripts/ai/StandardAI.lua	1	768	768	32	256	64	0	32	0	384	80	197	0	1	0		1	0	1	
1694499093	scripts/ai/StandardAI.lua	1	768	768	32	256	64	0	32	0	384	80	198	0	1	0		1	0	1	
1694499094	scripts/ai/StandardAI.lua	1	768	768	32	256	64	0	32	0	384	80	199	0	1	0		1	0	1	
1694499095	scripts/ai/StandardAI.lua	1	768	768	32	256	64	0	32	0	384	80	200	0	1	0		1	0	1	
1694499096	scripts/ai/StandardAI.lua	1	768	768	32	256	64	0	32	0	384	80	201	0	1	0		1	0	1	
1694499097	scripts/ai/StandardAI.lua	1	768	768	32	256	64	0	32	0	384	80	204	0	1	0		1	0	1	
1694499098	scripts/ai/StandardAI.lua	1	768	768	32	256	64	0	32	0	384	80	205	0	1	0		1	0	1	
1694499099	scripts/ai/StandardAI.lua	1	768	768	32	256	64	0	32	0	384	80	207	0	1	0		1	0	1	
1694499100	scripts/ai/StandardAI.lua	1	768	768	32	256	64	0	32	0	384	80	206	0	1	0		1	0	1	
1694499101	scripts/ai/StandardAI.lua	1	768	768	32	256	64	0	32	0	384	80	208	0	1	0		1	0	1	
1694499102	scripts/ai/StandardAI.lua	1	768	768	32	256	64	0	32	0	384	80	209	0	1	0		1	0	1	
1694499103	scripts/ai/StandardAI.lua	1	768	768	32	256	64	0	32	0	384	80	210	0	1	0		1	0	1	
1694499104	scripts/ai/StandardAI.lua	1	768	768	32	256	64	0	32	0	384	80	211	0	1	0		1	0	1	
1694499105	scripts/ai/StandardAI.lua	1	768	768	32	256	64	0	32	0	384	80	212	0	1	0		1	0	1	
1694499106	scripts/ai/StandardAI.lua	1	768	768	32	256	64	0	32	0	384	80	213	0	1	0		1	0	1	
1694499107	scripts/ai/StandardAI.lua	1	768	768	32	256	64	0	32	0	384	80	214	0	1	0		1	0	1	
1694499108	scripts/ai/StandardAI.lua	1	768	768	32	256	64	0	32	0	384	80	215	0	1	0		1	0	1	
1694499109	scripts/ai/StandardAI.lua	0	768	0	32	256	64	0	32	0	384	80	2	0	2	0		1	0	0	
1694499110	scripts/ai/StandardAI.lua	0	768	0	32	256	64	0	32	0	384	80	2	0	1	0		1	0	0	
1694499111	scripts/ai/StandardAI.lua	0	768	768	32	256	64	0	32	0	384	80	217	0	2	0		1	0	0	
1694499112	scripts/ai/StandardAI.lua	0	768	768	32	256	64	0	32	0	384	80	217	0	1	0		1	0	0	
1694499113	scripts/ai/StandardAI.lua	0	768	768	32	256	64	0	32	0	384	80	218	0	3	0		1	0	0	
1694499114	scripts/ai/StandardAI.lua	0	768	768	32	256	64	0	32	0	384	80	218	0	1	0		1	0	0	
1694499115	scripts/ai/StandardAI.lua	0	768	768	32	256	64	0	32	0	384	80	218	0	2	0		1	0	0	
1694499116	scripts/ai/StandardAI.lua	0	768	768	32	256	64	0	32	0	384	80	219	0	1	0		1	0	0	
1694499117	scripts/ai/StandardAI.lua	0	768	768	32	256	64	0	32	0	384	80	220	0	1	0		1	0	0	
1694499118	scripts\Map\无量山\ai\跃马花山节低分马.lua	0	768	768	32	256	64	0	32	512	384	80	221	0	1	0		1	0	0	
1694499119	scripts\Map\无量山\ai\跃马花山节低分马.lua	0	768	768	32	256	64	0	32	512	384	80	221	0	3	0		1	0	0	
1694499120	scripts\Map\无量山\ai\跃马花山节低分马.lua	0	768	768	32	256	64	0	32	512	384	80	221	0	2	0		1	0	0	
1694499121	scripts\Map\无量山\ai\跃马花山节中分马.lua	0	768	768	32	256	64	0	32	0	384	80	222	0	1	0		1	0	0	
1694499122	scripts\Map\无量山\ai\跃马花山节中分马.lua	0	768	768	32	256	64	0	32	0	384	80	222	0	2	0		1	0	0	
1694499123	scripts\Map\无量山\ai\跃马花山节中分马.lua	0	768	768	32	256	64	0	32	0	384	80	223	0	2	0		1	0	0	
1694499124	scripts\Map\无量山\ai\跃马花山节高分马.lua	0	768	768	32	256	64	0	32	0	384	80	224	0	7	0		1	0	0	
1694499125	scripts\Map\无量山\ai\跃马花山节高分马.lua	0	768	768	32	256	64	0	32	0	384	80	224	0	5	0		1	0	0	
1694499126	scripts\Map\无量山\ai\跃马花山节高分马.lua	0	768	768	32	256	64	0	32	0	384	80	224	0	3	0		1	0	0	
1694499127	scripts\Map\无量山\ai\跃马花山节高分马.lua	0	768	768	32	256	64	0	32	0	384	80	224	0	1	0		1	0	0	
1694499128	scripts\Map\无量山\ai\跃马花山节中分马.lua	0	768	768	32	256	64	0	32	0	384	80	225	0	2	0		1	0	0	
1694499129	scripts\Map\无量山\ai\跃马花山节中分马.lua	0	768	768	32	256	64	0	32	0	384	80	225	0	3	0		1	0	0	
1694499130	scripts\Map\无量山\ai\跃马花山节低分马.lua	0	768	768	32	256	64	0	32	512	384	80	226	0	2	0		1	0	0	
1694499131	scripts\Map\无量山\ai\跃马花山节低分马.lua	0	768	768	32	256	64	0	32	512	384	80	226	0	3	0		1	0	0	
1694499132	scripts\Map\无量山\ai\跃马花山节低分马.lua	0	768	768	32	256	64	0	32	512	384	80	226	0	1	0		1	0	0	
1694499133	scripts/ai/StandardAI.lua	1	768	768	32	256	64	0	32	0	384	80	236	0	1	0		1	0	1	
1694499134	scripts/ai/StandardAI.lua	1	768	768	32	256	64	0	32	0	384	80	227	0	1	0		1	0	1	
1694499135	scripts/ai/StandardAI.lua	1	768	768	32	256	64	0	32	0	384	80	227	0	3	0		1	0	1	
1694499136	scripts/ai/StandardAI.lua	1	768	768	32	256	64	0	32	0	384	80	227	0	2	0		1	0	1	
1694499137	scripts/ai/StandardAI.lua	1	768	768	32	256	64	0	32	0	384	80	228	0	1	0		1	0	1	
1694499138	scripts/ai/StandardAI.lua	1	768	768	32	256	64	0	32	0	384	80	228	0	3	0		1	0	1	
1694499139	scripts/ai/StandardAI.lua	1	768	768	32	256	64	0	32	0	384	80	228	0	2	0		1	0	1	
1694499140	scripts/ai/StandardAI.lua	1	768	768	32	256	64	0	32	0	384	80	229	0	1	0		1	0	1	
1694499141	scripts/ai/StandardAI.lua	1	768	768	32	256	64	0	32	0	384	80	230	0	1	0		1	0	1	
1694499142	scripts/ai/StandardAI.lua	1	768	768	32	256	64	0	32	0	384	80	231	0	1	0		1	0	1	
1694499143	scripts/ai/StandardAI.lua	1	768	768	32	256	64	0	32	0	384	80	231	0	2	0		1	0	1	
1694499144	scripts/ai/StandardAI.lua	1	768	768	32	256	64	0	32	0	384	80	232	0	1	0		1	0	1	
1694499145	scripts/ai/StandardAI.lua	1	768	768	32	256	64	0	32	0	384	80	233	0	1	0		1	0	1	
1694499146	scripts/ai/StandardAI.lua	1	768	768	32	256	64	0	32	0	384	80	234	0	1	0		1	0	1	
1694499147	scripts/ai/StandardAI.lua	1	768	768	32	256	64	0	32	0	384	80	234	0	2	0		1	0	1	
1694499148	scripts/ai/StandardAI.lua	1	768	768	32	256	64	0	32	0	384	80	235	0	1	0		1	0	1	
1694499149	scripts/ai/StandardAI.lua	1	768	768	32	256	64	0	32	0	384	80	235	0	2	0		1	0	1	
1694499150	scripts/ai/StandardAI.lua	1	768	768	32	256	64	0	32	0	384	80	237	0	1	0		1	0	1	
1694499151	scripts/ai/StandardAI.lua	1	768	768	32	256	64	0	32	0	384	80	238	0	2	0		1	0	1	
1694499152	scripts/ai/StandardAI.lua	1	768	768	32	256	64	0	32	0	384	80	238	0	1	0		1	0	1	
1694499153	scripts/ai/StandardAI.lua	1	768	768	32	256	64	0	32	0	384	80	239	0	1	0		1	0	1	
1694499154	scripts/ai/StandardAI.lua	1	768	768	32	256	64	0	32	0	384	80	239	0	2	0		1	0	1	
1694499155	scripts/ai/StandardAI.lua	1	768	768	32	256	64	0	32	0	384	80	240	0	1	0		1	0	1	
1694499156	scripts/ai/StandardAI.lua	1	768	768	32	256	64	0	32	0	384	80	240	0	2	0		1	0	1	
1694499157	scripts/ai/StandardAI.lua	1	768	768	32	256	64	0	32	0	384	80	241	0	1	0		1	0	1	
1694499158	scripts/ai/StandardAI.lua	1	768	768	32	256	64	0	32	0	384	80	242	0	1	0		1	0	1	
1694499159	scripts/ai/StandardAI.lua	1	768	768	32	256	64	0	32	0	384	80	242	0	2	0		1	0	1	
1694499160	scripts/ai/StandardAI.lua	1	768	768	32	256	64	0	32	0	384	80	242	0	3	0		1	0	1	
1694499161	scripts/ai/StandardAI.lua	1	768	768	32	256	64	0	32	0	384	80	243	0	1	0		1	0	1	
1694499162	scripts/ai/StandardAI.lua	1	768	768	32	256	64	0	32	0	384	80	244	0	1	0		1	0	1	
1694499163	scripts/ai/StandardAI.lua	1	768	768	32	256	64	0	32	0	384	80	244	0	2	0		1	0	1	
1694499164	scripts/ai/StandardAI.lua	1	768	768	32	256	64	0	32	0	384	80	245	0	1	0		1	0	1	
1694499165	scripts/ai/StandardAI.lua	1	768	768	32	256	64	0	32	0	384	80	245	0	2	0		1	0	1	
1694499166	scripts/ai/StandardAI.lua	1	768	768	32	256	64	0	32	0	384	80	246	0	1	0		1	0	1	
1694499167	scripts/ai/StandardAI.lua	1	768	768	32	256	64	0	32	0	384	80	247	0	1	0		1	0	1	
1694499168	scripts/ai/StandardAI.lua	1	768	768	32	256	64	0	32	0	384	80	247	0	2	0		1	0	1	
1694499169	scripts/ai/StandardAI.lua	1	768	768	32	256	64	0	32	0	384	80	247	0	3	0		1	0	1	
1694499170	scripts/ai/StandardAI.lua	1	768	768	32	256	64	0	32	0	384	80	248	0	2	0		1	0	1	
1694499171	scripts/ai/StandardAI.lua	1	768	768	32	256	64	0	32	0	384	80	248	0	1	0		1	0	1	
1694499172	scripts/ai/StandardAI.lua	1	768	768	32	256	64	0	32	0	384	80	249	0	1	0		1	0	1	
1694499173	scripts/ai/StandardAI.lua	1	768	768	32	256	64	0	32	0	384	80	249	0	2	0		1	0	1	
1694499174	scripts/ai/StandardAI.lua	1	768	768	32	256	64	0	32	0	384	80	250	0	2	0		1	0	1	
1694499175	scripts/ai/StandardAI.lua	1	768	768	32	256	64	0	32	0	384	80	250	0	1	0		1	0	1	
1694499176	scripts/ai/StandardAI.lua	1	768	768	32	256	64	0	32	0	384	80	251	0	1	0		1	0	1	
1694499177	scripts/ai/StandardAI.lua	1	768	768	32	256	64	0	32	0	384	80	251	0	2	0		1	0	1	
1694499178	scripts/ai/StandardAI.lua	1	768	768	32	256	64	0	32	0	384	80	252	0	1	0		1	0	1	
1694499179	scripts/ai/StandardAI.lua	1	768	768	32	256	64	0	32	0	384	80	252	0	3	0		1	0	1	
1694499180	scripts/ai/StandardAI.lua	1	768	768	32	256	64	0	32	0	384	80	252	0	2	0		1	0	1	
1694499181	scripts/ai/StandardAI.lua	1	768	768	32	256	64	0	32	0	384	80	253	0	2	0		1	0	1	
1694499182	scripts/ai/StandardAI.lua	1	768	768	32	256	64	0	32	0	384	80	253	0	1	0		1	0	1	
1694499183	scripts/ai/StandardAI.lua	1	768	768	32	256	64	0	32	0	384	80	254	0	1	0		1	0	1	
1694499184	scripts/ai/StandardAI.lua	1	768	768	32	256	64	0	32	0	384	80	254	0	2	0		1	0	1	
1694499185	scripts/ai/StandardAI.lua	1	768	768	32	256	64	0	32	0	384	80	255	0	1	0		1	0	1	
1694499186	scripts/ai/StandardAI.lua	1	768	768	32	256	64	0	32	0	384	80	255	0	2	0		1	0	1	
1694499187	scripts/ai/StandardAI.lua	1	768	768	32	256	64	0	32	0	384	80	256	0	1	0		1	0	1	
1694499188	scripts/ai/StandardAI.lua	1	768	768	32	256	64	0	32	0	384	80	256	0	2	0		1	0	1	
1694499189	scripts/ai/StandardAI.lua	1	768	768	32	256	64	0	32	0	384	80	257	0	1	0		1	0	1	
1694499190	scripts/ai/StandardAI.lua	1	768	768	32	256	64	0	32	0	384	80	258	0	1	0		1	0	1	
1694499191	scripts/ai/StandardAI.lua	1	768	768	32	256	64	0	32	0	384	80	258	0	3	0		1	0	1	
1694499192	scripts/ai/StandardAI.lua	1	768	768	32	256	64	0	32	0	384	80	258	0	2	0		1	0	1	
1694499193	scripts/ai/StandardAI.lua	1	768	768	32	256	64	0	32	0	384	80	259	0	1	0		1	0	1	
1694499194	scripts/ai/StandardAI.lua	1	768	768	32	256	64	0	32	0	384	80	259	0	2	0		1	0	1	
1694499195	scripts/ai/StandardAI.lua	1	768	768	32	256	64	0	32	0	384	80	260	0	2	0		1	0	1	
1694499196	scripts/ai/StandardAI.lua	1	768	768	32	256	64	0	32	0	384	80	260	0	1	0		1	0	1	
1694499197	scripts/ai/StandardAI.lua	1	768	768	32	256	64	0	32	0	384	80	266	0	2	0		1	0	1	
1694499198	scripts/ai/StandardAI.lua	1	768	768	32	256	64	0	32	0	384	80	266	0	1	0		1	0	1	
1694499199	scripts/ai/StandardAI.lua	1	768	768	32	256	64	0	32	0	384	80	269	0	1	0		1	0	1	
1694499200	scripts/ai/StandardAI.lua	1	768	768	32	256	64	0	32	0	384	80	269	0	2	0		1	0	1	
1694499201	scripts/ai/StandardAI.lua	1	768	768	32	256	64	0	32	0	384	80	269	0	3	0		1	0	1	
1694499202	scripts/ai/StandardAI.lua	1	768	768	32	256	64	0	32	0	384	80	270	0	1	0		1	0	1	
1694499203	scripts/ai/StandardAI.lua	1	768	768	32	256	64	0	32	0	384	80	281	0	1	0		1	0	1	
1694499204	scripts/ai/StandardAI.lua	1	768	768	32	256	64	0	32	0	384	80	294	0	1	0		1	0	1	
1694499205	scripts/ai/StandardAI.lua	1	768	768	32	256	64	0	32	0	384	80	294	0	2	0		1	0	1	
1694499206	scripts/ai/StandardAI.lua	1	768	768	32	256	64	0	32	0	384	80	289	0	1	0		1	0	1	
1694499207	scripts/ai/StandardAI.lua	1	768	768	32	256	64	0	32	0	384	80	289	0	2	0		1	0	1	
1694499208	scripts/ai/StandardAI.lua	1	768	768	32	256	64	0	32	0	384	80	289	0	3	0		1	0	1	
1694499209	scripts/ai/StandardAI.lua	1	768	768	32	256	64	0	32	0	384	80	290	0	2	0		1	0	1	
1694499210	scripts/ai/StandardAI.lua	1	768	768	32	256	64	0	32	0	384	80	290	0	1	0		1	0	1	
1694499211	scripts/ai/StandardAI.lua	1	768	768	32	256	64	0	32	0	384	80	295	0	1	0		1	0	1	
1694499212	scripts/ai/StandardAI.lua	1	768	768	32	256	64	0	32	0	384	80	295	0	3	0		1	0	1	
1694499213	scripts/ai/StandardAI.lua	1	768	768	32	256	64	0	32	0	384	80	295	0	2	0		1	0	1	
1694499214	scripts/ai/StandardAI.lua	1	768	768	32	256	64	0	32	0	384	80	280	0	1	0		1	0	1	
1694499215	scripts/ai/StandardAI.lua	1	768	768	32	256	64	0	32	0	384	80	280	0	3	0		1	0	1	
1694499216	scripts/ai/StandardAI.lua	1	768	768	32	256	64	0	32	0	384	80	280	0	2	0		1	0	1	
1694499217	scripts/ai/StandardAI.lua	1	768	768	32	256	64	0	32	0	384	80	279	0	1	0		1	0	1	
1694499218	scripts/ai/StandardAI.lua	1	768	768	32	256	64	0	32	0	384	80	279	0	2	0		1	0	1	
1694499219	scripts/ai/StandardAI.lua	1	768	768	32	256	64	0	32	0	384	80	279	0	3	0		1	0	1	
1694499220	scripts/ai/StandardAI.lua	1	768	768	32	256	64	0	32	0	384	80	261	0	1	0		1	0	1	
1694499221	scripts/ai/StandardAI.lua	1	768	768	32	256	64	0	32	0	384	80	261	0	2	0		1	0	1	
1694499222	scripts/ai/StandardAI.lua	1	768	768	32	256	64	0	32	0	384	80	261	0	3	0		1	0	1	
1694499223	scripts/ai/StandardAI.lua	1	768	768	32	256	64	0	32	0	384	80	263	0	1	0		1	0	1	
1694499224	scripts/ai/StandardAI.lua	1	768	768	32	256	64	0	32	0	384	80	263	0	2	0		1	0	1	
1694499225	scripts/ai/StandardAI.lua	1	768	768	32	256	64	0	32	0	384	80	264	0	1	0		1	0	1	
1694499226	scripts/ai/StandardAI.lua	1	768	768	32	256	64	0	32	0	384	80	265	0	1	0		1	0	1	
1694499227	scripts/ai/StandardAI.lua	1	768	768	32	256	64	0	32	0	384	80	265	0	2	0		1	0	1	
1694499228	scripts/ai/StandardAI.lua	1	768	768	32	256	64	0	32	0	384	80	267	0	1	0		1	0	1	
1694499229	scripts/ai/StandardAI.lua	1	768	768	32	256	64	0	32	0	384	80	268	0	1	0		1	0	1	
1694499230	scripts/ai/StandardAI.lua	1	768	768	32	256	64	0	32	0	384	80	271	0	1	0		1	0	1	
1694499231	scripts/ai/StandardAI.lua	1	768	768	32	256	64	0	32	0	384	80	272	0	1	0		1	0	1	
1694499232	scripts/ai/StandardAI.lua	1	768	768	32	256	64	0	32	0	384	80	272	0	2	0		1	0	1	
1694499233	scripts/ai/StandardAI.lua	1	768	768	32	256	64	0	32	0	384	80	273	0	1	0		1	0	1	
1694499234	scripts/ai/StandardAI.lua	1	768	768	32	256	64	0	32	0	384	80	273	0	2	0		1	0	1	
1694499235	scripts/ai/StandardAI.lua	1	768	768	32	256	64	0	32	0	384	80	274	0	1	0		1	0	1	
1694499236	scripts/ai/StandardAI.lua	1	768	768	32	256	64	0	32	0	384	80	274	0	3	0		1	0	1	
1694499237	scripts/ai/StandardAI.lua	1	768	768	32	256	64	0	32	0	384	80	274	0	2	0		1	0	1	
1694499238	scripts/ai/StandardAI.lua	1	768	768	32	256	64	0	32	0	384	80	275	0	1	0		1	0	1	
1694499239	scripts/ai/StandardAI.lua	1	768	768	32	256	64	0	32	0	384	80	275	0	3	0		1	0	1	
1694499240	scripts/ai/StandardAI.lua	1	768	768	32	256	64	0	32	0	384	80	275	0	2	0		1	0	1	
1694499241	scripts/ai/StandardAI.lua	1	768	768	32	256	64	0	32	0	384	80	276	0	1	0		1	0	1	
1694499242	scripts/ai/StandardAI.lua	1	768	768	32	256	64	0	32	0	384	80	277	0	1	0		1	0	1	
1694499243	scripts/ai/StandardAI.lua	1	768	768	32	256	64	0	32	0	384	80	278	0	1	0		1	0	1	
1694499244	scripts/ai/StandardAI.lua	1	768	768	32	256	64	0	32	0	384	80	278	0	2	0		1	0	1	
1694499245	scripts/ai/StandardAI.lua	1	768	768	32	256	64	0	32	0	384	80	278	0	3	0		1	0	1	
1694499246	scripts/ai/StandardAI.lua	1	768	768	32	256	64	0	32	0	384	80	282	0	1	0		1	0	1	
1694499247	scripts/ai/StandardAI.lua	1	768	768	32	256	64	0	32	0	384	80	283	0	1	0		1	0	1	
1694499248	scripts/ai/StandardAI.lua	1	768	768	32	256	64	0	32	0	384	80	283	0	2	0		1	0	1	
1694499249	scripts/ai/StandardAI.lua	1	768	768	32	256	64	0	32	0	384	80	284	0	1	0		1	0	1	
1694499250	scripts/ai/StandardAI.lua	1	768	768	32	256	64	0	32	0	384	80	285	0	1	0		1	0	1	
1694499251	scripts/ai/StandardAI.lua	1	768	768	32	256	64	0	32	0	384	80	285	0	2	0		1	0	1	
1694499252	scripts/ai/StandardAI.lua	1	768	768	32	256	64	0	32	0	384	80	286	0	1	0		1	0	1	
1694499253	scripts/ai/StandardAI.lua	1	768	768	32	256	64	0	32	0	384	80	287	0	1	0		1	0	1	
1694499254	scripts/ai/StandardAI.lua	1	768	768	32	256	64	0	32	0	384	80	288	0	1	0		1	0	1	
1694499255	scripts/ai/StandardAI.lua	1	768	768	32	256	64	0	32	0	384	80	288	0	2	0		1	0	1	
1694499256	scripts/ai/StandardAI.lua	1	768	768	32	256	64	0	32	0	384	80	291	0	1	0		1	0	1	
1694499257	scripts/ai/StandardAI.lua	1	768	768	32	256	64	0	32	0	384	80	291	0	3	0		1	0	1	
1694499258	scripts/ai/StandardAI.lua	1	768	768	32	256	64	0	32	0	384	80	292	0	1	0		1	0	1	
1694499259	scripts/ai/StandardAI.lua	1	768	768	32	256	64	0	32	0	384	80	293	0	1	0		1	0	1	
1694499260	scripts/ai/StandardAI.lua	1	768	768	32	256	64	0	32	0	384	80	293	0	2	0		1	0	1	
