AIType	ScriptFile	IsPositive	AlertRange	SearchPlayerDistance	AlertOverTime	AttackRange	EscapeTime	EscapeRange	EscapeInterval	WanderRange	WanderDistance	WanderInterval	PatrolPathID	EscapeLife	PatrolOrderIndex	ReviveTeammate	CustomArguments	IsAutoTurn	NpcSceneType	IsSnarlInFight	DialogIdleTime
100663297	scripts/ai/StandardAI.lua	0	768	768	32	256	80	0	32	0	384	80	0	0	1	0		0	0	0	
100663298	scripts/ai/StandardAI.lua	0	768	768	32	0	64	0	32	0	256	80	0	0	1	0		1	0	0	
100663299	scripts/ai/StandardAI.lua	0	768	768	32	0	64	0	32	0	256	80	263	0	1	0		1	0	0	
100663300	scripts/ai/StandardAI.lua	0	768	768	32	0	64	0	32	0	256	80	225	0	1	0		1	0	0	
100663301	scripts/ai/StandardAI.lua	0	768	768	32	0	64	0	32	256	256	80	0	0	1	0		1	0	0	
100663302	scripts/ai/StandardAI.lua	0	768	768	32	256	0	0	0	256	256	80	0	0	1	0		1	0	0	
100663303	scripts/ai/StandardAI.lua	1	768	768	32	256	64	960	32	0	256	80	0	0	1	0		1	0	1	
100663304	scripts/ai/StandardAI.lua	0	768	768	32	256	0	0	0	0	256	80	0	0	1	0		1	0	0	
100663305	scripts/ai/StandardAI.lua	1	768	768	32	256	64	960	32	256	256	80	0	0	1	0		1	0	1	
100663306	scripts/ai/StandardAI.lua	1	768	768	32	256	0	0	0	0	256	80	111	0	1	0		1	0	1	
100663307	scripts/ai/StandardAI.lua	1	768	768	32	256	0	0	0	0	256	80	0	0	1	0		1	0	1	
100663308	scripts/ai/StandardAI.lua	1	768	768	32	256	0	0	0	0	256	80	109	0	1	0		1	0	1	
100663309	scripts/ai/StandardAI.lua	1	768	768	32	256	0	0	0	0	256	80	110	0	1	0		1	0	1	
100663310	scripts/ai/StandardAI.lua	1	768	768	32	256	0	0	0	256	256	80	0	0	1	0		1	0	1	
100663311	scripts/ai/StandardAI.lua	1	768	768	32	256	0	0	0	0	256	80	200	0	1	0		1	0	1	
100663312	scripts/ai/StandardAI.lua	1	768	768	32	256	0	0	0	0	256	80	123	0	1	0		1	0	1	
100663313	scripts/ai/StandardAI.lua	1	768	768	32	256	0	0	0	0	256	80	122	0	1	0		1	0	1	
100663314	scripts/ai/StandardAI.lua	1	768	768	32	256	64	960	32	0	0	80	0	0	1	0		1	0	1	
100663315	scripts/ai/StandardAI.lua	1	768	768	32	256	0	0	0	0	256	80	103	0	1	0		1	0	1	
100663316	scripts/ai/StandardAI.lua	1	768	768	32	256	0	0	0	0	256	80	195	0	1	0		1	0	1	
100663317	scripts/ai/StandardAI.lua	1	768	768	32	256	0	0	0	0	256	80	194	0	1	0		1	0	1	
100663318	scripts/ai/StandardAI.lua	1	768	768	32	256	0	0	0	0	256	80	196	0	1	0		1	0	1	
100663319	scripts/ai/StandardAI.lua	0	768	768	32	0	64	0	32	0	256	80	224	0	1	0		1	0	0	
100663320	scripts/ai/StandardAI.lua	0	768	768	32	0	64	0	32	0	256	80	227	0	1	0		1	0	0	
100663321	scripts/ai/StandardAI.lua	1	768	768	32	256	0	0	0	0	0	80	0	0	1	0		1	0	1	
100663322	scripts/ai/StandardAI.lua	1	768	768	32	256	64	960	32	0	256	80	179	0	1	0		1	0	1	
100663323	scripts/ai/StandardAI.lua	1	768	768	32	256	64	960	32	0	256	80	178	0	1	0		1	0	1	
100663324	scripts/ai/StandardAI.lua	1	768	768	32	256	64	960	32	0	256	80	180	0	1	0		1	0	1	
100663325	scripts/ai/StandardAI.lua	1	768	768	32	256	0	0	0	0	256	80	138	0	1	0		1	0	1	
100663326	scripts/ai/StandardAI.lua	1	768	768	32	256	0	0	0	0	256	80	137	0	1	0		1	0	1	
100663327	scripts/ai/StandardAI.lua	1	768	768	32	256	0	0	0	0	256	80	136	0	1	0		1	0	1	
100663328	scripts/ai/StandardAI.lua	1	768	768	32	256	0	0	0	0	256	80	166	0	1	0		1	0	1	
100663329	scripts/ai/StandardAI.lua	1	768	768	32	256	0	0	0	0	256	80	174	0	1	0		1	0	1	
100663330	scripts/ai/StandardAI.lua	1	768	768	32	256	0	0	0	0	256	80	171	0	1	0		1	0	1	
100663331	scripts/ai/StandardAI.lua	1	768	768	32	256	0	0	0	0	256	80	145	0	1	0		1	0	1	
100663332	scripts/ai/StandardAI.lua	1	768	768	32	256	0	0	0	0	256	80	142	0	1	0		1	0	1	
100663333	scripts/ai/StandardAI.lua	1	768	768	32	256	0	0	0	0	256	80	144	0	1	0		1	0	1	
100663334	scripts/ai/StandardAI.lua	1	768	768	32	256	0	0	0	0	256	80	139	0	1	0		1	0	1	
100663335	scripts/ai/StandardAI.lua	1	768	768	32	256	0	0	0	0	256	80	148	0	1	0		1	0	1	
100663336	scripts/ai/StandardAI.lua	1	768	768	32	256	0	0	0	0	256	80	168	0	1	0		1	0	1	
100663337	scripts/ai/StandardAI.lua	1	768	768	32	256	0	0	0	256	256	80	135	0	1	0		1	0	1	
100663338	scripts/ai/StandardAI.lua	1	768	768	32	256	64	960	32	0	0	80	206	0	1	0		1	0	1	
100663339	scripts/ai/StandardAI.lua	1	768	768	32	256	64	960	32	0	256	80	182	0	1	0		1	0	1	
100663340	scripts/ai/StandardAI.lua	1	768	768	32	256	64	960	32	0	256	80	181	0	1	0		1	0	1	
100663341	scripts/ai/StandardAI.lua	1	768	768	32	256	64	0	32	0	384	80	202	30	0	0		1	0	1	
100663342	scripts/ai/StandardAI.lua	1	768	768	32	256	0	0	0	0	0	80	205	0	1	0		1	0	1	
100663343	scripts/ai/StandardAI.lua	1	768	768	32	256	0	0	0	0	0	80	176	0	1	0		1	0	1	
100663344	scripts/ai/StandardAI.lua	0	768	768	32	0	64	0	32	0	256	80	230	0	1	0		1	0	0	
100663345	scripts/ai/StandardAI.lua	1	768	768	32	256	0	0	0	0	0	80	204	0	1	0		1	0	1	
100663346	scripts/ai/StandardAI.lua	1	768	768	32	256	0	0	0	0	0	80	177	0	1	0		1	0	1	
100663347	scripts/ai/StandardAI.lua	1	768	768	32	256	0	0	0	0	0	80	19	0	0	0		1	0	1	
100663348	scripts/Map/世界通用/ai/标准无敌免屠杀.lua	0	768	768	32	256	80	0	32	0	384	80	0	0	1	0		0	0	0	
100663349	scripts/ai/StandardAI.lua	1	768	768	32	256	0	0	0	256	256	80	81	0	1	0		1	0	1	
100663350	scripts/ai/StandardAI.lua	1	768	768	32	256	0	0	0	256	256	80	80	0	1	0		1	0	1	
100663351	scripts/ai/StandardAI.lua	1	768	768	32	256	0	0	0	256	256	80	79	0	1	0		1	0	1	
100663352	scripts/ai/StandardAI.lua	1	768	768	32	256	0	0	0	0	256	80	82	0	1	0		1	0	1	
100663353	scripts/ai/StandardAI.lua	1	768	768	32	256	0	0	0	0	256	80	0	0	0	0		1	0	1	
100663354	scripts/ai/StandardAI.lua	1	768	768	32	256	0	0	0	0	256	80	89	0	1	0		1	0	1	
100663355	scripts/ai/StandardAI.lua	1	768	768	32	256	0	0	0	0	256	80	88	0	1	0		1	0	1	
100663356	scripts/ai/StandardAI.lua	1	768	768	32	256	0	0	0	0	256	80	95	0	1	0		1	0	1	
100663357	scripts/ai/StandardAI.lua	1	768	768	32	256	0	0	0	0	256	80	96	0	1	0		1	0	1	
100663358	scripts/ai/StandardAI.lua	1	768	768	32	256	0	0	0	0	256	80	91	0	1	0		1	0	1	
100663359	scripts/ai/StandardAI.lua	1	768	768	32	256	0	0	0	0	256	80	83	0	1	0		1	0	1	
100663360	scripts/ai/StandardAI.lua	0	768	768	32	256	0	0	0	0	0	80	72	0	0	0		1	0	0	
100663361	scripts/ai/StandardAI.lua	0	768	768	32	256	0	0	0	0	0	80	73	0	0	0		1	0	0	
100663362	scripts/ai/StandardAI.lua	0	768	768	32	256	0	0	0	0	0	80	74	0	0	0		1	0	0	
100663363	scripts/ai/StandardAI.lua	0	768	768	32	256	0	0	0	0	0	80	75	0	0	0		1	0	0	
100663364	scripts/ai/StandardAI.lua	0	768	768	32	256	0	0	0	0	0	80	76	0	0	0		1	0	0	
100663365	scripts/ai/StandardAI.lua	0	768	768	32	256	0	0	0	0	0	80	77	0	0	0		1	0	0	
100663366	scripts/ai/StandardAI.lua	1	768	768	32	256	0	0	0	0	0	80	0	0	0	0		1	0	1	
100663367	scripts/ai/StandardAI.lua	1	768	768	32	256	0	0	0	0	256	80	198	0	1	0		1	0	1	
100663368	scripts/ai/StandardAI.lua	1	768	768	32	256	0	0	0	0	256	80	114	0	1	0		1	0	1	
100663369	scripts/ai/StandardAI.lua	1	768	768	32	256	0	0	0	0	256	80	113	0	1	0		1	0	1	
100663370	scripts/ai/StandardAI.lua	1	768	768	32	256	0	0	0	0	256	80	121	0	1	0		1	0	1	
100663371	scripts/ai/StandardAI.lua	1	768	768	32	256	0	0	0	0	256	80	192	0	1	0		1	0	1	
100663372	scripts/ai/StandardAI.lua	1	768	768	32	256	0	0	0	0	256	80	190	0	1	0		1	0	1	
100663373	scripts/ai/StandardAI.lua	1	768	768	32	256	0	0	0	0	256	80	104	0	1	0		1	0	1	
100663374	scripts/ai/StandardAI.lua	1	768	768	32	256	0	0	0	0	256	80	107	0	1	0		1	0	1	
100663375	scripts/ai/StandardAI.lua	1	768	768	32	256	0	0	0	0	256	80	106	0	1	0		1	0	1	
100663376	scripts/ai/StandardAI.lua	1	768	768	32	256	0	0	0	0	256	80	128	0	1	0		1	0	1	
100663377	scripts/ai/StandardAI.lua	1	768	768	32	256	0	0	0	0	256	80	125	0	1	0		1	0	1	
100663378	scripts/ai/StandardAI.lua	1	768	768	32	256	0	0	0	0	256	80	126	0	1	0		1	0	1	
100663379	scripts/ai/StandardAI.lua	1	768	768	32	256	0	0	0	0	256	80	124	0	1	0		1	0	1	
100663380	scripts/ai/StandardAI.lua	1	768	768	32	256	0	0	0	0	256	80	127	0	1	0		1	0	1	
100663381	scripts/ai/StandardAI.lua	1	768	768	32	0	64	0	32	0	256	80	0	0	1	0		1	0	1	
100663382	scripts/ai/StandardAI.lua	1	768	768	32	256	0	0	0	0	256	80	131	0	1	0		1	0	1	
100663383	scripts/ai/StandardAI.lua	1	768	768	32	256	0	0	0	0	256	80	189	0	1	0		1	0	1	
100663384	scripts/ai/StandardAI.lua	1	768	768	32	256	0	0	0	0	256	80	188	0	1	0		1	0	1	
100663385	scripts/ai/StandardAI.lua	1	768	768	32	256	0	0	0	0	256	80	187	0	1	0		1	0	1	
100663386	scripts/ai/StandardAI.lua	1	768	768	32	256	0	0	0	0	256	80	132	0	1	0		1	0	1	
100663387	scripts/ai/StandardAI.lua	1	768	768	32	256	0	0	0	0	256	80	129	0	1	0		1	0	1	
100663388	scripts/ai/StandardAI.lua	1	768	768	32	256	0	0	0	256	256	80	133	0	1	0		1	0	1	
100663389	scripts/ai/StandardAI.lua	1	768	768	32	256	0	0	0	0	256	80	185	0	1	0		1	0	1	
100663390	scripts/ai/StandardAI.lua	1	768	768	32	256	0	0	0	0	256	80	186	0	1	0		1	0	1	
100663391	scripts/ai/StandardAI.lua	1	768	768	32	256	0	0	0	0	256	80	184	0	1	0		1	0	1	
100663392	scripts/ai/StandardAI.lua	1	768	768	32	256	0	0	0	0	256	80	130	0	1	0		1	0	1	
100663393	scripts/ai/StandardAI.lua	1	768	768	32	256	0	0	0	0	256	80	116	0	1	0		1	0	1	
100663394	scripts/ai/StandardAI.lua	1	768	768	32	256	0	0	0	256	256	80	140	0	1	0		1	0	1	
100663395	scripts/ai/StandardAI.lua	1	768	768	32	256	0	0	0	0	256	80	146	0	1	0		1	0	1	
100663396	scripts/ai/StandardAI.lua	1	768	768	32	256	0	0	0	0	256	80	147	0	1	0		1	0	1	
100663397	scripts/ai/StandardAI.lua	0	768	768	0	256	0	0	0	256	256	80	0	0	0	0		1	0	0	
100663398	scripts/ai/StandardAI.lua	1	768	768	0	256	0	0	0	0	256	80	0	0	0	0		0	0	1	
100663399	scripts/ai/StandardAI.lua	1	768	768	32	256	0	0	0	0	256	80	0	0	1	0		0	0	1	
100663400	scripts/ai/StandardAI.lua	1	768	768	32	256	0	0	0	512	256	80	0	0	1	0		0	0	1	
100663401	scripts/ai/StandardAI.lua	1	768	768	0	256	0	0	0	256	256	80	0	0	0	0		0	0	1	
100663402	scripts/ai/StandardAI.lua	1	768	768	0	256	0	0	0	0	256	80	150	0	0	0		0	0	1	
100663403	scripts/ai/StandardAI.lua	1	768	768	0	256	0	0	0	0	256	80	149	0	0	0		0	0	1	
100663404	scripts/ai/StandardAI.lua	1	768	768	32	256	0	0	0	256	256	80	45	0	0	0		1	0	1	
100663405	scripts/ai/StandardAI.lua	1	768	768	32	256	0	0	0	256	256	80	22	0	0	0		1	0	1	
100663406	scripts/ai/StandardAI.lua	1	768	768	32	0	0	0	32	256	256	80	0	0	0	0		1	0	1	
100663407	scripts/ai/StandardAI.lua	0	768	768	32	0	0	0	32	256	256	80	0	0	0	0		1	0	0	
100663408	scripts/ai/StandardAI.lua	0	768	768	32	0	64	0	32	0	256	80	0	0	1	0		0	0	0	
100663409	scripts/ai/StandardAI.lua	1	768	768	32	256	0	0	0	0	256	80	101	0	1	0		1	0	1	
100663410	scripts/ai/StandardAI.lua	1	768	768	32	256	0	0	0	0	256	80	102	0	1	0		1	0	1	
100663411	scripts/ai/StandardAI.lua	0	768	768	32	256	0	0	0	0	256	80	0	0	1	0		0	0	0	
100663412	scripts/ai/StandardAI.lua	0	768	768	32	0	64	0	32	256	256	80	0	0	1	0		0	0	0	
100663413	scripts/ai/StandardAI.lua	0	768	768	32	256	80	0	32	0	384	80	229	0	1	0		0	0	0	
100663414	scripts/ai/StandardAI.lua	0	768	768	32	256	80	0	32	0	384	80	228	0	1	0		0	0	0	
100663415	scripts/ai/StandardAI.lua	0	768	768	32	0	64	0	32	0	256	80	48	0	0	0		1	0	0	
100663416	scripts/ai/StandardAI.lua	0	768	768	32	256	64	0	32	0	384	80	0	30	0	0		1	0	0	
100663417	scripts/ai/StandardAI.lua	0	768	768	32	0	0	0	32	0	0	80	0	0	0	0		0	0	0	
100663418	scripts/ai/StandardAI.lua	0	768	768	32	0	64	0	32	0	256	80	49	0	0	0		0	0	0	
100663419	scripts/ai/StandardAI.lua	0	768	768	32	0	64	0	32	0	256	80	50	0	0	0		1	0	0	
100663420	scripts/ai/StandardAI.lua	0	768	768	32	0	64	0	32	0	256	80	53	0	0	0		1	0	0	
100663421	scripts/ai/StandardAI.lua	0	768	768	32	0	64	0	32	0	256	80	54	0	0	0		0	0	0	
100663422	scripts/ai/StandardAI.lua	0	768	768	32	0	64	0	32	0	256	80	55	0	0	0		0	0	0	
100663423	scripts/ai/StandardAI.lua	0	768	768	0	256	0	0	0	0	0	0	0	0	0	0		0	0	0	
100663424	scripts/ai/StandardAI.lua	1	768	768	32	256	64	960	32	0	256	80	151	0	1	0		1	0	1	
100663425	scripts/ai/StandardAI.lua	1	768	768	32	256	64	960	32	0	256	80	152	0	1	0		1	0	1	
100663426	scripts/ai/StandardAI.lua	1	768	768	32	256	64	960	32	0	256	80	153	0	1	0		1	0	1	
100663427	scripts/ai/StandardAI.lua	1	768	768	30	256	64	960	32	0	256	80	158	0	1	0		0	0	1	
100663428	scripts/ai/StandardAI.lua	1	768	768	30	256	64	960	32	0	256	80	0	0	1	0		0	0	1	
100663429	scripts/ai/StandardAI.lua	1	768	768	32	256	64	960	32	0	256	80	0	0	0	0		1	0	1	
100663430	scripts/ai/StandardAI.lua	1	768	768	32	256	64	960	32	0	256	80	157	0	1	0		1	0	1	
100663431	scripts/ai/StandardAI.lua	1	768	768	32	256	64	960	32	0	256	80	156	0	0	0		1	0	1	
100663432	scripts/ai/StandardAI.lua	1	768	768	32	256	64	960	32	0	256	80	161	0	1	0		1	0	1	
100663433	scripts/ai/StandardAI.lua	1	768	768	32	256	64	960	32	0	256	80	163	0	1	0		1	0	1	
100663434	scripts/ai/StandardAI.lua	1	768	768	32	256	64	960	32	256	256	80	5	0	0	0		1	0	1	
100663435	scripts/ai/StandardAI.lua	1	768	768	32	256	64	960	32	0	256	80	155	0	1	0		1	0	1	
100663436	scripts/ai/StandardAI.lua	1	768	768	32	256	64	960	32	0	256	80	162	0	0	0		1	0	1	
100663437	scripts/ai/StandardAI.lua	1	768	768	32	0	64	0	32	0	256	80	7	0	0	0		1	0	1	
100663438	scripts/ai/StandardAI.lua	1	768	768	32	256	64	960	32	0	256	80	154	0	1	0		1	0	1	
100663439	scripts/ai/StandardAI.lua	1	768	768	32	256	64	960	32	0	256	80	159	0	1	0		1	0	1	
100663440	scripts/ai/StandardAI.lua	1	768	768	32	256	64	960	32	0	256	80	160	0	1	0		1	0	1	
100663441	scripts/ai/StandardAI.lua	1	768	768	32	256	64	960	32	0	256	80	165	0	1	0		1	0	1	
100663442	scripts/ai/StandardAI.lua	1	768	768	32	256	64	960	32	0	256	80	164	0	1	0		1	0	1	
100663443	scripts/ai/StandardAI.lua	1	768	768	0	256	0	0	0	0	256	80	0	0	0	0		1	0	1	
100663444	scripts/ai/StandardAI.lua	1	768	768	32	256	0	0	0	0	256	80	108	0	1	0		1	0	1	
100663445	scripts/ai/StandardAI.lua	1	768	768	32	256	0	0	0	0	256	80	105	0	1	0		1	0	1	
100663446	scripts/ai/StandardAI.lua	1	768	768	32	256	0	0	0	0	256	80	191	0	1	0		1	0	1	
100663447	scripts/ai/StandardAI.lua	1	768	768	32	256	0	0	0	0	256	80	120	0	1	0		1	0	1	
100663448	scripts/ai/StandardAI.lua	1	768	768	32	256	0	0	0	0	256	80	118	0	1	0		1	0	1	
100663449	scripts/ai/StandardAI.lua	1	768	768	32	256	0	0	0	0	256	80	193	0	1	0		1	0	1	
100663450	scripts/ai/StandardAI.lua	1	768	768	32	256	0	0	0	0	256	80	115	0	1	0		1	0	1	
100663451	scripts/ai/StandardAI.lua	1	768	768	32	256	0	0	0	0	256	80	199	0	1	0		1	0	1	
100663452	scripts/ai/StandardAI.lua	1	768	768	32	256	64	0	32	0	384	80	134	0	0	0		1	0	1	
100663453	scripts/ai/StandardAI.lua	1	768	768	32	256	64	960	32	0	256	80	183	0	1	0		1	0	1	
100663454	scripts/ai/StandardAI.lua	1	768	768	32	256	64	960	32	0	0	80	207	0	1	0		1	0	1	
100663455	scripts/ai/StandardAI.lua	1	768	768	32	256	0	0	0	0	256	80	143	0	1	0		1	0	1	
100663456	scripts/ai/StandardAI.lua	1	768	768	32	256	0	0	0	0	256	80	172	0	1	0		1	0	1	
100663457	scripts/ai/StandardAI.lua	1	768	768	32	256	0	0	0	0	256	80	141	0	1	0		1	0	1	
100663458	scripts/ai/StandardAI.lua	1	768	768	32	256	0	0	0	0	256	80	173	0	1	0		1	0	1	
100663459	scripts/ai/StandardAI.lua	1	768	768	32	256	0	0	0	0	256	80	167	0	1	0		1	0	1	
100663460	scripts/ai/StandardAI.lua	1	768	768	32	256	0	0	0	0	256	80	203	0	1	0		1	0	1	
100663461	scripts/ai/StandardAI.lua	1	768	768	32	256	0	0	0	0	256	80	175	0	1	0		1	0	1	
100663462	scripts/ai/StandardAI.lua	0	768	768	32	256	0	0	0	0	0	80	68	0	1	0		1	0	0	
100663463	scripts\ai\GuarderAI.lua	1	768	768	32	256	0	0	0	0	0	80	56	0	0	0		1	0	0	
100663464	scripts/ai/StandardAI.lua	0	768	768	32	256	0	0	0	0	0	80	0	0	1	0		1	0	0	
100663465	scripts/ai/StandardAI.lua	0	768	768	32	256	0	0	0	0	0	80	65	0	0	0		1	0	0	
100663466	scripts/ai/StandardAI.lua	0	768	768	32	256	0	0	0	0	0	80	0	0	1	0		0	0	0	
100663467	scripts/ai/StandardAI.lua	0	768	768	32	256	64	960	32	0	0	80	0	0	1	0		1	0	0	
100663468	scripts\ai\GuarderAI.lua	1	768	768	32	256	0	0	0	0	0	80	59	0	0	0		1	0	0	
100663469	scripts\ai\GuarderAI.lua	1	768	768	32	256	0	0	0	0	0	80	61	0	0	0		1	0	0	
100663470	scripts\ai\GuarderAI.lua	1	768	768	32	256	0	0	0	0	0	80	57	0	0	0		1	0	0	
100663471	scripts/ai/StandardAI.lua	0	768	768	32	256	0	0	0	0	0	80	58	0	0	0		1	0	0	
100663472	scripts/ai/StandardAI.lua	0	768	768	32	256	0	0	0	0	0	80	64	0	0	0		1	0	0	
100663473	scripts/ai/StandardAI.lua	0	768	768	32	256	64	960	32	256	256	80	0	0	1	0		1	0	0	
100663474	scripts/ai/StandardAI.lua	0	768	768	32	0	64	0	32	0	256	80	232	0	1	0		1	0	0	
100663475	scripts/ai/StandardAI.lua	0	768	768	32	256	64	0	32	0	384	80	231	0	0	0		1	0	0	
100663476	scripts/ai/StandardAI.lua	0	768	768	32	0	64	0	32	0	256	80	0	0	0	0		1	0	0	
100663477	scripts\ai\GuarderAI.lua	1	768	768	0	256	0	0	0	0	0	0	60	0	0	0		1	0	0	
100663478	scripts\ai\GuarderAI.lua	1	768	768	0	256	0	0	0	0	0	0	62	0	0	0		1	0	0	
100663479	scripts\ai\GuarderAI.lua	1	768	768	0	256	0	0	0	0	0	0	63	0	0	0		1	0	0	
100663480	scripts\ai\GuarderAI.lua	1	768	768	0	256	0	0	0	0	0	0	67	0	0	0		1	0	0	
100663481	scripts/ai/StandardAI.lua	0	768	768	32	256	80	0	32	0	384	80	0	30	0	0		1	0	0	
100663482	scripts/ai/StandardAI.lua	0	768	768	32	256	64	0	32	0	384	80	69	30	0	0		1	0	0	
100663483	scripts/ai/StandardAI.lua	0	768	768	32	256	64	0	32	0	384	80	70	30	0	0		1	0	0	
100663484	scripts/ai/StandardAI.lua	0	768	768	32	256	64	0	32	0	384	80	71	30	0	0		1	0	0	
100663485	scripts/ai/StandardAI.lua	0	768	768	32	0	80	768	32	512	384	80	0	80	0	0		1	0	0	
100663486	scripts/ai/StandardAI.lua	0	768	768	32	256	64	0	32	0	384	80	233	0	0	0		1	0	0	
100663487	scripts/ai/StandardAI.lua	1	768	768	32	256	0	0	0	0	256	80	84	0	1	0		1	0	1	
100663488	scripts/ai/StandardAI.lua	1	768	768	32	256	0	0	0	0	256	80	85	0	1	0		1	0	1	
100663489	scripts/ai/StandardAI.lua	1	768	768	32	256	0	0	0	0	256	80	86	0	1	0		1	0	1	
100663490	scripts/ai/StandardAI.lua	1	768	768	32	256	0	0	0	0	256	80	94	0	1	0		1	0	1	
100663491	scripts/ai/StandardAI.lua	1	768	768	32	256	0	0	0	0	256	80	92	0	1	0		1	0	1	
100663492	scripts/ai/StandardAI.lua	1	768	768	32	256	0	0	0	0	256	80	93	0	1	0		1	0	1	
100663493	scripts/ai/StandardAI.lua	1	768	768	32	256	64	960	32	0	0	80	98	0	1	0		1	0	1	
100663494	scripts/ai/StandardAI.lua	1	768	768	32	256	64	960	32	0	0	80	99	0	1	0		1	0	1	
100663495	scripts/ai/StandardAI.lua	1	768	768	32	256	64	960	32	0	0	80	97	0	1	0		1	0	1	
100663496	scripts/ai/StandardAI.lua	1	768	768	32	256	0	0	0	0	256	80	100	0	1	0		1	0	1	
100663497	scripts/ai/StandardAI.lua	1	768	768	32	256	0	0	0	0	256	80	197	0	1	0		1	0	1	
100663498	scripts/ai/StandardAI.lua	1	768	768	32	256	0	0	0	0	256	80	117	0	1	0		1	0	1	
100663499	scripts/ai/StandardAI.lua	1	768	768	32	256	0	0	0	0	256	80	112	0	1	0		1	0	1	
100663500	scripts/ai/StandardAI.lua	1	768	768	32	256	0	0	0	0	256	80	201	0	1	0		1	0	1	
100663501	scripts/ai/StandardAI.lua	1	768	768	32	256	64	960	32	0	0	80	208	0	1	0		1	0	1	
100663502	scripts/ai/StandardAI.lua	1	768	768	32	256	0	0	0	0	256	80	169	0	1	0		1	0	1	
100663503	scripts/ai/StandardAI.lua	1	768	768	32	256	0	0	0	0	256	80	170	0	1	0		1	0	1	
100663504	scripts\ai\GuarderAI.lua	1	768	768	32	256	64	0	32	0	384	80	222	30	0	0		1	0	0	
100663505	scripts\ai\GuarderAI.lua	1	768	768	32	256	64	0	32	0	384	80	223	30	0	0		1	0	0	
100663506	scripts/ai/StandardAI.lua	0	768	768	32	256	64	0	32	0	384	80	268	0	1	0		1	0	0	
100663507	scripts/ai/StandardAI.lua	1	768	768	32	256	64	0	32	0	384	80	248	0	0	0		1	0	1	
100663508	scripts/ai/StandardAI.lua	1	768	768	32	256	64	0	32	0	384	80	247	0	0	0		1	0	1	
100663509	scripts/ai/StandardAI.lua	1	768	768	32	256	64	0	32	0	384	80	234	0	0	0		1	0	1	
100663510	scripts/ai/StandardAI.lua	1	768	768	32	256	64	0	32	0	384	80	236	0	0	0		1	0	1	
100663511	scripts/ai/StandardAI.lua	1	768	768	32	256	64	0	32	0	384	80	235	0	0	0		1	0	1	
100663512	scripts/ai/StandardAI.lua	1	768	768	32	256	64	0	32	0	384	80	249	0	0	0		1	0	1	
100663513	scripts/ai/StandardAI.lua	1	768	768	32	256	64	0	32	0	384	80	250	0	0	0		1	0	1	
100663514	scripts/ai/StandardAI.lua	1	768	768	32	256	64	0	32	0	384	80	251	0	0	0		1	0	1	
100663515	scripts/ai/StandardAI.lua	1	768	768	32	256	64	0	32	0	384	80	252	0	0	0		1	0	1	
100663516	scripts/ai/StandardAI.lua	1	768	768	32	256	64	0	32	0	384	80	254	0	0	0		1	0	1	
100663517	scripts/ai/StandardAI.lua	1	768	768	32	256	64	0	32	0	384	80	255	0	0	0		1	0	1	
100663518	scripts/ai/StandardAI.lua	1	768	768	32	256	64	0	32	0	384	80	256	0	0	0		1	0	1	
100663519	scripts/ai/StandardAI.lua	1	768	768	32	256	64	0	32	0	384	80	257	0	0	0		1	0	1	
100663520	scripts/ai/StandardAI.lua	1	768	768	32	256	64	0	32	0	384	80	259	0	0	0		1	0	1	
100663521	scripts/ai/StandardAI.lua	1	768	768	32	256	64	0	32	0	384	80	243	0	0	0		1	0	1	
100663522	scripts/ai/StandardAI.lua	1	768	768	32	256	64	0	32	0	384	80	239	0	0	0		1	0	1	
100663523	scripts/ai/StandardAI.lua	1	768	768	32	256	64	0	32	0	384	80	240	0	0	0		1	0	1	
100663524	scripts/ai/StandardAI.lua	1	768	768	32	256	64	0	32	0	384	80	258	0	0	0		1	0	1	
100663525	scripts/ai/StandardAI.lua	1	768	768	32	256	64	0	32	0	384	80	244	0	0	0		1	0	1	
100663526	scripts/ai/StandardAI.lua	1	768	768	32	256	64	0	32	0	384	80	242	0	0	0		1	0	1	
100663527	scripts/ai/StandardAI.lua	1	768	768	32	256	64	0	32	0	384	80	237	0	0	0		1	0	1	
100663528	scripts/ai/StandardAI.lua	1	768	768	32	256	64	0	32	0	384	80	253	0	0	0		1	0	1	
100663529	scripts/ai/StandardAI.lua	0	768	768	32	256	64	0	32	0	384	80	267	0	1	0		1	0	0	
100663530	scripts/ai/StandardAI.lua	0	768	768	32	256	64	0	32	512	384	80	264	30	1	0		1	0	0	
100663531	scripts/ai/StandardAI.lua	0	768	768	32	256	64	0	32	512	384	80	266	30	1	0		1	0	0	
100663532	scripts/ai/StandardAI.lua	0	768	768	32	256	64	0	32	512	384	80	265	30	1	0		1	0	0	
100663533	scripts/ai/StandardAI.lua	0	768	768	32	256	64	0	32	512	384	80	0	30	1	0		1	0	0	
100663534	scripts/ai/StandardAI.lua	0	768	768	32	256	64	0	32	0	384	80	271	0	1	0		1	0	0	
100663535	scripts/ai/StandardAI.lua	0	768	768	32	256	64	0	32	0	384	80	272	0	1	0		1	0	0	
100663536	scripts/ai/StandardAI.lua	0	768	768	32	256	64	0	32	0	384	80	273	0	1	0		1	0	0	
100663537	scripts/ai/StandardAI.lua	0	768	768	32	256	64	0	32	0	384	80	274	0	1	0		1	0	0	
100663538	scripts/ai/StandardAI.lua	0	768	768	32	256	64	0	32	0	384	80	275	0	1	0		1	0	0	
100663539	scripts/ai/StandardAI.lua	0	768	768	32	256	64	0	32	0	384	80	276	0	1	0		1	0	0	
100663540	scripts/ai/StandardAI.lua	0	768	768	32	256	64	0	32	0	384	80	281	0	1	0		1	0	0	
100663541	scripts/ai/StandardAI.lua	0	768	768	32	256	64	0	32	0	384	80	281	0	2	0		1	0	0	
100663542	scripts/ai/StandardAI.lua	0	768	768	32	256	64	0	32	0	384	80	280	0	1	0		1	0	0	
100663543	scripts/ai/StandardAI.lua	0	768	768	32	256	64	0	32	0	384	80	277	0	1	0		1	0	0	
100663544	scripts/ai/StandardAI.lua	0	768	768	32	256	64	0	32	0	384	80	278	0	1	0		1	0	0	
100663545	scripts/ai/StandardAI.lua	0	768	768	32	256	64	0	32	0	384	80	278	0	2	0		1	0	0	
100663546	scripts/ai/StandardAI.lua	0	768	768	32	256	64	0	32	0	384	80	278	0	3	0		1	0	0	
100663547	scripts/ai/StandardAI.lua	0	768	768	32	256	64	0	32	0	384	80	279	0	1	0		1	0	0	
100663548	scripts/ai/StandardAI.lua	0	768	768	32	256	64	0	32	0	384	80	282	0	1	0		1	0	0	
100663549	scripts/ai/StandardAI.lua	0	768	768	32	256	64	0	32	0	384	80	283	0	1	0		1	0	0	
100663550	scripts/ai/StandardAI.lua	0	768	768	32	256	64	0	32	0	384	80	284	0	1	0		0	0	0	
100663551	scripts/ai/StandardAI.lua	0	768	768	32	256	64	0	32	0	384	80	285	0	1	0		1	0	0	
100663552	scripts/ai/StandardAI.lua	0	768	768	32	256	64	0	32	0	384	80	286	0	1	0		1	0	0	
100663553	scripts/ai/StandardAI.lua	0	768	768	32	256	64	0	32	0	384	80	287	0	1	0		1	0	0	
100663554	scripts/ai/StandardAI.lua	0	768	768	32	256	64	0	32	0	384	80	288	0	1	0		1	0	0	
100663555	scripts/ai/StandardAI.lua	0	768	768	32	256	64	0	32	0	384	80	289	0	1	0		1	0	0	
100663556	scripts/ai/StandardAI.lua	0	768	768	32	256	64	0	32	0	384	80	290	0	1	0		1	0	0	
100663557	scripts/ai/StandardAI.lua	0	768	768	32	256	64	0	32	0	384	80	291	0	1	0		1	0	0	
100663558	scripts/ai/StandardAI.lua	0	768	768	32	256	64	0	32	0	384	80	292	0	1	0		1	0	0	
100663559	scripts/ai/StandardAI.lua	0	768	768	32	256	64	0	32	0	384	80	293	0	1	0		1	0	0	
100663560	scripts\Map\里世界\ai\扬州\冲向人的鬼魂.lua	0	768	768	32	256	64	0	32	0	384	80	318	0	1	0		1	0	0	
100663561	scripts/ai/StandardAI.lua	0	768	768	32	256	64	0	32	0	384	80	294	0	1	0		1	0	0	
100663562	scripts/ai/StandardAI.lua	0	768	768	32	256	64	0	32	0	384	80	295	0	1	0		1	0	0	
100663563	scripts/ai/StandardAI.lua	0	768	768	32	256	64	0	32	0	384	80	296	0	1	0		1	0	0	
100663564	scripts/ai/StandardAI.lua	0	768	768	32	256	64	0	32	0	384	80	297	0	1	0		1	0	0	
100663565	scripts/ai/StandardAI.lua	0	768	768	32	256	64	0	32	0	384	80	298	0	1	0		1	0	0	
100663566	scripts/ai/StandardAI.lua	0	768	768	32	256	64	0	32	0	384	80	299	0	1	0		1	0	0	
100663567	scripts/ai/StandardAI.lua	0	768	768	32	256	64	0	32	0	384	80	300	0	1	0		1	0	0	
100663568	scripts/ai/StandardAI.lua	0	768	768	32	256	64	0	32	0	384	80	301	0	1	0		1	0	0	
100663569	scripts/ai/StandardAI.lua	0	768	768	32	256	64	0	32	0	384	80	302	0	1	0		1	0	0	
100663570	scripts/ai/StandardAI.lua	1	768	768	32	256	64	0	32	0	384	80	304	0	1	0		1	0	1	
100663571	scripts/ai/StandardAI.lua	1	768	768	32	256	64	0	32	0	384	80	303	0	1	0		1	0	1	
100663572	scripts/ai/StandardAI.lua	0	768	768	32	256	64	0	32	0	384	80	305	0	1	0		1	0	0	
100663573	scripts/ai/StandardAI.lua	0	768	768	32	256	64	0	32	0	384	80	306	0	1	0		1	0	0	
100663574	scripts/ai/StandardAI.lua	0	768	768	32	256	64	0	32	0	384	80	307	0	1	0		1	0	0	
100663575	scripts/ai/StandardAI.lua	1	768	768	32	256	64	0	32	0	384	80	308	0	1	0		1	0	1	
100663576	scripts/ai/StandardAI.lua	1	768	768	32	256	64	0	32	0	384	80	309	0	1	0		1	0	1	
100663577	scripts/ai/StandardAI.lua	1	768	768	32	256	64	0	32	0	384	80	310	0	1	0		1	0	1	
100663578	scripts/ai/StandardAI.lua	0	768	768	32	256	64	0	32	0	384	80	311	0	1	0		1	0	0	
100663579	scripts/ai/StandardAI.lua	0	768	768	32	256	64	0	32	0	384	80	312	0	1	0		1	0	0	
100663580	scripts/ai/StandardAI.lua	0	768	768	32	256	64	0	32	0	384	80	313	0	1	0		1	0	0	
100663581	scripts/ai/StandardAI.lua	0	768	768	32	256	64	0	32	0	384	80	314	0	1	0		1	0	0	
100663582	scripts/ai/StandardAI.lua	0	768	768	32	256	64	0	32	0	384	80	315	0	1	0		1	0	0	
100663583	scripts/ai/StandardAI.lua	0	768	768	32	256	64	0	32	0	384	80	316	0	1	0		1	0	0	
100663584	scripts/ai/StandardAI.lua	1	768	768	32	256	64	0	32	0	384	80	333	0	1	0		1	0	1	
100663585	scripts/ai/StandardAI.lua	0	768	768	32	256	64	0	32	0	384	80	317	0	1	0		1	0	0	
100663586	scripts/ai/StandardAI.lua	0	768	768	32	256	64	0	32	0	384	80	319	0	1	0		1	0	0	
100663587	scripts/ai/StandardAI.lua	0	768	768	32	256	64	0	32	0	384	80	320	0	1	0		1	0	0	
100663588	scripts/ai/StandardAI.lua	0	768	768	32	256	64	0	32	0	384	80	321	0	1	0		1	0	0	
100663589	scripts/ai/StandardAI.lua	0	768	768	32	256	64	0	32	0	384	80	322	0	1	0		1	0	0	
100663590	scripts/ai/StandardAI.lua	0	768	768	32	256	64	0	32	0	384	80	323	0	1	0		1	0	0	
100663591	scripts/ai/StandardAI.lua	0	768	768	32	256	64	0	32	0	384	80	324	0	1	0		1	0	0	
100663592	scripts/ai/StandardAI.lua	0	768	768	32	256	64	0	32	0	384	80	325	0	1	0		1	0	0	
100663593	scripts/ai/StandardAI.lua	0	768	768	32	256	64	0	32	0	384	80	326	0	1	0		1	0	0	
100663594	scripts/ai/StandardAI.lua	0	768	768	32	256	64	0	32	0	384	80	327	0	1	0		1	0	0	
100663595	scripts/ai/StandardAI.lua	0	768	768	32	256	64	0	32	0	384	80	328	0	1	0		1	0	0	
100663596	scripts/ai/StandardAI.lua	0	768	768	32	256	64	0	32	0	384	80	329	0	1	0		1	0	0	
100663597	scripts/ai/StandardAI.lua	1	768	768	32	256	64	0	32	0	384	80	331	0	1	0		1	0	1	
100663598	scripts/ai/StandardAI.lua	1	768	768	32	256	64	0	32	0	384	80	332	0	1	0		1	0	1	
100663599	scripts/ai/StandardAI.lua	1	768	768	32	256	64	0	32	0	384	80	330	0	1	0		1	0	1	
100663600	scripts/ai/StandardAI.lua	1	768	768	32	256	64	0	32	0	384	80	334	0	1	0		1	0	1	
100663601	scripts/ai/StandardAI.lua	1	768	768	32	256	64	0	32	0	384	80	335	0	1	0		1	0	1	
100663602	scripts/ai/StandardAI.lua	0	768	768	32	256	64	0	32	0	384	80	336	0	1	0		1	0	0	
100663603	scripts/ai/StandardAI.lua	0	768	768	32	256	64	0	32	0	384	80	337	0	1	0		1	0	0	
100663604	scripts/ai/StandardAI.lua	0	768	768	32	256	64	0	32	0	384	80	338	0	1	0		1	0	0	
100663605	scripts/ai/StandardAI.lua	0	768	768	32	256	64	0	32	0	384	80	339	0	1	0		1	0	0	
100663606	scripts/ai/StandardAI.lua	0	768	768	32	256	64	0	32	0	384	80	340	0	1	0		1	0	0	
100663607	scripts/ai/StandardAI.lua	0	768	768	32	256	64	0	32	0	384	80	341	0	1	0		1	0	0	
100663608	scripts/ai/StandardAI.lua	0	768	768	32	256	64	0	32	0	384	80	342	0	1	0		1	0	0	
100663609	scripts/ai/StandardAI.lua	0	768	768	32	256	64	0	32	0	384	80	343	0	1	0		1	0	0	
100663610	scripts/ai/StandardAI.lua	0	768	768	32	256	64	0	32	0	384	80	344	0	1	0		1	0	0	
100663611	scripts/ai/StandardAI.lua	0	768	768	32	256	64	0	32	0	384	80	345	0	1	0		1	0	0	
100663612	scripts/ai/StandardAI.lua	0	768	768	32	256	64	0	32	0	384	80	346	0	1	0		1	0	0	
100663613	scripts/ai/StandardAI.lua	0	768	768	32	256	64	0	32	0	384	80	347	0	1	0		1	0	0	
100663614	scripts/ai/StandardAI.lua	0	768	768	32	256	64	0	32	0	384	80	349	0	1	0		1	0	0	
100663615	scripts/ai/StandardAI.lua	0	768	768	32	256	64	0	32	0	384	80	350	0	1	0		1	0	0	
100663616	scripts/ai/StandardAI.lua	0	768	768	32	256	64	0	32	0	384	80	351	0	1	0		1	0	0	
100663617	scripts/ai/StandardAI.lua	0	768	768	32	256	64	0	32	0	384	80	352	0	1	0		1	0	0	
100663618	scripts/ai/StandardAI.lua	0	768	768	32	256	64	0	32	0	384	80	353	0	1	0		1	0	0	
100663619	scripts/ai/StandardAI.lua	0	768	768	32	256	64	0	32	0	384	80	354	0	1	0		1	0	0	
100663620	scripts/ai/StandardAI.lua	0	768	768	32	256	64	0	32	0	384	80	355	0	1	0		1	0	0	
100663621	scripts/ai/StandardAI.lua	0	768	768	32	256	64	0	32	0	384	80	356	0	1	0		1	0	0	
100663622	scripts/ai/StandardAI.lua	0	768	768	32	256	64	0	32	0	384	80	357	0	1	0		1	0	0	
100663623	scripts/ai/StandardAI.lua	0	768	768	32	256	64	0	32	0	384	80	358	0	1	0		1	0	0	
100663624	scripts/ai/StandardAI.lua	0	768	768	32	256	64	0	32	0	384	80	360	0	1	0		1	0	0	
100663625	scripts/ai/StandardAI.lua	0	768	768	32	256	64	0	32	0	384	80	361	0	1	0		1	0	0	
100663626	scripts/ai/StandardAI.lua	0	768	768	32	256	64	0	32	0	384	80	362	0	1	0		1	0	0	
100663627	scripts/ai/StandardAI.lua	0	768	768	32	256	64	0	32	0	384	80	363	0	1	0		1	0	0	
100663628	scripts/ai/StandardAI.lua	0	768	768	32	256	64	0	32	0	384	80	364	0	1	0		1	0	0	
100663629	scripts/ai/StandardAI.lua	0	768	768	32	256	64	0	32	0	384	80	365	0	1	0		1	0	0	
100663630	scripts/ai/StandardAI.lua	0	768	768	32	256	64	0	32	0	384	80	366	0	1	0		1	0	0	
100663631	scripts/ai/StandardAI.lua	0	768	768	32	256	64	0	32	0	384	80	367	0	1	0		1	0	0	
100663632	scripts/ai/StandardAI.lua	0	768	768	32	256	64	0	32	0	384	80	368	0	1	0		1	0	0	
100663633	scripts/ai/StandardAI.lua	0	768	768	32	256	64	0	32	0	384	80	369	0	1	0		1	0	0	
100663634	scripts/ai/StandardAI.lua	0	768	768	32	256	64	0	32	0	384	80	370	0	1	0		1	0	0	
100663635	scripts/ai/StandardAI.lua	0	768	768	32	256	64	0	32	0	384	80	371	0	1	0		1	0	0	
100663636	scripts/ai/StandardAI.lua	0	768	768	32	256	64	0	32	0	384	80	373	0	1	0		1	0	0	
100663637	scripts/ai/StandardAI.lua	0	768	768	32	256	64	0	32	0	384	80	374	0	1	0		1	0	0	
100663638	scripts/ai/StandardAI.lua	0	768	768	32	256	64	0	32	0	384	80	375	0	1	0		1	0	0	
100663639	scripts/ai/StandardAI.lua	0	768	768	32	256	64	0	32	0	384	80	376	0	1	0		1	0	0	
100663640	scripts/ai/StandardAI.lua	0	768	768	32	256	64	0	32	0	384	80	377	0	1	0		1	0	0	
100663641	scripts/ai/StandardAI.lua	0	768	768	32	256	64	0	32	0	384	80	378	0	1	0		1	0	0	
100663642	scripts/ai/StandardAI.lua	0	768	768	32	256	64	0	32	0	384	80	379	0	1	0		1	0	0	
100663643	scripts/ai/StandardAI.lua	0	768	768	32	256	64	0	32	0	384	80	380	0	1	0		1	0	0	
100663644	scripts/ai/StandardAI.lua	0	768	768	32	256	64	0	32	0	384	80	381	0	1	0		1	0	0	
100663645	scripts/ai/StandardAI.lua	0	768	768	32	256	64	0	32	0	384	80	382	0	1	0		1	0	0	
100663646	scripts/ai/StandardAI.lua	0	768	768	32	256	64	0	32	0	384	80	383	0	1	0		1	0	0	
100663647	scripts/ai/StandardAI.lua	0	768	768	32	256	64	0	32	0	384	80	384	0	1	0		1	0	0	
100663648	scripts/ai/StandardAI.lua	0	768	768	32	256	64	0	32	0	384	80	385	0	1	0		1	0	0	
100663649	scripts/ai/StandardAI.lua	0	768	768	32	256	64	0	32	0	384	80	386	0	1	0		1	0	0	
100663650	scripts/ai/StandardAI.lua	0	768	768	32	256	64	0	32	0	384	80	387	0	1	0		1	0	0	
100663651	scripts/ai/StandardAI.lua	0	768	768	32	256	64	0	32	0	384	80	388	0	1	0		1	0	0	
100663652	scripts/ai/StandardAI.lua	1	768	768	32	256	64	0	32	0	384	80	389	0	1	0		1	0	1	
100663653	scripts/ai/StandardAI.lua	1	768	768	32	256	64	0	32	0	384	80	390	0	1	0		1	0	1	
100663654	scripts/ai/StandardAI.lua	0	768	768	32	256	64	0	32	0	384	80	391	0	1	0		1	0	0	
100663655	scripts/ai/StandardAI.lua	0	768	768	32	256	64	0	32	0	384	80	392	0	1	0		1	0	0	
100663656	scripts/ai/StandardAI.lua	0	768	768	32	256	64	0	32	0	384	80	393	0	1	0		1	0	0	
100663657	scripts/ai/StandardAI.lua	1	768	768	32	256	64	0	32	0	384	80	394	0	1	0		1	0	1	
100663658	scripts/ai/StandardAI.lua	1	768	768	32	256	64	0	32	0	384	80	395	0	1	0		1	0	1	
100663659	scripts/ai/StandardAI.lua	1	768	768	32	256	64	0	32	0	384	80	396	0	1	0		1	0	1	
100663660	scripts/ai/StandardAI.lua	0	768	768	32	256	64	0	32	0	384	80	397	0	1	0		1	0	0	
100663661	scripts/ai/StandardAI.lua	1	768	768	32	256	64	0	32	0	384	80	398	0	1	0		1	0	1	
100663662	scripts/ai/StandardAI.lua	1	768	768	32	256	64	0	32	0	384	80	400	0	1	0		1	0	1	
100663663	scripts/ai/StandardAI.lua	0	768	768	32	256	64	0	32	0	384	80	401	0	1	0		1	0	0	
100663664	scripts/ai/StandardAI.lua	0	768	768	32	256	64	0	32	0	384	80	402	0	1	0		1	0	0	
100663665	scripts/ai/StandardAI.lua	0	768	768	32	256	64	0	32	0	384	80	403	0	1	0		1	0	0	
100663666	scripts/ai/StandardAI.lua	0	768	768	32	256	64	0	32	0	384	80	404	0	1	0		1	0	0	
100663667	scripts/ai/StandardAI.lua	0	768	768	32	256	64	0	32	0	384	80	405	0	1	0		1	0	0	
100663668	scripts/ai/StandardAI.lua	0	768	768	32	256	64	0	32	0	384	80	406	0	1	0		1	0	0	
100663669	scripts/ai/StandardAI.lua	0	768	768	32	256	64	0	32	0	384	80	407	0	1	0		1	0	0	
100663670	scripts/ai/StandardAI.lua	0	768	768	32	256	64	0	32	0	384	80	408	0	1	0		1	0	0	
100663671	scripts/ai/StandardAI.lua	1	768	768	32	256	64	0	32	0	384	80	409	0	1	0		1	0	1	
100663672	scripts/ai/StandardAI.lua	1	768	768	32	256	64	0	32	0	384	80	410	0	1	0		1	0	1	
100663673	scripts/ai/StandardAI.lua	1	768	768	32	256	64	0	32	0	384	80	411	0	1	0		1	0	1	
100663674	scripts/ai/StandardAI.lua	0	768	768	32	256	64	0	32	0	384	80	412	0	1	0		1	0	0	
100663675	scripts/ai/StandardAI.lua	1	768	768	32	256	64	0	32	0	384	80	413	0	1	0		1	0	1	
100663676	scripts/ai/StandardAI.lua	0	768	768	32	256	64	960	32	1024	384	80	415	30	1	0		1	0	0	
100663677	scripts/ai/StandardAI.lua	0	768	768	32	256	64	960	32	1024	384	80	416	30	1	0		1	0	0	
100663678	scripts/ai/StandardAI.lua	1	768	768	32	256	64	0	32	0	384	80	417	0	1	0		1	0	1	
100663679	scripts/ai/StandardAI.lua	1	768	768	32	256	64	0	32	0	384	80	418	0	1	0		1	0	1	
100663680	scripts/ai/StandardAI.lua	1	768	768	32	256	64	0	32	0	384	80	419	0	1	0		1	0	1	
100663681	scripts/ai/StandardAI.lua	1	768	768	32	256	64	0	32	0	384	80	420	0	1	0		1	0	1	
100663682	scripts/ai/StandardAI.lua	1	768	768	32	256	64	0	32	0	384	80	421	0	1	0		1	0	1	
100663683	scripts/ai/StandardAI.lua	1	768	768	32	256	64	0	32	0	384	80	422	0	1	0		1	0	1	
100663684	scripts/ai/StandardAI.lua	1	768	768	32	256	64	0	32	0	384	80	423	0	1	0		1	0	1	
100663685	scripts/ai/StandardAI.lua	1	768	768	32	256	64	0	32	0	384	80	425	0	1	0		1	0	1	
100663686	scripts/ai/StandardAI.lua	0	768	768	32	256	64	0	32	0	384	80	426	0	0	0		1	0	0	
100663687	scripts/ai/StandardAI.lua	0	768	768	32	256	80	0	32	512	384	80	427	30	1	0		0	0	0	
100663688	scripts/ai/StandardAI.lua	0	768	768	32	256	80	0	32	512	384	80	428	30	1	0		1	0	0	
100663689	scripts/ai/StandardAI.lua	0	768	768	32	256	64	0	32	512	384	80	429	30	1	0		1	0	0	
100663690	scripts\ai\GuarderAI.lua	1	768	768	32	256	64	0	32	0	384	80	430	30	2	0		1	0	0	
100663691	scripts\ai\GuarderAI.lua	1	768	768	32	256	64	0	32	0	384	80	430	30	3	0		1	0	0	
100663692	scripts\ai\GuarderAI.lua	1	768	768	32	256	64	0	32	0	384	80	430	30	1	0		1	0	0	
100663693	scripts\ai\GuarderAI.lua	1	768	768	32	256	64	0	32	0	384	80	432	30	1	0		1	0	0	
100663694	scripts\ai\GuarderAI.lua	1	768	768	32	256	64	0	32	0	384	80	432	30	2	0		1	0	0	
100663695	scripts\ai\GuarderAI.lua	1	768	768	32	256	64	0	32	0	384	80	432	30	3	0		1	0	0	
100663696	scripts/ai/StandardAI.lua	0	768	768	32	256	64	0	32	0	384	80	433	0	1	0		1	0	0	
