AIType	ScriptFile	IsPositive	AlertRange	SearchPlayerDistance	AlertOverTime	AttackRange	EscapeTime	EscapeRange	EscapeInterval	WanderRange	WanderDistance	WanderInterval	PatrolPathID	EscapeLife	PatrolOrderIndex	ReviveTeammate	CustomArguments	IsAutoTurn	NpcSceneType	IsSnarlInFight	DialogIdleTime
-671088639	scripts/ai/StandardAI.lua	1	768	768	32	256	64	0	32	0	384	80	7	0	0	0		1	0	1	
-671088638	scripts/ai/StandardAI.lua	1	768	768	32	256	64	0	32	0	384	80	10	0	0	0		1	0	1	
-671088637	scripts/ai/StandardAI.lua	1	768	768	32	256	64	0	32	0	384	80	8	0	0	0		1	0	1	
-671088636	scripts/ai/StandardAI.lua	1	768	768	32	256	64	0	32	0	384	80	9	0	0	0		1	0	1	
-671088635	scripts/ai/StandardAI.lua	1	768	768	32	256	64	0	32	0	384	80	6	0	0	0		1	0	1	
-671088634	scripts/ai/StandardAI.lua	1	768	768	32	256	64	0	32	0	384	80	3	0	0	0		1	0	1	
-671088633	scripts/ai/StandardAI.lua	1	768	768	32	256	64	0	32	0	384	80	4	0	0	0		1	0	1	
-671088632	scripts/ai/StandardAI.lua	1	768	768	32	256	64	0	32	0	384	80	2	0	0	0		1	0	1	
-671088631	scripts/ai/StandardAI.lua	1	768	768	32	256	64	0	32	0	384	80	11	0	0	0		1	0	1	
-671088630	scripts/ai/StandardAI.lua	1	768	768	32	256	64	0	32	0	384	80	5	0	0	0		1	0	1	
-671088629	scripts/ai/StandardAI.lua	1	768	768	32	256	64	0	32	0	384	80	1	0	0	0		1	0	1	
-671088628	scripts/ai/StandardAI.lua	0	768	768	32	256	64	0	32	0	384	80	13	0	0	0		1	0	0	
-671088627	scripts/ai/StandardAI.lua	0	768	768	32	256	64	0	32	0	384	80	12	0	0	0		1	0	0	
-671088626	scripts/ai/StandardAI.lua	0	768	768	32	256	64	0	32	0	384	80	15	0	0	0		0	0	0	
-671088625	scripts/ai/StandardAI.lua	0	768	768	32	256	64	0	32	0	384	80	16	0	0	0		0	0	0	
-671088624	scripts/ai/StandardAI.lua	0	768	768	32	256	64	0	32	0	384	80	17	0	0	0		1	0	0	
-671088623	scripts/ai/StandardAI.lua	0	768	768	32	256	64	0	32	0	384	80	18	0	0	0		1	0	0	
-671088622	scripts/ai/StandardAI.lua	0	768	768	32	256	64	0	32	0	384	80	19	0	0	0		0	0	0	
-671088621	scripts/ai/StandardAI.lua	0	768	768	32	256	64	0	32	0	384	80	20	0	0	0		1	0	0	
-671088620	scripts/ai/StandardAI.lua	0	768	768	32	256	64	0	32	0	384	80	21	0	0	0		0	0	0	
-671088619	scripts/ai/StandardAI.lua	0	768	768	32	256	64	0	32	0	384	80	22	0	0	0		0	0	0	
-671088618	scripts/ai/StandardAI.lua	0	768	768	32	256	64	0	32	0	384	80	23	0	0	0		0	0	0	
-671088617	scripts/ai/StandardAI.lua	0	768	768	32	256	64	0	32	0	384	80	24	0	0	0		0	0	0	
-671088616	scripts/ai/StandardAI.lua	0	768	768	32	256	64	0	32	0	384	80	27	0	0	0		1	0	0	
-671088615	scripts/ai/StandardAI.lua	0	768	768	32	256	64	0	32	0	384	80	28	0	0	0		0	0	0	
-671088614	scripts/ai/StandardAI.lua	0	768	768	32	256	64	0	32	0	384	80	29	0	0	0		0	0	0	
-671088613	scripts/ai/StandardAI.lua	0	768	768	32	256	64	0	32	0	384	80	30	0	0	0		0	0	0	
-671088612	scripts/ai/StandardAI.lua	0	768	768	32	256	64	0	32	0	384	80	31	0	0	0		1	0	0	
-671088611	scripts/ai/StandardAI.lua	0	768	768	32	256	64	0	32	0	384	80	32	0	0	0		0	0	0	
-671088610	scripts/ai/StandardAI.lua	1	768	768	32	256	64	0	32	0	384	80	33	0	0	0		1	0	1	
-671088609	scripts/ai/StandardAI.lua	1	768	768	32	256	64	0	32	0	384	80	34	0	0	0		1	0	1	
-671088608	scripts/ai/StandardAI.lua	1	768	768	32	256	64	0	32	0	384	80	35	0	0	0		1	0	1	
-671088607	scripts/ai/StandardAI.lua	1	768	768	32	256	64	0	32	0	384	80	38	0	0	0		1	0	1	
-671088606	scripts/ai/StandardAI.lua	1	768	768	32	256	64	0	32	0	384	80	40	0	0	0		1	0	1	
-671088605	scripts/ai/StandardAI.lua	1	768	768	32	256	64	0	32	0	384	80	41	0	0	0		1	0	1	
-671088604	scripts/ai/StandardAI.lua	1	768	768	32	256	64	0	32	0	384	80	39	0	0	0		1	0	1	
-671088603	scripts/ai/StandardAI.lua	1	768	768	32	256	64	0	32	0	384	80	42	0	0	0		1	0	1	
-671088602	scripts/ai/StandardAI.lua	1	768	768	32	256	64	0	32	0	384	80	43	0	0	0		1	0	1	
-671088601	scripts/ai/StandardAI.lua	1	768	768	32	256	64	0	32	0	384	80	44	0	0	0		1	0	1	
-671088600	scripts/ai/StandardAI.lua	1	768	768	32	256	64	0	32	0	384	80	37	0	0	0		1	0	1	
-671088599	scripts/ai/StandardAI.lua	1	768	768	32	256	64	0	32	0	384	80	36	0	0	0		1	0	1	
-671088598	scripts/ai/StandardAI.lua	1	768	768	32	256	64	0	32	0	384	80	45	0	0	0		1	0	1	
-671088597	scripts/ai/StandardAI.lua	1	768	768	32	256	64	0	32	0	384	80	46	0	0	0		1	0	1	
-671088596	scripts/ai/StandardAI.lua	1	768	768	32	256	64	0	32	0	384	80	47	0	0	0		1	0	1	
-671088595	scripts/ai/StandardAI.lua	1	768	768	32	256	64	0	32	0	384	80	48	0	0	0		1	0	1	
-671088594	scripts/ai/StandardAI.lua	1	768	768	32	256	64	0	32	0	384	80	49	0	0	0		1	0	1	
-671088593	scripts/ai/StandardAI.lua	1	768	768	32	256	64	0	32	0	384	80	50	0	0	0		1	0	1	
-671088592	scripts/ai/StandardAI.lua	1	768	768	32	256	64	0	32	0	384	80	51	0	0	0		1	0	1	
-671088591	scripts/ai/StandardAI.lua	1	768	768	32	256	64	0	32	0	384	80	52	0	0	0		1	0	1	
-671088590	scripts/ai/StandardAI.lua	0	768	768	32	256	64	0	32	0	384	80	53	0	0	0		1	0	0	
-671088589	scripts/ai/StandardAI.lua	0	768	768	32	256	64	0	32	0	384	80	54	0	0	0		0	0	0	
-671088588	scripts/ai/StandardAI.lua	0	768	768	32	256	64	0	32	0	384	80	55	0	0	0		0	0	0	
-671088587	scripts/ai/StandardAI.lua	0	768	768	32	256	64	0	32	0	384	80	56	0	0	0		1	0	0	
-671088586	scripts/ai/StandardAI.lua	0	768	768	32	256	64	0	32	0	384	80	391	0	0	0		1	0	0	
-671088585	scripts/ai/StandardAI.lua	0	768	768	32	256	64	0	32	0	384	80	57	0	0	0		1	0	0	
-671088584	scripts/ai/StandardAI.lua	0	768	768	32	256	64	0	32	0	384	80	0	0	1	0		1	0	0	
-671088583	scripts/ai/StandardAI.lua	0	768	768	32	256	64	0	32	0	384	80	64	0	1	0		1	0	0	
-671088582	scripts/ai/StandardAI.lua	0	768	768	32	256	64	0	32	0	384	80	66	0	1	0		1	0	0	
-671088581	scripts/ai/StandardAI.lua	0	768	768	32	256	64	0	32	0	384	80	298	0	1	0		1	0	0	
-671088580	scripts/ai/StandardAI.lua	0	768	768	32	256	64	0	32	0	384	80	70	0	1	0		1	0	0	
-671088579	scripts/ai/StandardAI.lua	1	768	768	32	256	64	0	32	0	384	80	79	0	1	0		1	0	0	
-671088578	scripts/ai/StandardAI.lua	1	768	768	32	256	64	0	32	0	384	80	84	0	1	0		1	0	0	
-671088577	scripts/ai/StandardAI.lua	1	768	768	32	256	64	0	32	0	384	80	81	0	1	0		1	0	0	
-671088576	scripts/ai/StandardAI.lua	1	768	768	32	256	64	0	32	0	384	80	82	0	1	0		1	0	0	
-671088575	scripts/ai/StandardAI.lua	1	768	768	32	256	64	0	32	0	384	80	83	0	1	0		1	0	0	
-671088574	scripts/ai/StandardAI.lua	1	768	768	32	256	64	0	32	0	384	80	80	0	1	0		1	0	0	
-671088573	scripts/ai/StandardAI.lua	1	768	768	32	256	64	0	32	0	384	80	85	0	1	0		1	0	0	
-671088572	scripts/ai/StandardAI.lua	1	768	768	32	256	64	0	32	0	384	80	86	0	1	0		1	0	0	
-671088571	scripts/ai/StandardAI.lua	1	768	768	32	256	64	0	32	0	384	80	87	0	1	0		1	0	0	
-671088570	scripts/ai/StandardAI.lua	1	768	768	32	256	64	0	32	0	384	80	87	0	2	0		1	0	0	
-671088569	scripts/ai/StandardAI.lua	1	768	768	32	256	64	0	32	0	384	80	87	0	3	0		1	0	0	
-671088568	scripts/ai/StandardAI.lua	0	768	768	32	256	64	0	32	0	384	80	0	0	0	0		0	0	0	
-671088567	scripts/ai/StandardAI.lua	0	768	768	32	256	64	0	32	0	384	80	88	0	1	0		1	0	0	
-671088566	scripts/ai/StandardAI.lua	0	768	768	32	256	64	0	32	0	384	80	89	0	1	0		1	0	0	
-671088565	scripts/ai/StandardAI.lua	0	768	768	32	256	64	0	32	0	384	80	90	0	1	0		1	0	0	
-671088564	scripts/ai/StandardAI.lua	0	768	768	32	256	64	0	32	0	384	80	91	0	1	0		1	0	0	
-671088563	scripts/ai/StandardAI.lua	0	768	768	32	256	64	0	32	0	384	80	92	0	1	0		1	0	0	
-671088562	scripts/ai/StandardAI.lua	0	768	768	32	256	64	0	32	0	384	80	92	0	2	0		1	0	0	
-671088561	scripts/ai/StandardAI.lua	0	768	768	32	256	64	0	32	0	384	80	92	0	3	0		1	0	0	
-671088560	scripts/ai/StandardAI.lua	0	768	768	32	256	64	0	32	0	384	80	93	0	1	0		1	0	0	
-671088559	scripts/ai/StandardAI.lua	0	768	768	32	256	64	0	32	0	384	80	94	0	1	0		1	0	0	
-671088558	scripts/ai/StandardAI.lua	0	768	768	32	256	64	0	32	0	384	80	95	0	1	0		1	0	0	
-671088557	scripts/ai/StandardAI.lua	1	768	768	32	256	64	0	32	0	384	80	96	0	1	0		1	0	0	
-671088556	scripts/ai/StandardAI.lua	1	768	768	32	256	64	0	32	0	384	80	97	0	1	0		1	0	0	
-671088555	scripts/ai/StandardAI.lua	1	768	768	32	256	64	0	32	0	384	80	98	0	1	0		1	0	0	
-671088554	scripts/ai/StandardAI.lua	1	768	768	32	256	64	0	32	0	384	80	99	0	1	0		1	0	0	
-671088553	scripts/ai/StandardAI.lua	1	768	768	32	256	64	0	32	0	384	80	100	0	1	0		1	0	0	
-671088552	scripts/ai/StandardAI.lua	1	768	768	32	256	64	0	32	0	384	80	101	0	1	0		1	0	0	
-671088551	scripts/ai/StandardAI.lua	1	768	768	32	256	64	0	32	0	384	80	102	0	1	0		1	0	0	
-671088550	scripts/ai/StandardAI.lua	1	768	768	32	256	64	0	32	0	384	80	103	0	1	0		1	0	0	
-671088549	scripts/ai/StandardAI.lua	1	768	768	32	256	64	0	32	0	384	80	104	0	1	0		1	0	0	
-671088548	scripts/ai/StandardAI.lua	1	768	768	32	256	64	0	32	0	384	80	105	0	1	0		1	0	0	
-671088547	scripts/ai/StandardAI.lua	1	768	768	32	256	64	0	32	0	384	80	106	0	1	0		1	0	0	
-671088546	scripts/ai/StandardAI.lua	1	768	768	32	256	64	0	32	0	384	80	107	0	1	0		1	0	0	
-671088545	scripts/ai/StandardAI.lua	1	768	768	32	256	64	0	32	0	384	80	108	0	1	0		1	0	0	
-671088544	scripts/ai/StandardAI.lua	1	768	768	32	256	64	0	32	0	384	80	108	0	3	0		1	0	0	
-671088543	scripts/ai/StandardAI.lua	1	768	768	32	256	64	0	32	0	384	80	108	0	2	0		1	0	0	
-671088542	scripts/ai/StandardAI.lua	1	768	768	32	256	64	0	32	0	384	80	109	0	1	0		1	0	0	
-671088541	scripts/ai/StandardAI.lua	1	768	768	32	256	64	0	32	0	384	80	109	0	2	0		1	0	0	
-671088540	scripts/ai/StandardAI.lua	1	768	768	32	256	64	0	32	0	384	80	109	0	3	0		1	0	0	
-671088539	scripts/ai/StandardAI.lua	1	768	768	32	256	64	0	32	0	384	80	110	0	1	0		1	0	0	
-671088538	scripts/ai/StandardAI.lua	1	768	768	32	256	64	0	32	0	384	80	110	0	2	0		1	0	0	
-671088537	scripts/ai/StandardAI.lua	1	768	768	32	256	64	0	32	0	384	80	111	0	1	0		1	0	0	
-671088536	scripts/ai/StandardAI.lua	1	768	768	32	256	64	0	32	0	384	80	112	0	1	0		1	0	0	
-671088535	scripts/ai/StandardAI.lua	1	768	768	32	256	64	0	32	0	384	80	112	0	2	0		1	0	0	
-671088534	scripts/ai/StandardAI.lua	1	768	768	32	256	64	0	32	0	384	80	113	0	1	0		1	0	0	
-671088533	scripts/ai/StandardAI.lua	1	768	768	32	256	64	0	32	0	384	80	114	0	1	0		1	0	0	
-671088532	scripts/ai/StandardAI.lua	1	768	768	32	256	64	0	32	0	384	80	114	0	3	0		1	0	0	
-671088531	scripts/ai/StandardAI.lua	1	768	768	32	256	64	0	32	0	384	80	115	0	1	0		1	0	0	
-671088530	scripts/ai/StandardAI.lua	1	768	768	32	256	64	0	32	0	384	80	115	0	2	0		1	0	0	
-671088529	scripts/ai/StandardAI.lua	1	768	768	32	256	64	0	32	0	384	80	116	0	1	0		1	0	0	
-671088528	scripts/ai/StandardAI.lua	1	768	768	32	256	64	0	32	0	384	80	117	0	1	0		1	0	0	
-671088527	scripts/ai/StandardAI.lua	1	768	768	32	256	64	0	32	0	384	80	118	0	1	0		1	0	0	
-671088526	scripts/ai/StandardAI.lua	1	768	768	32	256	64	0	32	0	384	80	119	0	1	0		1	0	0	
-671088525	scripts/ai/StandardAI.lua	1	768	768	32	256	64	0	32	0	384	80	120	0	1	0		1	0	0	
-671088524	scripts/ai/StandardAI.lua	1	768	768	32	256	64	0	32	0	384	80	121	0	1	0		1	0	0	
-671088523	scripts/ai/StandardAI.lua	1	768	768	32	256	64	0	32	0	384	80	122	0	1	0		1	0	0	
-671088522	scripts/ai/StandardAI.lua	1	768	768	32	256	64	0	32	0	384	80	123	0	1	0		1	0	0	
-671088521	scripts/ai/StandardAI.lua	1	768	768	32	256	64	0	32	0	384	80	124	0	1	0		1	0	0	
-671088520	scripts/ai/StandardAI.lua	1	768	768	32	256	64	0	32	0	384	80	125	0	1	0		1	0	0	
-671088519	scripts/ai/StandardAI.lua	1	768	768	32	256	64	0	32	0	384	80	126	0	1	0		1	0	0	
-671088518	scripts/ai/StandardAI.lua	1	768	768	32	256	64	0	32	0	384	80	127	0	1	0		1	0	0	
-671088517	scripts/ai/StandardAI.lua	1	768	768	32	256	64	0	32	0	384	80	129	0	1	0		1	0	0	
-671088516	scripts/ai/StandardAI.lua	1	768	768	32	256	64	0	32	0	384	80	128	0	1	0		1	0	0	
-671088515	scripts/ai/StandardAI.lua	1	768	768	32	256	64	0	32	0	384	80	130	0	1	0		1	0	0	
-671088514	scripts/ai/StandardAI.lua	1	768	768	32	256	64	0	32	0	384	80	132	0	1	0		1	0	0	
-671088513	scripts/ai/StandardAI.lua	1	768	768	32	256	64	0	32	0	384	80	133	0	1	0		1	0	0	
-671088512	scripts/ai/StandardAI.lua	1	768	768	32	256	64	0	32	0	384	80	135	0	1	0		1	0	0	
-671088511	scripts/ai/StandardAI.lua	1	768	768	32	256	64	0	32	0	384	80	136	0	1	0		1	0	0	
-671088510	scripts/ai/StandardAI.lua	1	768	768	32	256	64	0	32	0	384	80	138	0	1	0		1	0	0	
-671088509	scripts/ai/StandardAI.lua	1	768	768	32	256	64	0	32	0	384	80	139	0	1	0		1	0	0	
-671088508	scripts/ai/StandardAI.lua	1	768	768	32	256	64	0	32	0	384	80	383	0	1	0		1	0	0	
-671088507	scripts/ai/StandardAI.lua	1	768	768	32	256	64	0	32	0	384	80	382	0	1	0		1	0	0	
-671088506	scripts/ai/StandardAI.lua	0	768	768	32	256	64	0	32	0	384	80	93	0	2	0		1	0	0	
-671088505	scripts/ai/StandardAI.lua	0	768	768	32	256	64	0	32	0	384	80	93	0	3	0		1	0	0	
-671088504	scripts/ai/StandardAI.lua	0	768	768	32	256	64	0	32	0	384	80	156	0	1	0		1	0	0	
-671088503	scripts/ai/StandardAI.lua	1	768	768	32	256	64	0	32	0	384	80	195	0	1	0		1	0	0	
-671088502	scripts/ai/StandardAI.lua	1	768	768	32	256	64	0	32	0	384	80	196	0	1	0		1	0	0	
-671088501	scripts/ai/StandardAI.lua	1	768	768	32	256	64	0	32	0	384	80	197	0	0	0		1	0	0	
-671088500	scripts/ai/StandardAI.lua	1	768	768	32	256	64	0	32	0	384	80	357	0	0	0		1	0	1	
-671088499	scripts/ai/StandardAI.lua	1	768	768	32	256	64	0	32	0	384	80	330	0	0	0		1	0	1	
-671088498	scripts/ai/StandardAI.lua	1	768	768	32	256	64	0	32	0	384	80	219	0	0	0		1	0	0	
-671088497	scripts/ai/StandardAI.lua	1	768	768	32	256	64	0	32	0	384	80	221	0	0	0		1	0	0	
-671088496	scripts/ai/StandardAI.lua	1	768	768	32	256	64	0	32	0	384	80	333	0	0	0		1	0	0	
-671088495	scripts/ai/StandardAI.lua	0	768	768	32	256	64	0	32	0	384	80	231	0	2	0		0	0	0	
-671088494	scripts/ai/StandardAI.lua	0	768	768	32	256	64	0	32	0	384	80	231	0	1	0		0	0	0	
-671088493	scripts/ai/StandardAI.lua	0	768	768	32	256	64	0	32	0	384	80	232	0	1	0		1	0	0	
-671088492	scripts/ai/StandardAI.lua	0	768	768	32	256	64	0	32	0	384	80	232	0	2	0		0	0	0	
-671088491	scripts/ai/StandardAI.lua	0	768	768	32	256	64	0	32	0	384	80	233	0	1	0		1	0	0	
-671088490	scripts/ai/StandardAI.lua	0	768	768	32	256	64	0	32	0	384	80	235	0	1	0		1	0	0	
-671088489	scripts/ai/StandardAI.lua	1	768	768	32	256	64	0	32	0	384	80	253	0	0	0		1	0	0	
-671088488	scripts/ai/StandardAI.lua	0	768	768	32	256	64	0	32	0	384	80	334	0	0	0		1	0	0	
-671088487	scripts/ai/StandardAI.lua	0	768	768	32	256	64	0	32	0	384	80	254	0	1	0		1	0	0	
-671088486	scripts/ai/StandardAI.lua	0	768	768	32	256	64	0	32	0	384	80	254	0	2	0		0	0	0	
-671088485	scripts/ai/StandardAI.lua	0	768	768	32	256	64	0	32	0	384	80	336	0	1	0		1	0	0	
-671088484	scripts/ai/StandardAI.lua	0	768	768	32	256	64	0	32	0	384	80	259	0	1	0		1	0	0	
-671088483	scripts/ai/StandardAI.lua	0	768	768	32	256	64	0	32	256	192	80	260	0	2	0		1	0	0	
-671088482	scripts/ai/StandardAI.lua	0	768	768	32	256	64	0	32	0	384	80	262	0	1	0		1	0	0	
-671088481	scripts/ai/StandardAI.lua	0	768	768	32	256	64	0	32	0	384	80	263	0	1	0		1	0	0	
-671088480	scripts/ai/StandardAI.lua	1	768	768	32	256	64	0	32	0	384	80	266	0	1	0		1	0	0	
-671088479	scripts/ai/StandardAI.lua	1	768	768	32	256	64	0	32	0	384	80	267	0	1	0		1	0	0	
-671088478	scripts/ai/StandardAI.lua	1	768	768	32	256	64	0	32	0	384	80	268	0	1	0		1	0	0	
-671088477	scripts/ai/StandardAI.lua	1	768	768	32	256	64	0	32	0	384	80	269	0	1	0		1	0	0	
-671088476	scripts/ai/StandardAI.lua	1	768	768	32	256	64	0	32	0	384	80	270	0	1	0		1	0	0	
-671088475	scripts/ai/StandardAI.lua	1	768	768	32	256	64	0	32	0	384	80	271	0	1	0		1	0	0	
-671088474	scripts/ai/StandardAI.lua	1	768	768	32	256	64	0	32	0	384	80	272	0	1	0		1	0	0	
-671088473	scripts/ai/StandardAI.lua	0	768	768	32	256	64	0	32	0	384	80	275	0	3	0		1	0	0	
-671088472	scripts/ai/StandardAI.lua	0	768	768	32	256	64	0	32	0	384	80	277	0	1	0		1	0	0	
-671088471	scripts/ai/StandardAI.lua	0	768	768	32	256	64	0	32	0	384	80	276	0	1	0		1	0	0	
-671088470	scripts/ai/StandardAI.lua	0	768	768	32	256	64	0	32	0	384	80	278	0	3	0		1	0	0	
-671088469	scripts/ai/StandardAI.lua	0	768	768	32	256	64	0	32	0	384	80	278	0	2	0		1	0	0	
-671088468	scripts/ai/StandardAI.lua	0	768	768	32	256	64	0	32	0	384	80	279	0	1	0		1	0	0	
-671088467	scripts/ai/StandardAI.lua	0	768	768	32	256	64	0	32	0	384	80	273	0	1	0		1	0	0	
-671088466	scripts/ai/StandardAI.lua	0	768	768	32	256	64	0	32	0	384	80	275	0	2	0		1	0	0	
-671088465	scripts/ai/StandardAI.lua	0	768	768	32	256	64	0	32	0	384	80	274	0	1	0		1	0	0	
-671088464	scripts/ai/StandardAI.lua	0	768	768	32	256	64	0	32	0	384	80	280	0	3	0		1	0	0	
-671088463	scripts/ai/StandardAI.lua	0	768	768	32	256	64	0	32	0	384	80	280	0	2	0		1	0	0	
-671088462	scripts/ai/StandardAI.lua	0	768	768	32	256	64	0	32	0	384	80	281	0	1	0		1	0	0	
-671088461	scripts/ai/StandardAI.lua	0	768	768	32	256	64	0	32	0	384	80	294	0	0	0		1	0	0	
-671088460	scripts/ai/StandardAI.lua	0	768	768	32	256	64	0	32	0	384	80	296	0	0	0		0	0	0	
-671088459	scripts/ai/StandardAI.lua	0	768	768	32	256	64	0	32	0	384	80	299	0	1	0		1	0	0	
-671088458	scripts/ai/StandardAI.lua	0	768	768	32	256	64	0	32	0	384	80	63	0	0	0		1	0	0	
-671088457	scripts/ai/StandardAI.lua	0	768	768	32	256	64	0	32	0	384	80	59	0	0	0		1	0	0	
-671088456	scripts/ai/StandardAI.lua	0	768	768	32	256	64	0	32	0	384	80	61	0	0	0		1	0	0	
-671088455	scripts/ai/StandardAI.lua	0	768	768	32	256	64	0	32	0	384	80	301	0	0	0		1	0	0	
-671088454	scripts/ai/StandardAI.lua	0	768	768	32	256	64	0	32	0	384	80	302	0	0	0		1	0	0	
-671088453	scripts/ai/StandardAI.lua	1	768	768	32	256	64	0	32	0	384	80	328	0	0	0		1	0	1	
-671088452	scripts/ai/StandardAI.lua	1	768	768	32	256	64	0	32	0	384	80	327	0	0	0		1	0	1	
-671088451	scripts/ai/StandardAI.lua	1	768	768	32	256	64	0	32	0	384	80	305	0	1	0		1	0	1	
-671088450	scripts/ai/StandardAI.lua	1	768	768	32	256	64	0	32	0	384	80	309	0	0	0		1	0	1	
-671088449	scripts/ai/StandardAI.lua	1	768	768	32	256	64	0	32	0	384	80	308	0	0	0		1	0	1	
-671088448	scripts/ai/StandardAI.lua	1	768	768	32	256	64	0	32	0	384	80	306	0	0	0		1	0	1	
-671088447	scripts/ai/StandardAI.lua	1	768	768	32	256	64	0	32	0	384	80	307	0	0	0		1	0	1	
-671088446	scripts/ai/StandardAI.lua	1	768	768	32	256	64	0	32	0	384	80	310	0	0	0		1	0	1	
-671088445	scripts/ai/StandardAI.lua	1	768	768	32	256	64	0	32	0	384	80	311	0	0	0		1	0	1	
-671088444	scripts/ai/StandardAI.lua	1	768	768	32	256	64	0	32	0	384	80	312	0	0	0		1	0	1	
-671088443	scripts/ai/StandardAI.lua	1	768	768	32	256	64	0	32	0	384	80	313	0	0	0		1	0	1	
-671088442	scripts/ai/StandardAI.lua	1	768	768	32	256	64	0	32	0	384	80	314	0	0	0		1	0	1	
-671088441	scripts/ai/StandardAI.lua	1	768	768	32	256	64	0	32	0	384	80	316	0	0	0		1	0	1	
-671088440	scripts/ai/StandardAI.lua	1	768	768	32	256	64	0	32	0	384	80	315	0	0	0		1	0	1	
-671088439	scripts/ai/StandardAI.lua	1	768	768	32	256	64	0	32	0	384	80	317	0	0	0		1	0	1	
-671088438	scripts/ai/StandardAI.lua	1	768	768	32	256	64	0	32	0	384	80	318	0	0	0		1	0	1	
-671088437	scripts/ai/StandardAI.lua	1	768	768	32	256	64	0	32	0	384	80	319	0	0	0		1	0	1	
-671088436	scripts/ai/StandardAI.lua	1	768	768	32	256	64	0	32	0	384	80	320	0	0	0		1	0	1	
-671088435	scripts/ai/StandardAI.lua	1	768	768	32	256	64	0	32	0	384	80	321	0	0	0		1	0	1	
-671088434	scripts/ai/StandardAI.lua	1	768	768	32	256	64	0	32	0	384	80	322	0	0	0		1	0	1	
-671088433	scripts/ai/StandardAI.lua	1	768	768	32	256	64	0	32	0	384	80	323	0	0	0		1	0	1	
-671088432	scripts/ai/StandardAI.lua	1	768	768	32	256	64	0	32	0	384	80	324	0	0	0		1	0	1	
-671088431	scripts/ai/StandardAI.lua	1	768	768	32	256	64	0	32	0	384	80	325	0	0	0		1	0	1	
-671088430	scripts/ai/StandardAI.lua	1	768	768	32	256	64	0	32	0	384	80	326	0	0	0		1	0	1	
-671088429	scripts/ai/StandardAI.lua	1	768	768	32	256	64	0	32	0	384	80	222	0	0	0		1	0	1	
-671088428	scripts/ai/StandardAI.lua	1	768	768	32	256	64	0	32	0	384	80	329	0	0	0		1	0	1	
-671088427	scripts/ai/StandardAI.lua	1	768	768	32	256	64	0	32	0	384	80	217	0	0	0		1	0	1	
-671088426	scripts/ai/StandardAI.lua	1	768	768	32	256	64	0	32	0	384	80	223	0	0	0		1	0	1	
-671088425	scripts/ai/StandardAI.lua	1	768	768	32	256	64	0	32	0	384	80	229	0	0	0		1	0	1	
-671088424	scripts/ai/StandardAI.lua	1	768	768	32	256	64	0	32	0	384	80	218	0	0	0		1	0	1	
-671088423	scripts/ai/StandardAI.lua	1	768	768	32	256	64	0	32	0	384	80	220	0	0	0		1	0	1	
-671088422	scripts/ai/StandardAI.lua	1	768	768	32	256	64	0	32	0	384	80	331	0	0	0		1	0	1	
-671088421	scripts/ai/StandardAI.lua	1	768	768	32	256	64	0	32	0	384	80	332	0	0	0		1	0	1	
-671088420	scripts/ai/StandardAI.lua	0	768	768	32	256	64	0	32	0	384	80	335	0	0	0		1	0	0	
-671088419	scripts/ai/StandardAI.lua	1	768	768	32	256	64	0	32	0	384	80	337	0	0	0		1	0	1	
-671088418	scripts/ai/StandardAI.lua	1	768	768	32	256	64	0	32	0	384	80	338	0	0	0		1	0	1	
-671088417	scripts/ai/StandardAI.lua	1	768	768	32	256	64	0	32	0	384	80	339	0	0	0		1	0	1	
-671088416	scripts/ai/StandardAI.lua	1	768	768	32	256	64	0	32	0	384	80	340	0	0	0		1	0	1	
-671088415	scripts/ai/StandardAI.lua	1	768	768	32	256	64	0	32	0	384	80	341	0	0	0		1	0	1	
-671088414	scripts/ai/StandardAI.lua	1	768	768	32	256	64	0	32	0	384	80	342	0	0	0		1	0	1	
-671088413	scripts/ai/StandardAI.lua	1	768	768	32	256	64	0	32	0	384	80	343	0	0	0		1	0	1	
-671088412	scripts/ai/StandardAI.lua	1	768	768	32	256	64	0	32	0	384	80	344	0	0	0		1	0	1	
-671088411	scripts/ai/StandardAI.lua	1	768	768	32	256	64	0	32	0	384	80	345	0	0	0		1	0	1	
-671088410	scripts/ai/StandardAI.lua	1	768	768	32	256	64	0	32	0	384	80	346	0	0	0		1	0	1	
-671088409	scripts/ai/StandardAI.lua	1	768	768	32	256	64	0	32	0	384	80	347	0	0	0		1	0	1	
-671088408	scripts\Map\阴山大草原\ai\拜火教传教士.lua	0	768	768	32	256	64	0	32	0	384	80	291	0	1	0		1	0	0	
-671088407	scripts\Map\阴山大草原\ai\拜火教传教士.lua	0	768	768	32	256	64	0	32	0	384	80	292	0	1	0		1	0	0	
-671088406	scripts\Map\阴山大草原\ai\拜火教传教士.lua	0	768	768	32	256	64	0	32	0	384	80	293	0	1	0		1	0	0	
-671088405	scripts/ai/StandardAI.lua	0	768	768	32	256	64	0	32	0	384	80	350	0	0	0		0	0	0	
-671088404	scripts/ai/StandardAI.lua	0	768	768	32	256	64	0	32	0	384	80	349	0	0	0		0	0	0	
-671088403	scripts/ai/StandardAI.lua	0	768	768	32	256	64	0	32	0	384	80	348	0	0	0		0	0	0	
-671088402	scripts/ai/StandardAI.lua	0	768	768	32	256	64	0	32	0	384	80	365	0	0	0		0	0	0	
-671088401	scripts/ai/StandardAI.lua	0	768	768	32	256	64	0	32	0	384	80	351	0	0	0		0	0	0	
-671088400	scripts/ai/StandardAI.lua	0	768	768	32	256	64	0	32	0	384	80	352	0	0	0		0	0	0	
-671088399	scripts/ai/StandardAI.lua	0	768	768	32	256	64	0	32	0	384	80	353	0	0	0		0	0	0	
-671088398	scripts/ai/StandardAI.lua	0	768	768	32	256	64	0	32	0	384	80	354	0	0	0		0	0	0	
-671088397	scripts/ai/StandardAI.lua	0	768	768	32	256	64	0	32	0	384	80	355	0	0	0		0	0	0	
-671088396	scripts/ai/StandardAI.lua	0	768	768	32	256	64	0	32	0	384	80	356	0	0	0		0	0	0	
-671088395	scripts/ai/StandardAI.lua	1	768	768	32	256	64	0	32	0	384	80	358	0	0	0		1	0	1	
-671088394	scripts/ai/StandardAI.lua	1	768	768	32	256	64	0	32	0	384	80	359	0	0	0		1	0	1	
-671088393	scripts/ai/StandardAI.lua	1	768	768	32	256	64	0	32	0	384	80	360	0	0	0		1	0	1	
-671088392	scripts/ai/StandardAI.lua	1	768	768	32	256	64	0	32	0	384	80	361	0	0	0		1	0	1	
-671088391	scripts/ai/StandardAI.lua	1	768	768	32	256	64	0	32	0	384	80	363	0	0	0		1	0	1	
-671088390	scripts/ai/StandardAI.lua	1	768	768	32	256	64	0	32	0	384	80	364	0	0	0		1	0	1	
-671088389	scripts/ai/StandardAI.lua	0	768	768	32	256	64	0	32	512	384	80	367	0	0	0		1	0	0	
-671088388	scripts/ai/StandardAI.lua	0	768	768	32	256	64	0	32	512	384	80	366	0	0	0		1	0	0	
-671088387	scripts/ai/StandardAI.lua	0	768	768	32	256	64	0	32	512	384	80	368	0	0	0		1	0	0	
-671088386	scripts/ai/StandardAI.lua	1	768	768	32	256	64	0	32	0	384	80	370	0	0	0		1	0	1	
-671088385	scripts/ai/StandardAI.lua	1	768	768	32	256	64	0	32	0	384	80	372	0	0	0		1	0	1	
-671088384	scripts/ai/StandardAI.lua	1	768	768	32	256	64	0	32	0	384	80	371	0	0	0		1	0	1	
-671088383	scripts/ai/StandardAI.lua	0	768	768	32	256	64	0	32	512	384	80	373	0	0	0		1	0	0	
-671088382	scripts/ai/StandardAI.lua	0	768	768	32	256	64	0	32	512	384	80	374	0	0	0		1	0	0	
-671088381	scripts/ai/StandardAI.lua	0	768	768	32	256	64	0	32	512	384	80	375	0	0	0		1	0	0	
-671088380	scripts/ai/StandardAI.lua	1	768	768	32	256	64	0	32	0	384	80	378	0	0	0		1	0	1	
-671088379	scripts/ai/StandardAI.lua	1	768	768	32	256	64	0	32	0	384	80	381	0	0	0		1	0	1	
-671088378	scripts/ai/StandardAI.lua	1	768	768	32	256	64	0	32	0	384	80	384	0	0	0		1	0	1	
-671088377	scripts/ai/StandardAI.lua	1	768	768	32	256	64	0	32	0	384	80	385	0	0	0		1	0	1	
-671088376	scripts/ai/StandardAI.lua	1	768	768	32	256	64	0	32	0	384	80	387	0	0	0		1	0	1	
-671088375	scripts/ai/StandardAI.lua	1	768	768	32	256	64	0	32	0	384	80	388	0	0	0		1	0	1	
-671088374	scripts/ai/StandardAI.lua	1	768	768	32	256	64	0	32	0	384	80	389	0	0	0		1	0	1	
-671088373	scripts/ai/StandardAI.lua	1	768	768	32	256	64	0	32	0	384	80	390	0	0	0		1	0	1	
-671088372	scripts/ai/StandardAI.lua	0	768	768	32	256	64	0	32	0	384	80	393	0	0	0		1	0	0	
-671088371	scripts/ai/StandardAI.lua	0	768	768	32	256	64	0	32	0	384	80	395	0	0	0		1	0	0	
-671088370	scripts/ai/StandardAI.lua	0	768	768	32	256	64	0	32	0	384	80	396	0	1	0		1	0	0	
-671088369	scripts/ai/StandardAI.lua	0	768	768	32	256	64	0	32	0	384	80	397	0	0	0		1	0	0	
-671088368	scripts/ai/StandardAI.lua	0	768	768	32	256	64	0	32	0	384	80	398	0	0	0		1	0	0	
-671088367	scripts/ai/StandardAI.lua	0	768	768	32	256	64	0	32	0	384	80	399	0	1	0		1	0	0	
-671088366	scripts/ai/StandardAI.lua	0	768	768	32	256	64	0	32	0	384	80	399	0	2	0		1	0	0	
-671088365	scripts/ai/StandardAI.lua	0	768	768	32	256	64	0	32	0	384	80	400	0	3	0		1	0	0	
-671088364	scripts/ai/StandardAI.lua	0	768	768	32	256	64	0	32	0	384	80	400	0	2	0		1	0	0	
-671088363	scripts/ai/StandardAI.lua	1	768	768	32	256	64	0	32	0	384	80	402	0	1	0		1	0	1	
-671088362	scripts/ai/StandardAI.lua	1	768	768	32	256	64	0	32	0	384	80	403	0	1	0		1	0	1	
-671088361	scripts/ai/StandardAI.lua	1	768	768	32	256	64	0	32	0	384	80	404	0	1	0		1	0	1	
-671088360	scripts/ai/StandardAI.lua	1	768	768	32	256	64	0	32	0	384	80	405	0	1	0		1	0	1	
-671088359	scripts/ai/StandardAI.lua	1	768	768	32	256	64	0	32	0	384	80	406	0	1	0		1	0	1	
-671088358	scripts/ai/StandardAI.lua	1	768	768	32	256	64	0	32	0	384	80	407	0	1	0		1	0	1	
-671088357	scripts/ai/StandardAI.lua	1	768	768	32	256	64	0	32	0	384	80	408	0	1	0		1	0	1	
-671088356	scripts\Map\阴山大草原\ai\拜火教传教士.lua	0	768	768	32	256	64	0	32	0	384	80	409	0	1	0		1	0	0	
-671088355	scripts\Map\阴山大草原\ai\拜火教传教士.lua	0	768	768	32	256	64	0	32	0	384	80	411	0	1	0		1	0	0	
-671088354	scripts\Map\阴山大草原\ai\拜火教传教士.lua	0	768	768	32	256	64	0	32	0	384	80	412	0	1	0		1	0	0	
-671088353	scripts\Map\阴山大草原\ai\拜火教传教士.lua	0	768	768	32	256	64	0	32	0	384	80	413	0	1	0		1	0	0	
-671088352	scripts\Map\阴山大草原\ai\拜火教传教士.lua	0	768	768	32	256	64	0	32	0	384	80	414	0	1	0		1	0	0	
-671088351	scripts/ai/StandardAI.lua	0	768	768	32	256	64	0	32	0	384	80	420	0	1	0		1	0	0	
-671088350	scripts/ai/StandardAI.lua	0	768	768	32	256	64	0	32	0	384	80	422	0	1	0		1	0	0	
-671088349	scripts/ai/StandardAI.lua	1	768	768	32	256	64	0	32	0	384	80	423	0	1	0		1	0	1	
-671088348	scripts/ai/StandardAI.lua	1	768	768	32	256	64	0	32	0	384	80	424	0	1	0		1	0	1	
-671088347	scripts/ai/StandardAI.lua	1	768	768	32	256	64	0	32	0	384	80	425	0	1	0		1	0	1	
-671088346	scripts/ai/StandardAI.lua	0	768	768	32	256	64	0	32	0	384	80	426	0	1	0		1	0	0	
-671088345	scripts/ai/StandardAI.lua	1	768	768	32	256	64	0	32	0	384	80	430	0	1	0		1	0	1	
-671088344	scripts/ai/StandardAI.lua	1	768	768	32	256	64	0	32	0	384	80	430	0	2	0		1	0	1	
-671088343	scripts/ai/StandardAI.lua	1	768	768	32	256	64	0	32	0	384	80	430	0	3	0		1	0	1	
-671088342	scripts/ai/StandardAI.lua	1	768	768	32	256	64	0	32	0	384	80	431	0	1	0		1	0	1	
-671088341	scripts/ai/StandardAI.lua	1	768	768	32	256	64	0	32	0	384	80	431	0	3	0		1	0	1	
-671088340	scripts/ai/StandardAI.lua	1	768	768	32	256	64	0	32	0	384	80	431	0	2	0		1	0	1	
-671088339	scripts/ai/StandardAI.lua	1	768	768	32	256	64	0	32	0	384	80	432	0	1	0		1	0	1	
-671088338	scripts/ai/StandardAI.lua	1	768	768	32	256	64	0	32	0	384	80	432	0	2	0		1	0	1	
-671088337	scripts/ai/StandardAI.lua	1	768	768	32	256	64	0	32	0	384	80	432	0	3	0		1	0	1	
-671088336	scripts\Map\逐鹿中原\ai\孤军深入AI.lua	1	768	768	32	256	64	0	32	0	384	80	433	0	1	0		1	0	1	
-671088335	scripts\Map\逐鹿中原\ai\孤军深入AI.lua	1	768	768	32	256	64	0	32	0	384	80	433	0	3	0		1	0	1	
-671088334	scripts\Map\逐鹿中原\ai\孤军深入AI.lua	1	768	768	32	256	64	0	32	0	384	80	433	0	2	0		1	0	1	
-671088333	scripts\Map\逐鹿中原\ai\孤军深入AI.lua	1	768	768	32	256	64	0	32	0	384	80	434	0	1	0		1	0	1	
-671088332	scripts\Map\逐鹿中原\ai\孤军深入AI.lua	1	768	768	32	256	64	0	32	0	384	80	434	0	2	0		1	0	1	
-671088331	scripts\Map\逐鹿中原\ai\孤军深入AI.lua	1	768	768	32	256	64	0	32	0	384	80	434	0	3	0		1	0	1	
-671088330	scripts\Map\逐鹿中原\ai\孤军深入AI.lua	1	768	768	32	256	64	0	32	0	384	80	435	0	1	0		1	0	1	
-671088329	scripts/ai/StandardAI.lua	1	768	768	32	256	64	0	32	0	384	80	435	0	2	0		1	0	1	
-671088328	scripts/ai/StandardAI.lua	1	768	768	32	256	64	0	32	0	384	80	435	0	3	0		1	0	1	
-671088327	scripts\Map\逐鹿中原\ai\孤军深入AI.lua	1	768	768	32	256	64	0	32	0	384	80	436	0	1	0		1	0	1	
-671088326	scripts\Map\逐鹿中原\ai\孤军深入AI.lua	1	768	768	32	256	64	0	32	0	384	80	436	0	2	0		1	0	1	
-671088325	scripts\Map\逐鹿中原\ai\孤军深入AI.lua	1	768	768	32	256	64	0	32	0	384	80	436	0	3	0		1	0	1	
-671088324	scripts/ai/StandardAI.lua	1	768	768	32	256	64	0	32	0	384	80	437	0	1	0		1	0	1	
-671088323	scripts/ai/StandardAI.lua	1	768	768	32	256	64	0	32	0	384	80	437	0	3	0		1	0	1	
-671088322	scripts/ai/StandardAI.lua	1	768	768	32	256	64	0	32	0	384	80	437	0	2	0		1	0	1	
-671088321	scripts/ai/StandardAI.lua	1	768	768	32	256	64	0	32	0	384	80	437	0	5	0		1	0	1	
-671088320	scripts/ai/StandardAI.lua	1	768	768	32	256	64	0	32	0	384	80	437	0	4	0		1	0	1	
-671088319	scripts/ai/StandardAI.lua	1	768	768	32	256	64	0	32	0	384	80	438	0	1	0		1	0	1	
-671088318	scripts/ai/StandardAI.lua	1	768	768	32	256	64	0	32	0	384	80	438	0	2	0		1	0	1	
-671088317	scripts/ai/StandardAI.lua	1	768	768	32	256	64	0	32	0	384	80	438	0	3	0		1	0	1	
-671088316	scripts/ai/StandardAI.lua	1	768	768	32	256	64	0	32	0	384	80	439	0	1	0		1	0	1	
-671088315	scripts/ai/StandardAI.lua	1	768	768	32	256	64	0	32	0	384	80	439	0	2	0		1	0	1	
-671088314	scripts/ai/StandardAI.lua	1	768	768	32	256	64	0	32	0	384	80	439	0	3	0		1	0	1	
-671088313	scripts/ai/StandardAI.lua	1	768	768	32	256	64	0	32	0	384	80	440	0	1	0		1	0	1	
-671088312	scripts/ai/StandardAI.lua	1	768	768	32	256	64	0	32	0	384	80	440	0	2	0		1	0	1	
-671088311	scripts/ai/StandardAI.lua	1	768	768	32	256	64	0	32	0	384	80	440	0	3	0		1	0	1	
-671088310	scripts/ai/StandardAI.lua	1	768	768	32	256	64	0	32	0	384	80	441	0	1	0		1	0	1	
-671088309	scripts/ai/StandardAI.lua	1	768	768	32	256	64	0	32	0	384	80	441	0	3	0		1	0	1	
-671088308	scripts/ai/StandardAI.lua	1	768	768	32	256	64	0	32	0	384	80	441	0	2	0		1	0	1	
-671088307	scripts/ai/StandardAI.lua	1	768	768	32	256	64	0	32	0	384	80	442	0	1	0		1	0	1	
-671088306	scripts/ai/StandardAI.lua	1	768	768	32	256	64	0	32	0	384	80	442	0	2	0		1	0	1	
-671088305	scripts/ai/StandardAI.lua	1	768	768	32	256	64	0	32	0	384	80	442	0	3	0		1	0	1	
-671088304	scripts/ai/StandardAI.lua	1	768	768	32	256	64	0	32	0	384	80	443	0	1	0		1	0	1	
-671088303	scripts/ai/StandardAI.lua	1	768	768	32	256	64	0	32	0	384	80	443	0	2	0		1	0	1	
-671088302	scripts/ai/StandardAI.lua	1	768	768	32	256	64	0	32	0	384	80	443	0	3	0		1	0	1	
-671088301	scripts\Map\逐鹿中原\ai\孤军深入AI.lua	1	768	768	32	256	64	0	32	0	384	80	444	0	1	0		1	0	1	
-671088300	scripts\Map\逐鹿中原\ai\孤军深入AI.lua	1	768	768	32	256	64	0	32	0	384	80	444	0	2	0		1	0	1	
-671088299	scripts\Map\逐鹿中原\ai\孤军深入AI.lua	1	768	768	32	256	64	0	32	0	384	80	444	0	3	0		1	0	1	
-671088298	scripts\Map\逐鹿中原\ai\孤军深入AI.lua	1	768	768	32	256	64	0	32	0	384	80	445	0	1	0		1	0	1	
-671088297	scripts\Map\逐鹿中原\ai\孤军深入AI.lua	1	768	768	32	256	64	0	32	0	384	80	445	0	2	0		1	0	1	
-671088296	scripts\Map\逐鹿中原\ai\孤军深入AI.lua	1	768	768	32	256	64	0	32	0	384	80	445	0	3	0		1	0	1	
-671088295	scripts\Map\逐鹿中原\ai\孤军深入AI.lua	1	768	768	32	256	64	0	32	0	384	80	446	0	1	0		1	0	1	
-671088294	scripts/ai/StandardAI.lua	1	768	768	32	256	64	0	32	0	384	80	446	0	2	0		1	0	1	
-671088293	scripts/ai/StandardAI.lua	1	768	768	32	256	64	0	32	0	384	80	446	0	3	0		1	0	1	
-671088292	scripts\Map\逐鹿中原\ai\孤军深入AI.lua	1	768	768	32	256	64	0	32	0	384	80	447	0	1	0		1	0	1	
-671088291	scripts\Map\逐鹿中原\ai\孤军深入AI.lua	1	768	768	32	256	64	0	32	0	384	80	447	0	2	0		1	0	1	
-671088290	scripts\Map\逐鹿中原\ai\孤军深入AI.lua	1	768	768	32	256	64	0	32	0	384	80	447	0	3	0		1	0	1	
-671088289	scripts/ai/StandardAI.lua	1	768	768	32	256	64	0	32	0	384	80	448	0	1	0		1	0	1	
-671088288	scripts/ai/StandardAI.lua	1	768	768	32	256	64	0	32	0	384	80	448	0	3	0		1	0	1	
-671088287	scripts/ai/StandardAI.lua	1	768	768	32	256	64	0	32	0	384	80	448	0	2	0		1	0	1	
-671088286	scripts/ai/StandardAI.lua	1	768	768	32	256	64	0	32	0	384	80	448	0	5	0		1	0	1	
-671088285	scripts/ai/StandardAI.lua	1	768	768	32	256	64	0	32	0	384	80	448	0	4	0		1	0	1	
-671088284	scripts/ai/StandardAI.lua	1	768	768	32	256	64	0	32	0	384	80	449	0	1	0		1	0	1	
-671088283	scripts/ai/StandardAI.lua	1	768	768	32	256	64	0	32	0	384	80	449	0	2	0		1	0	1	
-671088282	scripts/ai/StandardAI.lua	1	768	768	32	256	64	0	32	0	384	80	449	0	3	0		1	0	1	
-671088281	scripts/ai/StandardAI.lua	1	768	768	32	256	64	0	32	0	384	80	450	0	1	0		1	0	1	
-671088280	scripts/ai/StandardAI.lua	1	768	768	32	256	64	0	32	0	384	80	450	0	2	0		1	0	1	
-671088279	scripts/ai/StandardAI.lua	1	768	768	32	256	64	0	32	0	384	80	450	0	3	0		1	0	1	
-671088278	scripts/ai/StandardAI.lua	1	768	768	32	256	64	0	32	0	384	80	451	0	1	0		1	0	1	
-671088277	scripts/ai/StandardAI.lua	1	768	768	32	256	64	0	32	0	384	80	451	0	2	0		1	0	1	
-671088276	scripts/ai/StandardAI.lua	1	768	768	32	256	64	0	32	0	384	80	451	0	3	0		1	0	1	
