AIType	ScriptFile	IsPositive	AlertRange	SearchPlayerDistance	AlertOverTime	AttackRange	EscapeTime	EscapeRange	EscapeInterval	WanderRange	WanderDistance	WanderInterval	PatrolPathID	EscapeLife	PatrolOrderIndex	ReviveTeammate	CustomArguments	IsAutoTurn	NpcSceneType	IsSnarlInFight	DialogIdleTime
-1874853887	scripts/ai/StandardAI.lua	1	768	768	32	256	64	0	32	0	384	80	7	0	0	0		1	0	1	
-1874853886	scripts/ai/StandardAI.lua	1	768	768	32	256	64	0	32	0	384	80	10	0	0	0		1	0	1	
-1874853885	scripts/ai/StandardAI.lua	1	768	768	32	256	64	0	32	0	384	80	8	0	0	0		1	0	1	
-1874853884	scripts/ai/StandardAI.lua	1	768	768	32	256	64	0	32	0	384	80	9	0	0	0		1	0	1	
-1874853883	scripts/ai/StandardAI.lua	1	768	768	32	256	64	0	32	0	384	80	6	0	0	0		1	0	1	
-1874853882	scripts/ai/StandardAI.lua	1	768	768	32	256	64	0	32	0	384	80	3	0	0	0		1	0	1	
-1874853881	scripts/ai/StandardAI.lua	1	768	768	32	256	64	0	32	0	384	80	4	0	0	0		1	0	1	
-1874853880	scripts/ai/StandardAI.lua	1	768	768	32	256	64	0	32	0	384	80	2	0	0	0		1	0	1	
-1874853879	scripts/ai/StandardAI.lua	1	768	768	32	256	64	0	32	0	384	80	11	0	0	0		1	0	1	
-1874853878	scripts/ai/StandardAI.lua	1	768	768	32	256	64	0	32	0	384	80	5	0	0	0		1	0	1	
-1874853877	scripts/ai/StandardAI.lua	1	768	768	32	256	64	0	32	0	384	80	1	0	0	0		1	0	1	
-1874853876	scripts/ai/StandardAI.lua	0	768	768	32	256	64	0	32	0	384	80	13	0	0	0		1	0	0	
-1874853875	scripts/ai/StandardAI.lua	0	768	768	32	256	64	0	32	0	384	80	12	0	0	0		1	0	0	
-1874853874	scripts/ai/StandardAI.lua	0	768	768	32	256	64	0	32	0	384	80	15	0	0	0		0	0	0	
-1874853873	scripts/ai/StandardAI.lua	0	768	768	32	256	64	0	32	0	384	80	16	0	0	0		0	0	0	
-1874853872	scripts/ai/StandardAI.lua	0	768	768	32	256	64	0	32	0	384	80	17	0	0	0		1	0	0	
-1874853871	scripts/ai/StandardAI.lua	0	768	768	32	256	64	0	32	0	384	80	18	0	0	0		1	0	0	
-1874853870	scripts/ai/StandardAI.lua	0	768	768	32	256	64	0	32	0	384	80	19	0	0	0		0	0	0	
-1874853869	scripts/ai/StandardAI.lua	0	768	768	32	256	64	0	32	0	384	80	20	0	0	0		1	0	0	
-1874853868	scripts/ai/StandardAI.lua	0	768	768	32	256	64	0	32	0	384	80	21	0	0	0		0	0	0	
-1874853867	scripts/ai/StandardAI.lua	0	768	768	32	256	64	0	32	0	384	80	22	0	0	0		0	0	0	
-1874853866	scripts/ai/StandardAI.lua	0	768	768	32	256	64	0	32	0	384	80	23	0	0	0		0	0	0	
-1874853865	scripts/ai/StandardAI.lua	0	768	768	32	256	64	0	32	0	384	80	24	0	0	0		0	0	0	
-1874853864	scripts/ai/StandardAI.lua	0	768	768	32	256	64	0	32	0	384	80	27	0	0	0		1	0	0	
-1874853863	scripts/ai/StandardAI.lua	0	768	768	32	256	64	0	32	0	384	80	28	0	0	0		0	0	0	
-1874853862	scripts/ai/StandardAI.lua	0	768	768	32	256	64	0	32	0	384	80	29	0	0	0		0	0	0	
-1874853861	scripts/ai/StandardAI.lua	0	768	768	32	256	64	0	32	0	384	80	30	0	0	0		0	0	0	
-1874853860	scripts/ai/StandardAI.lua	0	768	768	32	256	64	0	32	0	384	80	31	0	0	0		1	0	0	
-1874853859	scripts/ai/StandardAI.lua	0	768	768	32	256	64	0	32	0	384	80	32	0	0	0		0	0	0	
-1874853858	scripts/ai/StandardAI.lua	1	768	768	32	256	64	0	32	0	384	80	33	0	0	0		1	0	1	
-1874853857	scripts/ai/StandardAI.lua	1	768	768	32	256	64	0	32	0	384	80	34	0	0	0		1	0	1	
-1874853856	scripts/ai/StandardAI.lua	1	768	768	32	256	64	0	32	0	384	80	35	0	0	0		1	0	1	
-1874853855	scripts/ai/StandardAI.lua	1	768	768	32	256	64	0	32	0	384	80	38	0	0	0		1	0	1	
-1874853854	scripts/ai/StandardAI.lua	1	768	768	32	256	64	0	32	0	384	80	40	0	0	0		1	0	1	
-1874853853	scripts/ai/StandardAI.lua	1	768	768	32	256	64	0	32	0	384	80	41	0	0	0		1	0	1	
-1874853852	scripts/ai/StandardAI.lua	1	768	768	32	256	64	0	32	0	384	80	39	0	0	0		1	0	1	
-1874853851	scripts/ai/StandardAI.lua	1	768	768	32	256	64	0	32	0	384	80	42	0	0	0		1	0	1	
-1874853850	scripts/ai/StandardAI.lua	1	768	768	32	256	64	0	32	0	384	80	43	0	0	0		1	0	1	
-1874853849	scripts/ai/StandardAI.lua	1	768	768	32	256	64	0	32	0	384	80	44	0	0	0		1	0	1	
-1874853848	scripts/ai/StandardAI.lua	1	768	768	32	256	64	0	32	0	384	80	37	0	0	0		1	0	1	
-1874853847	scripts/ai/StandardAI.lua	1	768	768	32	256	64	0	32	0	384	80	36	0	0	0		1	0	1	
-1874853846	scripts/ai/StandardAI.lua	1	768	768	32	256	64	0	32	0	384	80	45	0	0	0		1	0	1	
-1874853845	scripts/ai/StandardAI.lua	1	768	768	32	256	64	0	32	0	384	80	46	0	0	0		1	0	1	
-1874853844	scripts/ai/StandardAI.lua	1	768	768	32	256	64	0	32	0	384	80	47	0	0	0		1	0	1	
-1874853843	scripts/ai/StandardAI.lua	1	768	768	32	256	64	0	32	0	384	80	48	0	0	0		1	0	1	
-1874853842	scripts/ai/StandardAI.lua	1	768	768	32	256	64	0	32	0	384	80	49	0	0	0		1	0	1	
-1874853841	scripts/ai/StandardAI.lua	1	768	768	32	256	64	0	32	0	384	80	50	0	0	0		1	0	1	
-1874853840	scripts/ai/StandardAI.lua	1	768	768	32	256	64	0	32	0	384	80	51	0	0	0		1	0	1	
-1874853839	scripts/ai/StandardAI.lua	1	768	768	32	256	64	0	32	0	384	80	52	0	0	0		1	0	1	
-1874853838	scripts/ai/StandardAI.lua	0	768	768	32	256	64	0	32	0	384	80	53	0	0	0		1	0	0	
-1874853837	scripts/ai/StandardAI.lua	0	768	768	32	256	64	0	32	0	384	80	54	0	0	0		0	0	0	
-1874853836	scripts/ai/StandardAI.lua	0	768	768	32	256	64	0	32	0	384	80	55	0	0	0		0	0	0	
-1874853835	scripts/ai/StandardAI.lua	0	768	768	32	256	64	0	32	0	384	80	56	0	0	0		1	0	0	
-1874853834	scripts/ai/StandardAI.lua	0	768	768	32	256	64	0	32	0	384	80	391	0	0	0		1	0	0	
-1874853833	scripts/ai/StandardAI.lua	0	768	768	32	256	64	0	32	0	384	80	57	0	0	0		1	0	0	
-1874853832	scripts/ai/StandardAI.lua	0	768	768	32	256	64	0	32	0	384	80	0	0	1	0		1	0	0	
-1874853831	scripts/ai/StandardAI.lua	0	768	768	32	256	64	0	32	0	384	80	64	0	1	0		1	0	0	
-1874853830	scripts/ai/StandardAI.lua	0	768	768	32	256	64	0	32	0	384	80	66	0	1	0		1	0	0	
-1874853829	scripts/ai/StandardAI.lua	0	768	768	32	256	64	0	32	0	384	80	298	0	1	0		1	0	0	
-1874853828	scripts/ai/StandardAI.lua	0	768	768	32	256	64	0	32	0	384	80	70	0	1	0		1	0	0	
-1874853827	scripts/ai/StandardAI.lua	1	768	768	32	256	64	0	32	0	384	80	79	0	1	0		1	0	0	
-1874853826	scripts/ai/StandardAI.lua	1	768	768	32	256	64	0	32	0	384	80	84	0	1	0		1	0	0	
-1874853825	scripts/ai/StandardAI.lua	1	768	768	32	256	64	0	32	0	384	80	81	0	1	0		1	0	0	
-1874853824	scripts/ai/StandardAI.lua	1	768	768	32	256	64	0	32	0	384	80	82	0	1	0		1	0	0	
-1874853823	scripts/ai/StandardAI.lua	1	768	768	32	256	64	0	32	0	384	80	83	0	1	0		1	0	0	
-1874853822	scripts/ai/StandardAI.lua	1	768	768	32	256	64	0	32	0	384	80	80	0	1	0		1	0	0	
-1874853821	scripts/ai/StandardAI.lua	1	768	768	32	256	64	0	32	0	384	80	85	0	1	0		1	0	0	
-1874853820	scripts/ai/StandardAI.lua	1	768	768	32	256	64	0	32	0	384	80	86	0	1	0		1	0	0	
-1874853819	scripts/ai/StandardAI.lua	1	768	768	32	256	64	0	32	0	384	80	87	0	1	0		1	0	0	
-1874853818	scripts/ai/StandardAI.lua	1	768	768	32	256	64	0	32	0	384	80	87	0	2	0		1	0	0	
-1874853817	scripts/ai/StandardAI.lua	1	768	768	32	256	64	0	32	0	384	80	87	0	3	0		1	0	0	
-1874853816	scripts/ai/StandardAI.lua	0	768	768	32	256	64	0	32	0	384	80	0	0	0	0		0	0	0	
-1874853815	scripts/ai/StandardAI.lua	0	768	768	32	256	64	0	32	0	384	80	88	0	1	0		1	0	0	
-1874853814	scripts/ai/StandardAI.lua	0	768	768	32	256	64	0	32	0	384	80	89	0	1	0		1	0	0	
-1874853813	scripts/ai/StandardAI.lua	0	768	768	32	256	64	0	32	0	384	80	90	0	1	0		1	0	0	
-1874853812	scripts/ai/StandardAI.lua	0	768	768	32	256	64	0	32	0	384	80	91	0	1	0		1	0	0	
-1874853811	scripts/ai/StandardAI.lua	0	768	768	32	256	64	0	32	0	384	80	92	0	1	0		1	0	0	
-1874853810	scripts/ai/StandardAI.lua	0	768	768	32	256	64	0	32	0	384	80	92	0	2	0		1	0	0	
-1874853809	scripts/ai/StandardAI.lua	0	768	768	32	256	64	0	32	0	384	80	92	0	3	0		1	0	0	
-1874853808	scripts/ai/StandardAI.lua	0	768	768	32	256	64	0	32	0	384	80	93	0	1	0		1	0	0	
-1874853807	scripts/ai/StandardAI.lua	0	768	768	32	256	64	0	32	0	384	80	94	0	1	0		1	0	0	
-1874853806	scripts/ai/StandardAI.lua	0	768	768	32	256	64	0	32	0	384	80	95	0	1	0		1	0	0	
-1874853805	scripts/ai/StandardAI.lua	1	768	768	32	256	64	0	32	0	384	80	96	0	1	0		1	0	0	
-1874853804	scripts/ai/StandardAI.lua	1	768	768	32	256	64	0	32	0	384	80	97	0	1	0		1	0	0	
-1874853803	scripts/ai/StandardAI.lua	1	768	768	32	256	64	0	32	0	384	80	98	0	1	0		1	0	0	
-1874853802	scripts/ai/StandardAI.lua	1	768	768	32	256	64	0	32	0	384	80	99	0	1	0		1	0	0	
-1874853801	scripts/ai/StandardAI.lua	1	768	768	32	256	64	0	32	0	384	80	100	0	1	0		1	0	0	
-1874853800	scripts/ai/StandardAI.lua	1	768	768	32	256	64	0	32	0	384	80	101	0	1	0		1	0	0	
-1874853799	scripts/ai/StandardAI.lua	1	768	768	32	256	64	0	32	0	384	80	102	0	1	0		1	0	0	
-1874853798	scripts/ai/StandardAI.lua	1	768	768	32	256	64	0	32	0	384	80	103	0	1	0		1	0	0	
-1874853797	scripts/ai/StandardAI.lua	1	768	768	32	256	64	0	32	0	384	80	104	0	1	0		1	0	0	
-1874853796	scripts/ai/StandardAI.lua	1	768	768	32	256	64	0	32	0	384	80	105	0	1	0		1	0	0	
-1874853795	scripts/ai/StandardAI.lua	1	768	768	32	256	64	0	32	0	384	80	106	0	1	0		1	0	0	
-1874853794	scripts/ai/StandardAI.lua	1	768	768	32	256	64	0	32	0	384	80	107	0	1	0		1	0	0	
-1874853793	scripts/ai/StandardAI.lua	1	768	768	32	256	64	0	32	0	384	80	108	0	1	0		1	0	0	
-1874853792	scripts/ai/StandardAI.lua	1	768	768	32	256	64	0	32	0	384	80	108	0	3	0		1	0	0	
-1874853791	scripts/ai/StandardAI.lua	1	768	768	32	256	64	0	32	0	384	80	108	0	2	0		1	0	0	
-1874853790	scripts/ai/StandardAI.lua	1	768	768	32	256	64	0	32	0	384	80	109	0	1	0		1	0	0	
-1874853789	scripts/ai/StandardAI.lua	1	768	768	32	256	64	0	32	0	384	80	109	0	2	0		1	0	0	
-1874853788	scripts/ai/StandardAI.lua	1	768	768	32	256	64	0	32	0	384	80	109	0	3	0		1	0	0	
-1874853787	scripts/ai/StandardAI.lua	1	768	768	32	256	64	0	32	0	384	80	110	0	1	0		1	0	0	
-1874853786	scripts/ai/StandardAI.lua	1	768	768	32	256	64	0	32	0	384	80	110	0	2	0		1	0	0	
-1874853785	scripts/ai/StandardAI.lua	1	768	768	32	256	64	0	32	0	384	80	111	0	1	0		1	0	0	
-1874853784	scripts/ai/StandardAI.lua	1	768	768	32	256	64	0	32	0	384	80	112	0	1	0		1	0	0	
-1874853783	scripts/ai/StandardAI.lua	1	768	768	32	256	64	0	32	0	384	80	112	0	2	0		1	0	0	
-1874853782	scripts/ai/StandardAI.lua	1	768	768	32	256	64	0	32	0	384	80	113	0	1	0		1	0	0	
-1874853781	scripts/ai/StandardAI.lua	1	768	768	32	256	64	0	32	0	384	80	114	0	1	0		1	0	0	
-1874853780	scripts/ai/StandardAI.lua	1	768	768	32	256	64	0	32	0	384	80	114	0	3	0		1	0	0	
-1874853779	scripts/ai/StandardAI.lua	1	768	768	32	256	64	0	32	0	384	80	115	0	1	0		1	0	0	
-1874853778	scripts/ai/StandardAI.lua	1	768	768	32	256	64	0	32	0	384	80	115	0	2	0		1	0	0	
-1874853777	scripts/ai/StandardAI.lua	1	768	768	32	256	64	0	32	0	384	80	116	0	1	0		1	0	0	
-1874853776	scripts/ai/StandardAI.lua	1	768	768	32	256	64	0	32	0	384	80	117	0	1	0		1	0	0	
-1874853775	scripts/ai/StandardAI.lua	1	768	768	32	256	64	0	32	0	384	80	118	0	1	0		1	0	0	
-1874853774	scripts/ai/StandardAI.lua	1	768	768	32	256	64	0	32	0	384	80	119	0	1	0		1	0	0	
-1874853773	scripts/ai/StandardAI.lua	1	768	768	32	256	64	0	32	0	384	80	120	0	1	0		1	0	0	
-1874853772	scripts/ai/StandardAI.lua	1	768	768	32	256	64	0	32	0	384	80	121	0	1	0		1	0	0	
-1874853771	scripts/ai/StandardAI.lua	1	768	768	32	256	64	0	32	0	384	80	122	0	1	0		1	0	0	
-1874853770	scripts/ai/StandardAI.lua	1	768	768	32	256	64	0	32	0	384	80	123	0	1	0		1	0	0	
-1874853769	scripts/ai/StandardAI.lua	1	768	768	32	256	64	0	32	0	384	80	124	0	1	0		1	0	0	
-1874853768	scripts/ai/StandardAI.lua	1	768	768	32	256	64	0	32	0	384	80	125	0	1	0		1	0	0	
-1874853767	scripts/ai/StandardAI.lua	1	768	768	32	256	64	0	32	0	384	80	126	0	1	0		1	0	0	
-1874853766	scripts/ai/StandardAI.lua	1	768	768	32	256	64	0	32	0	384	80	127	0	1	0		1	0	0	
-1874853765	scripts/ai/StandardAI.lua	1	768	768	32	256	64	0	32	0	384	80	129	0	1	0		1	0	0	
-1874853764	scripts/ai/StandardAI.lua	1	768	768	32	256	64	0	32	0	384	80	128	0	1	0		1	0	0	
-1874853763	scripts/ai/StandardAI.lua	1	768	768	32	256	64	0	32	0	384	80	130	0	1	0		1	0	0	
-1874853762	scripts/ai/StandardAI.lua	1	768	768	32	256	64	0	32	0	384	80	132	0	1	0		1	0	0	
-1874853761	scripts/ai/StandardAI.lua	1	768	768	32	256	64	0	32	0	384	80	133	0	1	0		1	0	0	
-1874853760	scripts/ai/StandardAI.lua	1	768	768	32	256	64	0	32	0	384	80	135	0	1	0		1	0	0	
-1874853759	scripts/ai/StandardAI.lua	1	768	768	32	256	64	0	32	0	384	80	136	0	1	0		1	0	0	
-1874853758	scripts/ai/StandardAI.lua	1	768	768	32	256	64	0	32	0	384	80	138	0	1	0		1	0	0	
-1874853757	scripts/ai/StandardAI.lua	1	768	768	32	256	64	0	32	0	384	80	139	0	1	0		1	0	0	
-1874853756	scripts/ai/StandardAI.lua	1	768	768	32	256	64	0	32	0	384	80	383	0	1	0		1	0	0	
-1874853755	scripts/ai/StandardAI.lua	1	768	768	32	256	64	0	32	0	384	80	382	0	1	0		1	0	0	
-1874853754	scripts/ai/StandardAI.lua	0	768	768	32	256	64	0	32	0	384	80	93	0	2	0		1	0	0	
-1874853753	scripts/ai/StandardAI.lua	0	768	768	32	256	64	0	32	0	384	80	93	0	3	0		1	0	0	
-1874853752	scripts/ai/StandardAI.lua	0	768	768	32	256	64	0	32	0	384	80	156	0	1	0		1	0	0	
-1874853751	scripts/ai/StandardAI.lua	1	768	768	32	256	64	0	32	0	384	80	195	0	1	0		1	0	0	
-1874853750	scripts/ai/StandardAI.lua	1	768	768	32	256	64	0	32	0	384	80	196	0	1	0		1	0	0	
-1874853749	scripts/ai/StandardAI.lua	1	768	768	32	256	64	0	32	0	384	80	197	0	0	0		1	0	0	
-1874853748	scripts/ai/StandardAI.lua	1	768	768	32	256	64	0	32	0	384	80	357	0	0	0		1	0	1	
-1874853747	scripts/ai/StandardAI.lua	1	768	768	32	256	64	0	32	0	384	80	330	0	0	0		1	0	1	
-1874853746	scripts/ai/StandardAI.lua	1	768	768	32	256	64	0	32	0	384	80	219	0	0	0		1	0	0	
-1874853745	scripts/ai/StandardAI.lua	1	768	768	32	256	64	0	32	0	384	80	221	0	0	0		1	0	0	
-1874853744	scripts/ai/StandardAI.lua	1	768	768	32	256	64	0	32	0	384	80	333	0	0	0		1	0	0	
-1874853743	scripts/ai/StandardAI.lua	0	768	768	32	256	64	0	32	0	384	80	231	0	2	0		0	0	0	
-1874853742	scripts/ai/StandardAI.lua	0	768	768	32	256	64	0	32	0	384	80	231	0	1	0		0	0	0	
-1874853741	scripts/ai/StandardAI.lua	0	768	768	32	256	64	0	32	0	384	80	232	0	1	0		1	0	0	
-1874853740	scripts/ai/StandardAI.lua	0	768	768	32	256	64	0	32	0	384	80	232	0	2	0		0	0	0	
-1874853739	scripts/ai/StandardAI.lua	0	768	768	32	256	64	0	32	0	384	80	233	0	1	0		1	0	0	
-1874853738	scripts/ai/StandardAI.lua	0	768	768	32	256	64	0	32	0	384	80	235	0	1	0		1	0	0	
-1874853737	scripts/ai/StandardAI.lua	1	768	768	32	256	64	0	32	0	384	80	253	0	0	0		1	0	0	
-1874853736	scripts/ai/StandardAI.lua	0	768	768	32	256	64	0	32	0	384	80	334	0	0	0		1	0	0	
-1874853735	scripts/ai/StandardAI.lua	0	768	768	32	256	64	0	32	0	384	80	254	0	1	0		1	0	0	
-1874853734	scripts/ai/StandardAI.lua	0	768	768	32	256	64	0	32	0	384	80	254	0	2	0		0	0	0	
-1874853733	scripts/ai/StandardAI.lua	0	768	768	32	256	64	0	32	0	384	80	336	0	1	0		1	0	0	
-1874853732	scripts/ai/StandardAI.lua	0	768	768	32	256	64	0	32	0	384	80	259	0	1	0		1	0	0	
-1874853731	scripts/ai/StandardAI.lua	0	768	768	32	256	64	0	32	256	192	80	260	0	2	0		1	0	0	
-1874853730	scripts/ai/StandardAI.lua	0	768	768	32	256	64	0	32	0	384	80	262	0	1	0		1	0	0	
-1874853729	scripts/ai/StandardAI.lua	0	768	768	32	256	64	0	32	0	384	80	263	0	1	0		1	0	0	
-1874853728	scripts/ai/StandardAI.lua	1	768	768	32	256	64	0	32	0	384	80	266	0	1	0		1	0	0	
-1874853727	scripts/ai/StandardAI.lua	1	768	768	32	256	64	0	32	0	384	80	267	0	1	0		1	0	0	
-1874853726	scripts/ai/StandardAI.lua	1	768	768	32	256	64	0	32	0	384	80	268	0	1	0		1	0	0	
-1874853725	scripts/ai/StandardAI.lua	1	768	768	32	256	64	0	32	0	384	80	269	0	1	0		1	0	0	
-1874853724	scripts/ai/StandardAI.lua	1	768	768	32	256	64	0	32	0	384	80	270	0	1	0		1	0	0	
-1874853723	scripts/ai/StandardAI.lua	1	768	768	32	256	64	0	32	0	384	80	271	0	1	0		1	0	0	
-1874853722	scripts/ai/StandardAI.lua	1	768	768	32	256	64	0	32	0	384	80	272	0	1	0		1	0	0	
-1874853721	scripts/ai/StandardAI.lua	0	768	768	32	256	64	0	32	0	384	80	275	0	3	0		1	0	0	
-1874853720	scripts/ai/StandardAI.lua	0	768	768	32	256	64	0	32	0	384	80	277	0	1	0		1	0	0	
-1874853719	scripts/ai/StandardAI.lua	0	768	768	32	256	64	0	32	0	384	80	276	0	1	0		1	0	0	
-1874853718	scripts/ai/StandardAI.lua	0	768	768	32	256	64	0	32	0	384	80	278	0	3	0		1	0	0	
-1874853717	scripts/ai/StandardAI.lua	0	768	768	32	256	64	0	32	0	384	80	278	0	2	0		1	0	0	
-1874853716	scripts/ai/StandardAI.lua	0	768	768	32	256	64	0	32	0	384	80	279	0	1	0		1	0	0	
-1874853715	scripts/ai/StandardAI.lua	0	768	768	32	256	64	0	32	0	384	80	273	0	1	0		1	0	0	
-1874853714	scripts/ai/StandardAI.lua	0	768	768	32	256	64	0	32	0	384	80	275	0	2	0		1	0	0	
-1874853713	scripts/ai/StandardAI.lua	0	768	768	32	256	64	0	32	0	384	80	274	0	1	0		1	0	0	
-1874853712	scripts/ai/StandardAI.lua	0	768	768	32	256	64	0	32	0	384	80	280	0	3	0		1	0	0	
-1874853711	scripts/ai/StandardAI.lua	0	768	768	32	256	64	0	32	0	384	80	280	0	2	0		1	0	0	
-1874853710	scripts/ai/StandardAI.lua	0	768	768	32	256	64	0	32	0	384	80	281	0	1	0		1	0	0	
-1874853709	scripts/ai/StandardAI.lua	0	768	768	32	256	64	0	32	0	384	80	294	0	0	0		1	0	0	
-1874853708	scripts/ai/StandardAI.lua	0	768	768	32	256	64	0	32	0	384	80	296	0	0	0		0	0	0	
-1874853707	scripts/ai/StandardAI.lua	0	768	768	32	256	64	0	32	0	384	80	299	0	1	0		1	0	0	
-1874853706	scripts/ai/StandardAI.lua	0	768	768	32	256	64	0	32	0	384	80	63	0	0	0		1	0	0	
-1874853705	scripts/ai/StandardAI.lua	0	768	768	32	256	64	0	32	0	384	80	59	0	0	0		1	0	0	
-1874853704	scripts/ai/StandardAI.lua	0	768	768	32	256	64	0	32	0	384	80	61	0	0	0		1	0	0	
-1874853703	scripts/ai/StandardAI.lua	0	768	768	32	256	64	0	32	0	384	80	301	0	0	0		1	0	0	
-1874853702	scripts/ai/StandardAI.lua	0	768	768	32	256	64	0	32	0	384	80	302	0	0	0		1	0	0	
-1874853701	scripts/ai/StandardAI.lua	1	768	768	32	256	64	0	32	0	384	80	328	0	0	0		1	0	1	
-1874853700	scripts/ai/StandardAI.lua	1	768	768	32	256	64	0	32	0	384	80	327	0	0	0		1	0	1	
-1874853699	scripts/ai/StandardAI.lua	1	768	768	32	256	64	0	32	0	384	80	305	0	1	0		1	0	1	
-1874853698	scripts/ai/StandardAI.lua	1	768	768	32	256	64	0	32	0	384	80	309	0	0	0		1	0	1	
-1874853697	scripts/ai/StandardAI.lua	1	768	768	32	256	64	0	32	0	384	80	308	0	0	0		1	0	1	
-1874853696	scripts/ai/StandardAI.lua	1	768	768	32	256	64	0	32	0	384	80	306	0	0	0		1	0	1	
-1874853695	scripts/ai/StandardAI.lua	1	768	768	32	256	64	0	32	0	384	80	307	0	0	0		1	0	1	
-1874853694	scripts/ai/StandardAI.lua	1	768	768	32	256	64	0	32	0	384	80	310	0	0	0		1	0	1	
-1874853693	scripts/ai/StandardAI.lua	1	768	768	32	256	64	0	32	0	384	80	311	0	0	0		1	0	1	
-1874853692	scripts/ai/StandardAI.lua	1	768	768	32	256	64	0	32	0	384	80	312	0	0	0		1	0	1	
-1874853691	scripts/ai/StandardAI.lua	1	768	768	32	256	64	0	32	0	384	80	313	0	0	0		1	0	1	
-1874853690	scripts/ai/StandardAI.lua	1	768	768	32	256	64	0	32	0	384	80	314	0	0	0		1	0	1	
-1874853689	scripts/ai/StandardAI.lua	1	768	768	32	256	64	0	32	0	384	80	316	0	0	0		1	0	1	
-1874853688	scripts/ai/StandardAI.lua	1	768	768	32	256	64	0	32	0	384	80	315	0	0	0		1	0	1	
-1874853687	scripts/ai/StandardAI.lua	1	768	768	32	256	64	0	32	0	384	80	317	0	0	0		1	0	1	
-1874853686	scripts/ai/StandardAI.lua	1	768	768	32	256	64	0	32	0	384	80	318	0	0	0		1	0	1	
-1874853685	scripts/ai/StandardAI.lua	1	768	768	32	256	64	0	32	0	384	80	319	0	0	0		1	0	1	
-1874853684	scripts/ai/StandardAI.lua	1	768	768	32	256	64	0	32	0	384	80	320	0	0	0		1	0	1	
-1874853683	scripts/ai/StandardAI.lua	1	768	768	32	256	64	0	32	0	384	80	321	0	0	0		1	0	1	
-1874853682	scripts/ai/StandardAI.lua	1	768	768	32	256	64	0	32	0	384	80	322	0	0	0		1	0	1	
-1874853681	scripts/ai/StandardAI.lua	1	768	768	32	256	64	0	32	0	384	80	323	0	0	0		1	0	1	
-1874853680	scripts/ai/StandardAI.lua	1	768	768	32	256	64	0	32	0	384	80	324	0	0	0		1	0	1	
-1874853679	scripts/ai/StandardAI.lua	1	768	768	32	256	64	0	32	0	384	80	325	0	0	0		1	0	1	
-1874853678	scripts/ai/StandardAI.lua	1	768	768	32	256	64	0	32	0	384	80	326	0	0	0		1	0	1	
-1874853677	scripts/ai/StandardAI.lua	1	768	768	32	256	64	0	32	0	384	80	222	0	0	0		1	0	1	
-1874853676	scripts/ai/StandardAI.lua	1	768	768	32	256	64	0	32	0	384	80	329	0	0	0		1	0	1	
-1874853675	scripts/ai/StandardAI.lua	1	768	768	32	256	64	0	32	0	384	80	217	0	0	0		1	0	1	
-1874853674	scripts/ai/StandardAI.lua	1	768	768	32	256	64	0	32	0	384	80	223	0	0	0		1	0	1	
-1874853673	scripts/ai/StandardAI.lua	1	768	768	32	256	64	0	32	0	384	80	229	0	0	0		1	0	1	
-1874853672	scripts/ai/StandardAI.lua	1	768	768	32	256	64	0	32	0	384	80	218	0	0	0		1	0	1	
-1874853671	scripts/ai/StandardAI.lua	1	768	768	32	256	64	0	32	0	384	80	220	0	0	0		1	0	1	
-1874853670	scripts/ai/StandardAI.lua	1	768	768	32	256	64	0	32	0	384	80	331	0	0	0		1	0	1	
-1874853669	scripts/ai/StandardAI.lua	1	768	768	32	256	64	0	32	0	384	80	332	0	0	0		1	0	1	
-1874853668	scripts/ai/StandardAI.lua	0	768	768	32	256	64	0	32	0	384	80	335	0	0	0		1	0	0	
-1874853667	scripts/ai/StandardAI.lua	1	768	768	32	256	64	0	32	0	384	80	337	0	0	0		1	0	1	
-1874853666	scripts/ai/StandardAI.lua	1	768	768	32	256	64	0	32	0	384	80	338	0	0	0		1	0	1	
-1874853665	scripts/ai/StandardAI.lua	1	768	768	32	256	64	0	32	0	384	80	339	0	0	0		1	0	1	
-1874853664	scripts/ai/StandardAI.lua	1	768	768	32	256	64	0	32	0	384	80	340	0	0	0		1	0	1	
-1874853663	scripts/ai/StandardAI.lua	1	768	768	32	256	64	0	32	0	384	80	341	0	0	0		1	0	1	
-1874853662	scripts/ai/StandardAI.lua	1	768	768	32	256	64	0	32	0	384	80	342	0	0	0		1	0	1	
-1874853661	scripts/ai/StandardAI.lua	1	768	768	32	256	64	0	32	0	384	80	343	0	0	0		1	0	1	
-1874853660	scripts/ai/StandardAI.lua	1	768	768	32	256	64	0	32	0	384	80	344	0	0	0		1	0	1	
-1874853659	scripts/ai/StandardAI.lua	1	768	768	32	256	64	0	32	0	384	80	345	0	0	0		1	0	1	
-1874853658	scripts/ai/StandardAI.lua	1	768	768	32	256	64	0	32	0	384	80	346	0	0	0		1	0	1	
-1874853657	scripts/ai/StandardAI.lua	1	768	768	32	256	64	0	32	0	384	80	347	0	0	0		1	0	1	
-1874853656	scripts\Map\阴山大草原\ai\拜火教传教士.lua	0	768	768	32	256	64	0	32	0	384	80	291	0	1	0		1	0	0	
-1874853655	scripts\Map\阴山大草原\ai\拜火教传教士.lua	0	768	768	32	256	64	0	32	0	384	80	292	0	1	0		1	0	0	
-1874853654	scripts\Map\阴山大草原\ai\拜火教传教士.lua	0	768	768	32	256	64	0	32	0	384	80	293	0	1	0		1	0	0	
-1874853653	scripts/ai/StandardAI.lua	0	768	768	32	256	64	0	32	0	384	80	350	0	0	0		0	0	0	
-1874853652	scripts/ai/StandardAI.lua	0	768	768	32	256	64	0	32	0	384	80	349	0	0	0		0	0	0	
-1874853651	scripts/ai/StandardAI.lua	0	768	768	32	256	64	0	32	0	384	80	348	0	0	0		0	0	0	
-1874853650	scripts/ai/StandardAI.lua	0	768	768	32	256	64	0	32	0	384	80	365	0	0	0		0	0	0	
-1874853649	scripts/ai/StandardAI.lua	0	768	768	32	256	64	0	32	0	384	80	351	0	0	0		0	0	0	
-1874853648	scripts/ai/StandardAI.lua	0	768	768	32	256	64	0	32	0	384	80	352	0	0	0		0	0	0	
-1874853647	scripts/ai/StandardAI.lua	0	768	768	32	256	64	0	32	0	384	80	353	0	0	0		0	0	0	
-1874853646	scripts/ai/StandardAI.lua	0	768	768	32	256	64	0	32	0	384	80	354	0	0	0		0	0	0	
-1874853645	scripts/ai/StandardAI.lua	0	768	768	32	256	64	0	32	0	384	80	355	0	0	0		0	0	0	
-1874853644	scripts/ai/StandardAI.lua	0	768	768	32	256	64	0	32	0	384	80	356	0	0	0		0	0	0	
-1874853643	scripts/ai/StandardAI.lua	1	768	768	32	256	64	0	32	0	384	80	358	0	0	0		1	0	1	
-1874853642	scripts/ai/StandardAI.lua	1	768	768	32	256	64	0	32	0	384	80	359	0	0	0		1	0	1	
-1874853641	scripts/ai/StandardAI.lua	1	768	768	32	256	64	0	32	0	384	80	360	0	0	0		1	0	1	
-1874853640	scripts/ai/StandardAI.lua	1	768	768	32	256	64	0	32	0	384	80	361	0	0	0		1	0	1	
-1874853639	scripts/ai/StandardAI.lua	1	768	768	32	256	64	0	32	0	384	80	363	0	0	0		1	0	1	
-1874853638	scripts/ai/StandardAI.lua	1	768	768	32	256	64	0	32	0	384	80	364	0	0	0		1	0	1	
-1874853637	scripts/ai/StandardAI.lua	0	768	768	32	256	64	0	32	512	384	80	367	0	0	0		1	0	0	
-1874853636	scripts/ai/StandardAI.lua	0	768	768	32	256	64	0	32	512	384	80	366	0	0	0		1	0	0	
-1874853635	scripts/ai/StandardAI.lua	0	768	768	32	256	64	0	32	512	384	80	368	0	0	0		1	0	0	
-1874853634	scripts/ai/StandardAI.lua	1	768	768	32	256	64	0	32	0	384	80	370	0	0	0		1	0	1	
-1874853633	scripts/ai/StandardAI.lua	1	768	768	32	256	64	0	32	0	384	80	372	0	0	0		1	0	1	
-1874853632	scripts/ai/StandardAI.lua	1	768	768	32	256	64	0	32	0	384	80	371	0	0	0		1	0	1	
-1874853631	scripts/ai/StandardAI.lua	0	768	768	32	256	64	0	32	512	384	80	373	0	0	0		1	0	0	
-1874853630	scripts/ai/StandardAI.lua	0	768	768	32	256	64	0	32	512	384	80	374	0	0	0		1	0	0	
-1874853629	scripts/ai/StandardAI.lua	0	768	768	32	256	64	0	32	512	384	80	375	0	0	0		1	0	0	
-1874853628	scripts/ai/StandardAI.lua	1	768	768	32	256	64	0	32	0	384	80	378	0	0	0		1	0	1	
-1874853627	scripts/ai/StandardAI.lua	1	768	768	32	256	64	0	32	0	384	80	381	0	0	0		1	0	1	
-1874853626	scripts/ai/StandardAI.lua	1	768	768	32	256	64	0	32	0	384	80	384	0	0	0		1	0	1	
-1874853625	scripts/ai/StandardAI.lua	1	768	768	32	256	64	0	32	0	384	80	385	0	0	0		1	0	1	
-1874853624	scripts/ai/StandardAI.lua	1	768	768	32	256	64	0	32	0	384	80	387	0	0	0		1	0	1	
-1874853623	scripts/ai/StandardAI.lua	1	768	768	32	256	64	0	32	0	384	80	388	0	0	0		1	0	1	
-1874853622	scripts/ai/StandardAI.lua	1	768	768	32	256	64	0	32	0	384	80	389	0	0	0		1	0	1	
-1874853621	scripts/ai/StandardAI.lua	1	768	768	32	256	64	0	32	0	384	80	390	0	0	0		1	0	1	
-1874853620	scripts/ai/StandardAI.lua	0	768	768	32	256	64	0	32	0	384	80	393	0	0	0		1	0	0	
-1874853619	scripts/ai/StandardAI.lua	0	768	768	32	256	64	0	32	0	384	80	395	0	0	0		1	0	0	
-1874853618	scripts/ai/StandardAI.lua	0	768	768	32	256	64	0	32	0	384	80	396	0	1	0		1	0	0	
-1874853617	scripts/ai/StandardAI.lua	0	768	768	32	256	64	0	32	0	384	80	397	0	0	0		1	0	0	
-1874853616	scripts/ai/StandardAI.lua	0	768	768	32	256	64	0	32	0	384	80	398	0	0	0		1	0	0	
-1874853615	scripts/ai/StandardAI.lua	0	768	768	32	256	64	0	32	0	384	80	399	0	1	0		1	0	0	
-1874853614	scripts/ai/StandardAI.lua	0	768	768	32	256	64	0	32	0	384	80	399	0	2	0		1	0	0	
-1874853613	scripts/ai/StandardAI.lua	0	768	768	32	256	64	0	32	0	384	80	400	0	3	0		1	0	0	
-1874853612	scripts/ai/StandardAI.lua	0	768	768	32	256	64	0	32	0	384	80	400	0	2	0		1	0	0	
-1874853611	scripts/ai/StandardAI.lua	1	768	768	32	256	64	0	32	0	384	80	402	0	1	0		1	0	1	
-1874853610	scripts/ai/StandardAI.lua	1	768	768	32	256	64	0	32	0	384	80	403	0	1	0		1	0	1	
-1874853609	scripts/ai/StandardAI.lua	1	768	768	32	256	64	0	32	0	384	80	404	0	1	0		1	0	1	
-1874853608	scripts/ai/StandardAI.lua	1	768	768	32	256	64	0	32	0	384	80	405	0	1	0		1	0	1	
-1874853607	scripts/ai/StandardAI.lua	1	768	768	32	256	64	0	32	0	384	80	406	0	1	0		1	0	1	
-1874853606	scripts/ai/StandardAI.lua	1	768	768	32	256	64	0	32	0	384	80	407	0	1	0		1	0	1	
-1874853605	scripts/ai/StandardAI.lua	1	768	768	32	256	64	0	32	0	384	80	408	0	1	0		1	0	1	
-1874853604	scripts\Map\阴山大草原\ai\拜火教传教士.lua	0	768	768	32	256	64	0	32	0	384	80	409	0	1	0		1	0	0	
-1874853603	scripts\Map\阴山大草原\ai\拜火教传教士.lua	0	768	768	32	256	64	0	32	0	384	80	411	0	1	0		1	0	0	
-1874853602	scripts\Map\阴山大草原\ai\拜火教传教士.lua	0	768	768	32	256	64	0	32	0	384	80	412	0	1	0		1	0	0	
-1874853601	scripts\Map\阴山大草原\ai\拜火教传教士.lua	0	768	768	32	256	64	0	32	0	384	80	413	0	1	0		1	0	0	
-1874853600	scripts\Map\阴山大草原\ai\拜火教传教士.lua	0	768	768	32	256	64	0	32	0	384	80	414	0	1	0		1	0	0	
-1874853599	scripts/ai/StandardAI.lua	0	768	768	32	256	64	0	32	0	384	80	420	0	1	0		1	0	0	
-1874853598	scripts/ai/StandardAI.lua	0	768	768	32	256	64	0	32	0	384	80	422	0	1	0		1	0	0	
-1874853597	scripts/ai/StandardAI.lua	1	768	768	32	256	64	0	32	0	384	80	423	0	1	0		1	0	1	
-1874853596	scripts/ai/StandardAI.lua	1	768	768	32	256	64	0	32	0	384	80	424	0	1	0		1	0	1	
-1874853595	scripts/ai/StandardAI.lua	1	768	768	32	256	64	0	32	0	384	80	425	0	1	0		1	0	1	
-1874853594	scripts/ai/StandardAI.lua	0	768	768	32	256	64	0	32	0	384	80	426	0	1	0		1	0	0	
-1874853593	scripts/ai/StandardAI.lua	1	768	768	32	256	64	0	32	0	384	80	430	0	1	0		1	0	1	
-1874853592	scripts/ai/StandardAI.lua	1	768	768	32	256	64	0	32	0	384	80	430	0	2	0		1	0	1	
-1874853591	scripts/ai/StandardAI.lua	1	768	768	32	256	64	0	32	0	384	80	430	0	3	0		1	0	1	
-1874853590	scripts/ai/StandardAI.lua	1	768	768	32	256	64	0	32	0	384	80	431	0	1	0		1	0	1	
-1874853589	scripts/ai/StandardAI.lua	1	768	768	32	256	64	0	32	0	384	80	431	0	3	0		1	0	1	
-1874853588	scripts/ai/StandardAI.lua	1	768	768	32	256	64	0	32	0	384	80	431	0	2	0		1	0	1	
-1874853587	scripts/ai/StandardAI.lua	1	768	768	32	256	64	0	32	0	384	80	432	0	1	0		1	0	1	
-1874853586	scripts/ai/StandardAI.lua	1	768	768	32	256	64	0	32	0	384	80	432	0	2	0		1	0	1	
-1874853585	scripts/ai/StandardAI.lua	1	768	768	32	256	64	0	32	0	384	80	432	0	3	0		1	0	1	
-1874853584	scripts\Map\逐鹿中原\ai\孤军深入AI.lua	1	768	768	32	256	64	0	32	0	384	80	433	0	1	0		1	0	1	
-1874853583	scripts\Map\逐鹿中原\ai\孤军深入AI.lua	1	768	768	32	256	64	0	32	0	384	80	433	0	3	0		1	0	1	
-1874853582	scripts\Map\逐鹿中原\ai\孤军深入AI.lua	1	768	768	32	256	64	0	32	0	384	80	433	0	2	0		1	0	1	
-1874853581	scripts\Map\逐鹿中原\ai\孤军深入AI.lua	1	768	768	32	256	64	0	32	0	384	80	434	0	1	0		1	0	1	
-1874853580	scripts\Map\逐鹿中原\ai\孤军深入AI.lua	1	768	768	32	256	64	0	32	0	384	80	434	0	2	0		1	0	1	
-1874853579	scripts\Map\逐鹿中原\ai\孤军深入AI.lua	1	768	768	32	256	64	0	32	0	384	80	434	0	3	0		1	0	1	
-1874853578	scripts\Map\逐鹿中原\ai\孤军深入AI.lua	1	768	768	32	256	64	0	32	0	384	80	435	0	1	0		1	0	1	
-1874853577	scripts/ai/StandardAI.lua	1	768	768	32	256	64	0	32	0	384	80	435	0	2	0		1	0	1	
-1874853576	scripts/ai/StandardAI.lua	1	768	768	32	256	64	0	32	0	384	80	435	0	3	0		1	0	1	
-1874853575	scripts\Map\逐鹿中原\ai\孤军深入AI.lua	1	768	768	32	256	64	0	32	0	384	80	436	0	1	0		1	0	1	
-1874853574	scripts\Map\逐鹿中原\ai\孤军深入AI.lua	1	768	768	32	256	64	0	32	0	384	80	436	0	2	0		1	0	1	
-1874853573	scripts\Map\逐鹿中原\ai\孤军深入AI.lua	1	768	768	32	256	64	0	32	0	384	80	436	0	3	0		1	0	1	
-1874853572	scripts/ai/StandardAI.lua	1	768	768	32	256	64	0	32	0	384	80	437	0	1	0		1	0	1	
-1874853571	scripts/ai/StandardAI.lua	1	768	768	32	256	64	0	32	0	384	80	437	0	3	0		1	0	1	
-1874853570	scripts/ai/StandardAI.lua	1	768	768	32	256	64	0	32	0	384	80	437	0	2	0		1	0	1	
-1874853569	scripts/ai/StandardAI.lua	1	768	768	32	256	64	0	32	0	384	80	437	0	5	0		1	0	1	
-1874853568	scripts/ai/StandardAI.lua	1	768	768	32	256	64	0	32	0	384	80	437	0	4	0		1	0	1	
-1874853567	scripts/ai/StandardAI.lua	1	768	768	32	256	64	0	32	0	384	80	438	0	1	0		1	0	1	
-1874853566	scripts/ai/StandardAI.lua	1	768	768	32	256	64	0	32	0	384	80	438	0	2	0		1	0	1	
-1874853565	scripts/ai/StandardAI.lua	1	768	768	32	256	64	0	32	0	384	80	438	0	3	0		1	0	1	
-1874853564	scripts/ai/StandardAI.lua	1	768	768	32	256	64	0	32	0	384	80	439	0	1	0		1	0	1	
-1874853563	scripts/ai/StandardAI.lua	1	768	768	32	256	64	0	32	0	384	80	439	0	2	0		1	0	1	
-1874853562	scripts/ai/StandardAI.lua	1	768	768	32	256	64	0	32	0	384	80	439	0	3	0		1	0	1	
-1874853561	scripts/ai/StandardAI.lua	1	768	768	32	256	64	0	32	0	384	80	440	0	1	0		1	0	1	
-1874853560	scripts/ai/StandardAI.lua	1	768	768	32	256	64	0	32	0	384	80	440	0	2	0		1	0	1	
-1874853559	scripts/ai/StandardAI.lua	1	768	768	32	256	64	0	32	0	384	80	440	0	3	0		1	0	1	
-1874853558	scripts/ai/StandardAI.lua	1	768	768	32	256	64	0	32	0	384	80	441	0	1	0		1	0	1	
-1874853557	scripts/ai/StandardAI.lua	1	768	768	32	256	64	0	32	0	384	80	441	0	3	0		1	0	1	
-1874853556	scripts/ai/StandardAI.lua	1	768	768	32	256	64	0	32	0	384	80	441	0	2	0		1	0	1	
-1874853555	scripts/ai/StandardAI.lua	1	768	768	32	256	64	0	32	0	384	80	442	0	1	0		1	0	1	
-1874853554	scripts/ai/StandardAI.lua	1	768	768	32	256	64	0	32	0	384	80	442	0	2	0		1	0	1	
-1874853553	scripts/ai/StandardAI.lua	1	768	768	32	256	64	0	32	0	384	80	442	0	3	0		1	0	1	
-1874853552	scripts/ai/StandardAI.lua	1	768	768	32	256	64	0	32	0	384	80	443	0	1	0		1	0	1	
-1874853551	scripts/ai/StandardAI.lua	1	768	768	32	256	64	0	32	0	384	80	443	0	2	0		1	0	1	
-1874853550	scripts/ai/StandardAI.lua	1	768	768	32	256	64	0	32	0	384	80	443	0	3	0		1	0	1	
-1874853549	scripts\Map\逐鹿中原\ai\孤军深入AI.lua	1	768	768	32	256	64	0	32	0	384	80	444	0	1	0		1	0	1	
-1874853548	scripts\Map\逐鹿中原\ai\孤军深入AI.lua	1	768	768	32	256	64	0	32	0	384	80	444	0	2	0		1	0	1	
-1874853547	scripts\Map\逐鹿中原\ai\孤军深入AI.lua	1	768	768	32	256	64	0	32	0	384	80	444	0	3	0		1	0	1	
-1874853546	scripts\Map\逐鹿中原\ai\孤军深入AI.lua	1	768	768	32	256	64	0	32	0	384	80	445	0	1	0		1	0	1	
-1874853545	scripts\Map\逐鹿中原\ai\孤军深入AI.lua	1	768	768	32	256	64	0	32	0	384	80	445	0	2	0		1	0	1	
-1874853544	scripts\Map\逐鹿中原\ai\孤军深入AI.lua	1	768	768	32	256	64	0	32	0	384	80	445	0	3	0		1	0	1	
-1874853543	scripts\Map\逐鹿中原\ai\孤军深入AI.lua	1	768	768	32	256	64	0	32	0	384	80	446	0	1	0		1	0	1	
-1874853542	scripts/ai/StandardAI.lua	1	768	768	32	256	64	0	32	0	384	80	446	0	2	0		1	0	1	
-1874853541	scripts/ai/StandardAI.lua	1	768	768	32	256	64	0	32	0	384	80	446	0	3	0		1	0	1	
-1874853540	scripts\Map\逐鹿中原\ai\孤军深入AI.lua	1	768	768	32	256	64	0	32	0	384	80	447	0	1	0		1	0	1	
-1874853539	scripts\Map\逐鹿中原\ai\孤军深入AI.lua	1	768	768	32	256	64	0	32	0	384	80	447	0	2	0		1	0	1	
-1874853538	scripts\Map\逐鹿中原\ai\孤军深入AI.lua	1	768	768	32	256	64	0	32	0	384	80	447	0	3	0		1	0	1	
-1874853537	scripts/ai/StandardAI.lua	1	768	768	32	256	64	0	32	0	384	80	448	0	1	0		1	0	1	
-1874853536	scripts/ai/StandardAI.lua	1	768	768	32	256	64	0	32	0	384	80	448	0	3	0		1	0	1	
-1874853535	scripts/ai/StandardAI.lua	1	768	768	32	256	64	0	32	0	384	80	448	0	2	0		1	0	1	
-1874853534	scripts/ai/StandardAI.lua	1	768	768	32	256	64	0	32	0	384	80	448	0	5	0		1	0	1	
-1874853533	scripts/ai/StandardAI.lua	1	768	768	32	256	64	0	32	0	384	80	448	0	4	0		1	0	1	
-1874853532	scripts/ai/StandardAI.lua	1	768	768	32	256	64	0	32	0	384	80	449	0	1	0		1	0	1	
-1874853531	scripts/ai/StandardAI.lua	1	768	768	32	256	64	0	32	0	384	80	449	0	2	0		1	0	1	
-1874853530	scripts/ai/StandardAI.lua	1	768	768	32	256	64	0	32	0	384	80	449	0	3	0		1	0	1	
-1874853529	scripts/ai/StandardAI.lua	1	768	768	32	256	64	0	32	0	384	80	450	0	1	0		1	0	1	
-1874853528	scripts/ai/StandardAI.lua	1	768	768	32	256	64	0	32	0	384	80	450	0	2	0		1	0	1	
-1874853527	scripts/ai/StandardAI.lua	1	768	768	32	256	64	0	32	0	384	80	450	0	3	0		1	0	1	
-1874853526	scripts/ai/StandardAI.lua	1	768	768	32	256	64	0	32	0	384	80	451	0	1	0		1	0	1	
-1874853525	scripts/ai/StandardAI.lua	1	768	768	32	256	64	0	32	0	384	80	451	0	2	0		1	0	1	
-1874853524	scripts/ai/StandardAI.lua	1	768	768	32	256	64	0	32	0	384	80	451	0	3	0		1	0	1	
