AIType	ScriptFile	IsPositive	AlertRange	SearchPlayerDistance	AlertOverTime	AttackRange	EscapeTime	EscapeRange	EscapeInterval	WanderRange	WanderDistance	WanderInterval	PatrolPathID	EscapeLife	PatrolOrderIndex	ReviveTeammate	CustomArguments	IsAutoTurn	NpcSceneType	IsSnarlInFight	DialogIdleTime
123318	scripts/Map/世界通用/ai/标准无敌免屠杀.lua	0	768	768	32	256	64	0	32	0	384	80	0	0	0	0		1	0	0	320
123319	scripts/ai/StandardAI.lua	0	768	768	32	256	64	0	32	0	384	80	0	0	0	0		1	0	0	320
123352	scripts/ai/StandardAI.lua	0	768	768	32	256	64	0	32	0	384	80	0	0	0	0		0	0	0	320
123368	scripts/ai/StandardAI.lua	0	768	768	32	256	64	0	32	0	384	80	0	0	0	0		1	0	0	320
123369	scripts/Map/银霜口/ai/玩法/滑雪/吸引力.lua	0	768	768	32	256	64	0	32	0	384	80	0	0	0	0		1	0	0	320
123402	scripts/ai/StandardAI.lua	0	768	768	32	256	64	0	32	0	384	80	0	0	0	0		1	0	0	320
123421	scripts/ai/StandardAI.lua	0	768	768	32	256	64	0	32	0	384	80	0	0	0	0		0	0	0	320
123435	scripts/Map/银霜口/ai/入口营地_燕小霞.lua	0	768	768	32	256	64	0	32	0	384	80	0	0	0	0		0	0	0	320
123436	scripts/Map/银霜口/ai/入口营地_霸刀弟子.lua	0	768	768	32	256	64	0	32	0	384	80	0	0	0	0		0	0	0	320
123437	scripts/Map/衍天宗/ai/对话演员.lua	0	768	768	32	256	64	0	32	0	384	80	0	0	0	0		0	0	0	320
123438	scripts/Map/世界通用/ai/标准无敌免屠杀.lua	0	768	768	32	256	64	0	32	0	384	80	0	0	0	0		0	0	0	320
123439	scripts/Map/银霜口/ai/特殊药材_魏华.lua	0	768	768	32	256	64	0	32	0	384	80	0	0	0	0		0	0	0	320
123440	scripts/ai/StandardAI.lua	0	768	768	32	256	64	0	32	0	384	80	0	0	0	0		0	0	0	320
123441	scripts/Map/银霜口/ai/以力夺药・一_渊衡相.lua	0	768	768	32	256	64	0	32	0	384	80	0	0	0	0		0	0	0	320
123444	scripts/Map/银霜口/ai/疾风徐徐_李疾风.lua	0	768	768	32	256	64	0	32	0	384	80	0	0	0	0		0	0	0	32
123445	scripts/ai/StandardAI.lua	0	768	768	32	256	64	0	32	0	384	80	0	0	0	0		0	0	0	320
123446	scripts/ai/StandardAI.lua	0	768	768	32	256	64	0	32	0	384	80	0	0	0	0		1	0	0	320
123447	scripts/ai/StandardAI.lua	0	768	768	32	256	64	0	32	0	384	80	0	0	0	0		1	0	0	320
123448	scripts/ai/StandardAI.lua	0	768	768	32	256	64	0	32	0	384	80	0	0	0	0		1	0	0	320
123449	scripts/ai/StandardAI.lua	0	768	768	32	256	64	0	32	0	384	80	0	0	0	0		1	0	0	320
123450	scripts/ai/StandardAI.lua	0	768	768	32	256	64	0	32	0	384	80	0	0	0	0		1	0	0	320
123451	scripts/ai/StandardAI.lua	0	768	768	32	256	64	0	32	0	384	80	0	0	0	0		1	0	0	320
123452	scripts/ai/StandardAI.lua	0	768	768	32	256	64	0	32	0	384	80	0	0	0	0		1	0	0	320
123453	scripts/ai/StandardAI.lua	0	768	768	32	256	64	0	32	0	384	80	0	0	0	0		0	0	0	320
123454	scripts/ai/StandardAI.lua	0	768	768	32	256	64	0	32	0	384	80	0	0	0	0		0	0	0	320
123455	scripts/ai/StandardAI.lua	0	768	768	32	256	64	0	32	0	384	80	0	0	0	0		0	0	0	320
123456	scripts/ai/StandardAI.lua	0	768	768	32	256	64	0	32	0	384	80	0	0	0	0		0	0	0	320
123457	scripts/Map/银霜口/ai/冰原_渤海武人.lua	0	768	768	32	256	64	0	32	0	384	80	0	0	0	0		1	0	0	320
123458	scripts/ai/StandardAI.lua	0	768	768	32	256	64	0	32	0	384	80	0	0	0	0		1	0	0	320
123459	scripts/ai/StandardAI.lua	0	768	768	32	256	64	0	32	0	384	80	0	0	0	0		1	0	0	320
123460	scripts/ai/StandardAI.lua	0	768	768	32	256	64	0	32	0	384	80	0	0	0	0		0	0	0	320
123461	scripts/ai/StandardAI.lua	0	768	768	32	256	64	0	32	0	384	80	0	0	0	0		0	0	0	320
123462	scripts/ai/StandardAI.lua	0	768	768	32	256	64	0	32	0	384	80	0	0	0	0		0	0	0	320
123463	scripts/Map/银霜口/ai/觅迹寻踪_对打表现.lua	0	768	768	32	256	64	0	32	0	384	80	0	0	0	0		1	0	0	320
123464	scripts/Map/银霜口/ai/觅迹寻踪_对打表现.lua	0	768	768	32	256	64	0	32	0	384	80	0	0	0	0		1	0	0	320
123465	scripts/Map/银霜口/ai/觅迹寻踪_祁进.lua	0	768	768	32	256	64	0	32	0	384	80	0	0	0	0		1	0	0	320
123466	scripts/ai/StandardAI.lua	0	768	768	32	256	64	0	32	0	384	80	0	0	0	0		0	0	0	320
123467	scripts/Map/银霜口/ai/保护友人_李疾风.lua	0	768	768	32	256	64	0	32	0	384	80	0	0	0	0		1	0	0	320
123468	scripts/ai/StandardAI.lua	0	768	768	32	256	64	0	32	0	384	80	0	0	0	0		1	0	0	320
123469	scripts/Map/银霜口/ai/保护友人_武家弟子.lua	0	768	768	32	256	64	0	32	0	384	80	0	0	0	0		1	0	0	320
123470	scripts/Map/银霜口/ai/悬崖山洞_武家弟子.lua	0	768	768	32	256	64	0	32	0	384	80	0	0	0	0		1	0	0	320
123471	scripts/ai/StandardAI.lua	0	768	768	32	256	64	0	32	0	384	80	0	0	0	0		0	0	0	320
123472	scripts/ai/StandardAI.lua	0	768	768	32	256	64	0	32	0	384	80	0	0	0	0		1	0	0	320
123473	scripts/Map/银霜口/ai/索取解药・三_李飞野.lua	0	768	768	32	256	64	0	32	0	384	80	0	0	0	0		1	0	0	320
123474	scripts/ai/StandardAI.lua	0	768	768	32	256	64	0	32	0	384	80	0	0	0	0		1	0	0	320
123475	scripts/ai/StandardAI.lua	0	768	768	32	256	64	0	32	0	384	80	0	0	0	0		1	0	0	320
123476	scripts/ai/StandardAI.lua	0	768	768	32	256	64	0	32	0	384	80	0	0	0	0		1	0	0	320
123477	scripts/ai/StandardAI.lua	0	768	768	32	256	64	0	32	0	384	80	0	0	0	0		0	0	0	320
123478	scripts/ai/StandardAI.lua	0	768	768	32	256	64	0	32	0	384	80	0	0	0	0		1	0	0	320
123479	scripts/ai/StandardAI.lua	0	768	768	32	256	64	0	32	0	384	80	0	0	0	0		1	0	0	320
123480	scripts/ai/StandardAI.lua	0	768	768	32	256	64	0	32	0	384	80	0	0	0	0		1	0	0	320
123499	scripts/Map/银霜口/ai/客栈_莫离宗弟子.lua	1	512	512	32	256	64	0	32	0	384	80	0	0	0	0		0	0	0	320
123501	scripts/Map/银霜口/ai/银霜口豪华版小剧场.lua	0	768	768	32	256	64	0	32	0	384	80	0	0	0	0		1	0	0	320
123507	scripts/ai/StandardAI.lua	0	768	768	32	256	64	0	32	0	384	80	0	0	0	0		0	0	0	320
123508	scripts/Map/世界通用/ai/标准无敌免屠杀.lua	0	768	768	32	256	64	0	32	0	384	80	0	0	0	0		1	0	0	320
123509	scripts/ai/StandardAI.lua	0	768	768	32	256	64	0	32	0	384	80	0	0	0	0		0	0	0	320
123510	scripts/ai/StandardAI.lua	0	768	768	32	256	64	0	32	0	384	80	0	0	0	0		1	0	0	320
123575	scripts/Map/银霜口/ai/又遇魏华_魏华.lua	0	768	768	32	256	64	0	32	0	384	80	0	0	0	0		0	0	0	320
123576	scripts/ai/StandardAI.lua	0	768	768	32	256	64	0	32	0	384	80	0	0	0	0		0	0	0	320
123577	scripts/ai/StandardAI.lua	0	768	768	32	256	64	0	32	0	384	80	0	0	0	0		0	0	0	320
123580	scripts/ai/StandardAI.lua	0	768	768	32	256	64	0	32	0	384	80	0	0	0	0		0	0	0	320
123581	scripts/ai/StandardAI.lua	0	768	768	32	256	64	0	32	0	384	80	0	0	0	0		0	0	0	320
123582	scripts/ai/StandardAI.lua	0	768	768	32	256	64	0	32	0	384	80	0	0	0	0		0	0	0	320
123583	scripts/ai/StandardAI.lua	0	768	768	32	256	64	0	32	0	384	80	0	0	0	0		0	0	0	320
123584	scripts/Map/银霜口/ai/沿路探查_燕小霞.lua	0	768	768	32	256	64	0	32	0	384	80	0	0	0	0		0	0	0	320
123585	scripts/Map/银霜口/ai/沿路探查_李疾风.lua	0	768	768	32	256	64	0	32	0	384	80	0	0	0	0		0	0	0	320
123586	scripts/Map/银霜口/ai/风水术士_燕小霞.lua	0	768	768	32	256	64	0	32	0	384	80	0	0	0	0		0	0	0	320
123587	scripts/ai/StandardAI.lua	0	768	768	32	256	64	0	32	0	384	80	0	0	0	0		0	0	0	320
123588	scripts/ai/StandardAI.lua	0	768	768	32	256	64	0	32	0	384	80	0	0	0	0		0	0	0	320
123589	scripts/ai/StandardAI.lua	0	768	768	32	256	64	0	32	0	384	80	0	0	0	0		0	0	0	320
123590	scripts/ai/StandardAI.lua	0	768	768	32	256	64	0	32	0	384	80	0	0	0	0		0	0	0	320
123591	scripts/ai/StandardAI.lua	0	768	768	32	256	64	0	32	0	384	80	0	0	0	0		0	0	0	320
123592	scripts/ai/StandardAI.lua	0	768	768	32	256	64	0	32	0	384	80	0	0	0	0		0	0	0	320
123593	scripts/ai/StandardAI.lua	0	768	768	32	256	64	0	32	0	384	80	0	0	0	0		0	0	0	320
123594	scripts/ai/StandardAI.lua	0	768	768	32	256	64	0	32	0	384	80	0	0	0	0		0	0	0	320
123595	scripts/ai/StandardAI.lua	0	768	768	32	256	64	0	32	0	384	80	0	0	0	0		0	0	0	320
123596	scripts/ai/StandardAI.lua	0	768	768	32	256	64	0	32	0	384	80	0	0	0	0		0	0	0	320
123597	scripts/ai/StandardAI.lua	0	768	768	32	256	64	0	32	0	384	80	0	0	0	0		0	0	0	320
123598	scripts/ai/StandardAI.lua	0	768	768	32	256	64	0	32	0	384	80	0	0	0	0		0	0	0	320
123604	scripts/Map/银霜口/ai/悬崖山洞_武家高级弟子.lua	0	768	768	32	256	64	0	32	0	384	80	0	0	0	0		1	0	0	320
123614	scripts/ai/StandardAI_CanSwim.lua	0	768	768	32	256	64	0	32	0	384	80	0	0	0	0		1	0	0	320
123621	scripts/Map/银霜口/ai/上山路_柳亭澜.lua	0	768	768	32	256	64	0	32	0	384	80	0	0	0	0		0	0	0	320
123622	scripts/ai/StandardAI.lua	0	768	768	32	256	64	0	32	0	384	80	0	0	0	0		0	0	0	320
123623	scripts/Map/银霜口/ai/解家隐身小怪.lua	1	512	512	32	256	64	0	32	0	384	80	0	0	0	0		0	0	0	320
123624	scripts/Map/银霜口/ai/上山路_双BOSS一号.lua	0	768	768	32	256	64	0	32	0	384	80	0	0	0	0		0	0	0	320
123625	scripts/Map/银霜口/ai/上山路_双BOSS二号.lua	0	768	768	32	256	64	0	32	0	384	80	0	0	0	0		0	0	0	320
123626	scripts/Map/银霜口/ai/上山路_放置AOE.lua	0	768	768	32	256	64	0	32	0	384	80	0	0	0	0		1	0	0	320
123627	scripts/Map/银霜口/ai/明枪暗箭_解家弟子.lua	0	768	768	32	256	64	0	32	0	384	80	0	0	0	0		1	0	0	320
123628	scripts/ai/StandardAI.lua	0	768	768	32	256	64	0	32	0	384	80	0	0	0	0		0	0	0	320
123629	scripts/Map/衍天宗/ai/普通演员.lua	0	768	768	32	256	64	0	32	0	384	80	0	0	0	0		1	0	0	320
123630	scripts/Map/衍天宗/ai/普通演员.lua	0	768	768	32	256	64	0	32	0	384	80	0	0	0	0		0	0	0	320
123634	scripts/Map/世界通用/ai/演员可对话.lua	0	768	768	32	256	64	0	32	0	384	80	0	0	0	0		0	0	0	320
123635	scripts/Map/世界通用/ai/演员可对话.lua	0	768	768	32	256	64	0	32	0	384	80	0	0	0	0		0	0	0	320
123636	scripts/ai/StandardAI.lua	0	768	768	32	256	64	0	32	0	384	80	0	0	0	0		1	0	0	320
123637	scripts/ai/StandardAI.lua	0	768	768	32	256	64	0	32	0	384	80	0	0	0	0		1	0	0	320
123638	scripts/ai/StandardAI.lua	0	768	768	32	256	64	0	32	0	384	80	0	0	0	0		1	0	0	320
123639	scripts/ai/StandardAI.lua	0	768	768	32	256	64	0	32	0	384	80	0	0	0	0		1	0	0	320
123640	scripts/ai/StandardAI.lua	0	768	768	32	256	64	0	32	0	384	80	0	0	0	0		1	0	0	320
123641	scripts/ai/StandardAI.lua	0	768	768	32	256	64	0	32	0	384	80	0	0	0	0		1	0	0	320
123642	scripts/ai/StandardAI.lua	0	768	768	32	256	64	0	32	0	384	80	0	0	0	0		1	0	0	320
123643	scripts/ai/StandardAI.lua	0	768	768	32	256	64	0	32	0	384	80	0	0	0	0		1	0	0	320
123645	scripts/ai/StandardAI.lua	0	768	768	32	256	64	0	32	0	384	80	0	0	0	0		1	0	0	320
123646	scripts/ai/StandardAI.lua	0	768	768	32	256	64	0	32	0	384	80	0	0	0	0		0	0	0	320
123647	scripts/ai/StandardAI.lua	0	768	768	32	256	64	0	32	0	384	80	0	0	0	0		1	0	0	320
123648	scripts/ai/StandardAI.lua	0	768	768	32	256	64	0	32	0	384	80	0	0	0	0		0	0	0	320
123649	scripts/ai/StandardAI.lua	0	768	768	32	256	64	0	32	0	384	80	0	0	0	0		0	0	0	320
123650	scripts/ai/StandardAI.lua	0	768	768	32	256	64	0	32	0	384	80	0	0	0	0		1	0	0	320
123651	scripts/Map/银霜口/ai/入口营地_莫离宗弟子.lua	0	768	768	32	256	64	0	32	0	384	80	0	0	0	0		0	0	0	320
123652	scripts/Map/衍天宗/ai/普通演员.lua	0	768	768	32	256	64	0	32	0	384	80	0	0	0	0		0	0	0	320
123653	scripts/Map/世界通用/ai/标准无敌免屠杀.lua	0	768	768	32	256	64	0	32	0	384	80	0	0	0	0		0	0	0	320
123654	scripts/Map/世界通用/ai/标准无敌免屠杀.lua	0	768	768	32	256	64	0	32	0	384	80	0	0	0	0		0	0	0	320
123655	scripts/ai/StandardAI.lua	0	768	768	32	256	64	0	32	0	384	80	0	0	0	0		1	0	0	320
123700	scripts/ai/StandardAI.lua	0	768	768	32	256	64	0	32	0	384	80	0	0	0	0		0	0	0	320
123743	scripts/ai/StandardAI.lua	0	768	768	32	256	64	0	32	0	384	80	0	0	0	0		0	0	0	320
123744	scripts/ai/StandardAI.lua	0	768	768	32	256	64	0	32	0	384	80	0	0	0	0		0	0	0	320
123745	scripts/Map/银霜口/ai/引人耳目_罗道山.lua	0	768	768	32	256	64	0	32	0	384	80	0	0	0	0		1	0	0	320
123746	scripts/Map/银霜口/ai/引人耳目_郭珠.lua	0	768	768	32	256	64	0	32	0	384	80	0	0	0	0		1	0	0	320
123747	scripts/ai/StandardAI.lua	0	768	768	32	256	64	0	32	0	384	80	0	0	0	0		1	0	0	320
123748	scripts/ai/StandardAI.lua	0	768	768	32	256	64	0	32	0	384	80	0	0	0	0		1	0	0	320
123749	scripts/ai/StandardAI.lua	0	768	768	32	256	64	0	32	0	384	80	0	0	0	0		1	0	0	320
123750	scripts/ai/StandardAI.lua	0	768	768	32	256	64	0	32	0	384	80	0	0	0	0		1	0	0	320
123751	scripts/ai/StandardAI.lua	0	768	768	32	256	64	0	32	0	384	80	0	0	0	0		1	0	0	320
123752	scripts/ai/StandardAI.lua	0	768	768	32	256	64	0	32	0	384	80	0	0	0	0		1	0	0	320
123753	scripts/ai/StandardAI.lua	0	768	768	32	256	64	0	32	0	384	80	0	0	0	0		1	0	0	320
123754	scripts/ai/StandardAI.lua	0	768	768	32	256	64	0	32	0	384	80	0	0	0	0		0	0	0	320
123755	scripts/ai/StandardAI.lua	0	768	768	32	256	64	0	32	0	384	80	0	0	0	0		1	0	0	320
123756	scripts/Map/银霜口/ai/神秘高人_表现.lua	0	768	768	32	256	64	0	32	0	384	80	0	0	0	0		0	0	0	320
123757	scripts/Map/银霜口/ai/神秘高人_表现.lua	0	768	768	32	256	64	0	32	0	384	80	0	0	0	0		1	0	0	320
123758	scripts/Map/银霜口/ai/神秘高人_表现.lua	0	768	768	32	256	64	0	32	0	384	80	0	0	0	0		1	0	0	320
123759	scripts/ai/StandardAI.lua	0	768	768	32	256	64	0	32	0	384	80	0	0	0	0		0	0	0	320
123773	scripts/Map/银霜口/ai/引人耳目_罗道山_辅助.lua	0	768	768	32	256	64	0	32	0	384	80	0	0	0	0		1	0	0	320
123775	scripts/Map/银霜口/ai/引人耳目_罗道山_飞刀.lua	0	768	768	32	256	64	0	32	0	384	80	0	0	0	0		1	0	0	320
123818	scripts/ai/StandardAI.lua	0	768	768	32	256	64	0	32	0	384	80	0	0	0	0		1	0	0	320
123819	scripts/Map/世界通用/ai/标准无敌免屠杀.lua	0	768	768	32	256	64	0	32	0	384	80	0	0	0	0		0	0	0	320
123820	scripts/Map/世界通用/ai/标准无敌免屠杀.lua	0	768	768	32	256	64	0	32	0	384	80	0	0	0	0		0	0	0	320
123821	scripts/Map/世界通用/ai/标准无敌免屠杀.lua	0	768	768	32	256	64	0	32	0	384	80	0	0	0	0		0	0	0	320
123827	scripts/ai/StandardAI.lua	0	768	768	32	256	64	0	32	0	384	80	0	0	0	0		1	0	0	320
123828	scripts/ai/StandardAI.lua	0	768	768	32	256	64	0	32	0	384	80	0	0	0	0		0	0	0	320
123839	scripts/ai/StandardAI.lua	0	768	768	32	256	64	0	32	0	384	80	0	0	0	0		1	0	0	320
123846	scripts/Map/场景事件/ai/场景事件总控_银霜口.lua	0	768	768	32	256	64	0	32	0	384	80	0	0	0	0		1	0	0	320
123873	scripts/Map/银霜口/ai/以力夺药・二_渊衡相.lua	0	768	768	32	256	64	0	32	0	384	80	0	0	0	0		0	0	0	320
123874	scripts/ai/StandardAI.lua	0	768	768	32	256	64	0	32	0	384	80	0	0	0	0		1	0	0	320
123908	scripts/Map/衍天宗/ai/普通演员.lua	0	768	768	32	256	64	0	32	0	384	80	0	0	0	0		0	0	0	320
123949	scripts/ai/StandardAI.lua	0	768	768	32	256	64	0	32	0	384	80	0	0	0	0		1	0	0	320
123953	scripts\Map\ACT_通用PQ\ai\标记NPC.lua	0	768	768	32	256	64	0	32	0	384	80	0	0	0	0		1	0	0	320
123955	scripts/Map/银霜口/ai/事件/恶狼传说/PQ413总控.lua	0	768	768	32	256	64	0	32	0	384	80	0	0	0	0		1	0	0	320
123957	scripts/Map/银霜口/ai/事件/恶狼传说/PQ413_狼.lua	0	768	768	32	256	64	0	32	0	384	80	0	0	0	0		1	0	0	320
123958	scripts/Map/银霜口/ai/事件/恶狼传说/阶段总控.lua	0	768	768	32	256	64	0	32	0	384	80	0	0	0	0		1	0	0	320
123959	scripts/Map/银霜口/ai/事件/恶狼传说/PQ414总控.lua	0	768	768	32	256	64	0	32	0	384	80	0	0	0	0		1	0	0	320
123960	scripts/Map/银霜口/ai/事件/恶狼传说/PQ414_BOSS.lua	0	768	768	32	256	64	0	32	0	384	80	0	0	0	0		1	0	0	320
123962	scripts/ai/StandardAI.lua	0	768	768	32	256	64	0	32	0	384	80	0	0	0	0		1	0	0	320
123995	scripts/Map/世界通用/ai/标准无敌免屠杀.lua	0	768	768	32	256	64	0	32	0	384	80	0	0	0	0		0	0	0	320
123996	scripts/Map/世界通用/ai/标准无敌免屠杀.lua	0	768	768	32	256	64	0	32	0	384	80	0	0	0	0		1	0	0	320
124001	scripts/Map/银霜口/ai/事件/养羊日常/阶段总控.lua	0	768	768	32	256	64	0	32	0	384	80	0	0	0	0		1	0	0	320
124002	scripts/Map/银霜口/ai/事件/养羊日常/PQ415总控.lua	0	768	768	32	256	64	0	32	0	384	80	0	0	0	0		1	0	0	320
124003	scripts/Map/银霜口/ai/事件/养羊日常/PQ416总控.lua	0	768	768	32	256	64	0	32	0	384	80	0	0	0	0		1	0	0	320
124004	scripts/ai/StandardAI.lua	0	768	768	32	256	64	0	32	0	384	80	0	0	0	0		1	0	0	320
124005	scripts/ai/StandardAI.lua	0	768	768	32	256	64	0	32	0	384	80	0	0	0	0		1	0	0	320
124006	scripts/ai/StandardAI.lua	0	768	768	32	256	64	0	32	0	384	80	0	0	0	0		0	0	0	320
124007	scripts/ai/StandardAI.lua	0	768	768	32	256	64	0	32	0	384	80	0	0	0	0		1	0	0	320
124008	scripts/Map/银霜口/ai/事件/养羊日常/PQ416_迷路的羊.lua	0	768	768	32	256	64	0	32	0	384	80	0	0	0	0		1	0	0	320
124017	scripts/ai/StandardAI.lua	0	768	768	32	256	64	0	32	0	384	80	0	0	0	0		1	0	0	320
124018	scripts/ai/StandardAI.lua	0	768	768	32	256	64	0	32	0	384	80	0	0	0	0		1	0	0	320
124025	scripts/Map/世界通用/ai/标准无敌免屠杀.lua	0	768	768	32	256	64	0	32	0	384	80	0	0	0	0		0	0	0	320
124026	scripts/Map/银霜口/ai/幻境与佛_小怪.lua	0	768	768	32	256	64	0	32	0	384	80	0	0	0	0		1	0	0	320
124027	scripts/ai/StandardAI.lua	0	768	768	32	256	64	0	32	0	384	80	0	0	0	0		0	0	0	320
124028	scripts/Map/衍天宗/ai/普通演员.lua	0	768	768	32	256	64	0	32	0	384	80	0	0	0	0		0	0	0	320
124029	scripts/Map/衍天宗/ai/普通演员.lua	0	768	768	32	256	64	0	32	0	384	80	0	0	0	0		0	0	0	320
124030	scripts/ai/StandardAI.lua	0	768	768	32	256	64	0	32	0	384	80	0	0	0	0		1	0	0	320
124031	scripts/Map/银霜口/ai/幻境与佛_刷怪.lua	0	768	768	32	256	64	0	32	0	384	80	0	0	0	0		1	0	0	320
124039	scripts/ai/StandardAI.lua	0	768	768	32	256	64	0	32	0	384	80	0	0	0	0		0	0	0	320
124040	scripts/ai/StandardAI.lua	0	768	768	32	256	64	0	32	0	384	80	0	0	0	0		0	0	0	320
124041	scripts/ai/StandardAI.lua	0	768	768	32	256	64	0	32	512	384	80	0	0	0	0		1	0	0	320
124042	scripts/ai/StandardAI.lua	0	768	768	32	256	64	0	32	512	384	80	0	0	0	0		1	0	0	320
124043	scripts/ai/StandardAI.lua	0	768	768	32	256	64	960	32	512	384	80	0	30	0	0		1	0	0	320
124044	scripts/ai/StandardAI.lua	0	768	768	32	256	64	960	32	512	384	80	0	30	0	0		1	0	0	320
124051	scripts/ai/StandardAI.lua	0	768	768	32	256	64	0	32	0	384	80	0	0	0	0		0	0	0	320
124052	scripts/ai/StandardAI.lua	0	768	768	32	256	64	0	32	0	384	80	0	0	0	0		0	0	0	320
124058	scripts/ai/StandardAI.lua	0	768	768	32	256	64	0	32	0	384	80	0	0	0	0		1	0	0	320
124068	scripts/ai/StandardAI.lua	0	768	768	32	256	64	0	32	0	384	80	0	0	0	0		0	0	0	320
124069	scripts/ai/StandardAI.lua	0	768	768	32	256	64	0	32	0	384	80	0	0	0	0		1	0	0	320
124070	scripts/ai/StandardAI.lua	0	768	768	32	256	64	0	32	0	384	80	0	0	0	0		1	0	0	320
124071	scripts/ai/StandardAI.lua	0	768	768	32	256	64	0	32	0	384	80	0	0	0	0		0	0	0	320
124331	scripts/ai/StandardAI.lua	0	768	768	32	256	64	0	32	0	384	80	0	0	0	0		1	0	0	320
124334	scripts/Map/银霜口/ai/索取解药・三_李飞野_双叉.lua	0	768	768	32	256	64	0	32	0	384	80	0	0	0	0		1	0	0	320
124335	scripts/Map/世界通用/ai/标准无敌免屠杀.lua	0	768	768	32	256	64	0	32	0	384	80	0	0	0	0		0	0	0	320
124336	scripts/Map/世界通用/ai/标准无敌免屠杀.lua	0	768	768	32	256	64	0	32	0	384	80	0	0	0	0		0	0	0	320
124337	scripts/Map/世界通用/ai/标准无敌免屠杀.lua	0	768	768	32	256	64	0	32	0	384	80	0	0	0	0		0	0	0	320
124354	scripts/Map/银霜口/ai/索取解药・三_李飞野_毒圈.lua	0	768	768	32	256	64	0	32	0	384	80	0	0	0	0		1	0	0	320
124365	scripts/Map/银霜口/ai/双峦洞_被策反的中原武人.lua	0	768	768	32	256	64	0	32	0	384	80	0	0	0	0		0	0	0	320
124367	scripts/Map/银霜口/ai/事件/PQ417/PQ417总控.lua	0	768	768	32	256	64	0	32	0	384	80	0	0	0	0		1	0	0	320
124368	scripts/Map/银霜口/ai/事件/PQ418/PQ418总控.lua	0	768	768	32	256	64	0	32	0	384	80	0	0	0	0		1	0	0	320
124369	scripts/Map/银霜口/ai/事件/PQ419/PQ419总控.lua	0	768	768	32	256	64	0	32	0	384	80	0	0	0	0		1	0	0	320
124370	scripts/Map/银霜口/ai/事件/PQ420/PQ420总控.lua	0	768	768	32	256	64	0	32	0	384	80	0	0	0	0		1	0	0	320
124371	scripts/Map/银霜口/ai/事件/PQ421/PQ421总控.lua	0	768	768	32	256	64	0	32	0	384	80	0	0	0	0		1	0	0	320
124372	scripts/Map/银霜口/ai/事件/PQ422/PQ422总控.lua	0	768	768	32	256	64	0	32	0	384	80	0	0	0	0		1	0	0	320
124378	scripts/Map/银霜口/ai/悬崖山洞_武家高级弟子.lua	0	768	768	32	256	64	0	32	0	384	80	0	0	0	0		1	0	0	320
124446	scripts/Map/银霜口/ai/神秘高人_表现.lua	0	768	768	32	256	64	0	32	0	384	80	0	0	0	0		1	0	0	320
124449	scripts/Map/银霜口/ai/事件/PQ417/PQ417镖车.lua	0	768	768	32	256	64	0	32	0	384	80	0	0	0	0		1	0	0	320
124450	scripts/Map/银霜口/ai/事件/PQ417/PQ417镖师.lua	0	768	768	32	256	64	0	32	0	384	80	0	0	0	0		1	0	0	320
124451	scripts/Map/银霜口/ai/事件/PQ417/PQ417镖师.lua	0	768	768	32	256	64	0	32	0	384	80	0	0	0	0		1	0	0	320
124452	scripts/Map/银霜口/ai/事件/PQ417/PQ417劫匪.lua	0	768	768	32	256	64	0	32	0	384	80	0	0	0	0		1	0	0	320
124453	scripts/Map/银霜口/ai/事件/PQ417/PQ417劫匪.lua	0	768	768	32	256	64	0	32	0	384	80	0	0	0	0		1	0	0	320
124454	scripts/Map/银霜口/ai/事件/PQ418/PQ418BOSS.lua	0	768	768	32	256	64	0	32	0	384	80	0	0	0	0		1	0	0	320
124455	scripts/Map/银霜口/ai/事件/PQ418/PQ418群架.lua	0	768	768	32	256	64	0	32	0	384	80	0	0	0	0		1	0	0	320
124456	scripts/Map/银霜口/ai/事件/PQ418/PQ418群架.lua	0	768	768	32	256	64	0	32	0	384	80	0	0	0	0		1	0	0	320
124457	scripts/Map/银霜口/ai/事件/PQ418/PQ418柳静海.lua	0	768	768	32	256	64	0	32	0	384	80	0	0	0	0		1	0	0	320
124458	scripts/ai/StandardAI_CanSwim.lua	0	768	768	32	256	64	0	32	0	384	80	0	0	0	0		0	0	0	320
124459	scripts/ai/StandardAI.lua	0	768	768	32	256	64	0	32	0	384	80	0	0	0	0		1	0	0	320
124460	scripts/Map/银霜口/ai/事件/PQ419/香客.lua	0	768	768	32	256	64	0	32	0	384	80	0	0	0	0		1	0	0	320
124461	scripts/ai/StandardAI.lua	0	768	768	32	256	64	0	32	0	384	80	0	0	0	0		1	0	0	320
124462	scripts/Map/银霜口/ai/事件/PQ421/PQ421BOSS.lua	0	768	768	32	256	64	0	32	0	384	80	0	0	0	0		1	0	0	320
124463	scripts/Map/银霜口/ai/事件/PQ422/PQ422BOSS.lua	0	768	768	32	256	64	0	32	0	384	80	0	0	0	0		1	0	0	320
124465	scripts/Map/银霜口/ai/入口营地_莫离宗弟子_箭雨.lua	0	768	768	32	256	64	0	32	0	384	80	0	0	0	0		0	0	0	320
124470	scripts/Map/世界通用/ai/标准无敌免屠杀.lua	0	768	768	32	256	64	0	32	0	384	80	0	0	0	0		0	0	0	320
124471	scripts/Map/世界通用/ai/标准无敌免屠杀.lua	0	768	768	32	256	64	0	32	0	384	80	0	0	0	0		0	0	0	320
124472	scripts/Map/世界通用/ai/标准无敌免屠杀.lua	0	768	768	32	256	64	0	32	0	384	80	0	0	0	0		0	0	0	320
124473	scripts/Map/世界通用/ai/标准无敌免屠杀.lua	0	768	768	32	256	64	0	32	0	384	80	0	0	0	0		0	0	0	320
124474	scripts/Map/世界通用/ai/标准无敌免屠杀.lua	0	768	768	32	256	64	0	32	0	384	80	0	0	0	0		0	0	0	320
124475	scripts/Map/世界通用/ai/标准无敌免屠杀.lua	0	768	768	32	256	64	0	32	0	384	80	0	0	0	0		0	0	0	320
124476	scripts/Map/世界通用/ai/标准无敌免屠杀.lua	0	768	768	32	256	64	0	32	0	384	80	0	0	0	0		1	0	0	320
124477	scripts/Map/世界通用/ai/标准无敌免屠杀.lua	0	768	768	32	256	64	0	32	0	384	80	0	0	0	0		1	0	0	320
124478	scripts/Map/世界通用/ai/标准无敌免屠杀.lua	0	768	768	32	256	64	0	32	0	384	80	0	0	0	0		1	0	0	320
124480	scripts/Map/世界通用/ai/标准无敌免屠杀.lua	0	768	768	32	256	64	0	32	0	384	80	0	0	0	0		1	0	0	320
124481	scripts/Map/世界通用/ai/标准无敌免屠杀.lua	0	768	768	32	256	64	0	32	0	384	80	0	0	0	0		1	0	0	320
124499	scripts/ai/StandardAI.lua	0	768	768	32	256	64	0	32	0	384	80	0	0	0	0		1	0	0	320
124500	scripts/ai/StandardAI.lua	0	768	768	32	256	64	0	32	0	384	80	0	0	0	0		1	0	0	320
124516	scripts/ai/StandardAI.lua	0	768	768	32	256	64	0	32	0	384	80	0	0	0	0		1	0	0	320
124517	scripts/ai/StandardAI.lua	0	768	768	32	256	64	0	32	0	384	80	0	0	0	0		1	0	0	320
124526	scripts/ai/StandardAI.lua	0	768	768	32	256	64	0	32	0	384	80	0	0	0	0		1	0	0	320
124527	scripts/ai/StandardAI.lua	0	768	768	32	256	64	0	32	0	384	80	0	0	0	0		1	0	0	320
124528	scripts/ai/StandardAI.lua	0	768	768	32	256	64	0	32	0	384	80	0	0	0	0		1	0	0	320
124529	scripts/ai/StandardAI.lua	0	768	768	32	256	64	0	32	0	384	80	0	0	0	0		1	0	0	320
124530	scripts/ai/StandardAI.lua	0	768	768	32	256	64	0	32	0	384	80	0	0	0	0		1	0	0	320
124537	scripts/ai/StandardAI.lua	0	768	768	32	256	64	0	32	0	384	80	0	0	0	0		1	0	0	320
124588	scripts/Map/银霜口/ai/上山路_滚石.lua	0	768	768	32	256	64	0	32	0	384	80	0	0	0	0		0	0	0	320
124590	scripts/Map/世界通用/ai/标准无敌免屠杀.lua	0	768	768	32	256	64	0	32	0	384	80	0	0	0	0		0	0	0	320
125323	scripts/ai/StandardAI.lua	0	768	768	32	256	64	0	32	0	384	80	0	0	0	0		1	0	0	320
125330	scripts/ai/StandardAI.lua	0	768	768	32	256	64	0	32	0	384	80	0	0	0	0		0	0	0	320
125331	scripts/Map/世界通用/ai/演员可对话.lua	0	768	768	32	256	64	0	32	0	384	80	0	0	0	0		1	0	0	320
125332	scripts/ai/StandardAI.lua	0	768	768	32	256	64	0	32	0	384	80	0	0	0	0		0	0	0	320
125333	scripts/ai/StandardAI.lua	0	768	768	32	256	64	0	32	0	384	80	0	0	0	0		1	0	0	320
125336	scripts/ai/StandardAI.lua	0	768	768	32	256	64	0	32	0	384	80	0	0	0	0		1	0	0	320
125337	scripts/ai/StandardAI.lua	0	768	768	32	256	64	0	32	0	384	80	0	0	0	0		1	0	0	320
125349	scripts/Map/银霜口/ai/幻境与佛_小怪跳跃目标.lua	0	768	768	32	256	64	0	32	0	384	80	0	0	0	0		1	0	0	320
125351	scripts/Map/世界通用/ai/标准无敌免屠杀.lua	0	768	768	32	256	64	0	32	0	384	80	0	0	0	0		0	0	0	320
125355	scripts/ai/StandardAI.lua	0	768	768	32	256	64	0	32	0	384	80	0	0	0	0		1	0	0	320
125356	scripts/ai/StandardAI.lua	0	768	768	32	256	64	0	32	0	384	80	0	0	0	0		1	0	0	320
125408	scripts/Map/银霜口/ai/事件/抵制传销/阶段总控.lua	0	768	768	32	256	64	0	32	0	384	80	0	0	0	0		1	0	0	320
125409	scripts/Map/银霜口/ai/事件/抵制传销/PQ423总控.lua	0	768	768	32	256	64	0	32	0	384	80	0	0	0	0		1	0	0	320
125410	scripts/Map/银霜口/ai/事件/抵制传销/PQ424总控.lua	0	768	768	32	256	64	0	32	0	384	80	0	0	0	0		1	0	0	320
125411	scripts/Map/银霜口/ai/事件/抵制传销/PQ424_BOSS.lua	0	768	768	32	256	64	0	32	0	384	80	0	0	0	0		1	0	0	320
125419	scripts/ai/StandardAI.lua	0	768	768	32	256	64	0	32	0	384	80	0	0	0	0		0	0	0	320
125426	scripts/Map/银霜口/ai/事件/PQ425/PQ425小怪.lua	0	768	768	32	256	64	0	32	256	192	80	0	0	0	0		1	0	0	320
125427	scripts/Map/银霜口/ai/事件/PQ426/PQ426BOSS.lua	0	768	768	32	256	64	0	32	0	384	80	0	0	0	0		1	0	0	320
125428	scripts/Map/银霜口/ai/事件/PQ427/PQ427药材车.lua	0	768	768	32	256	64	0	32	0	384	80	0	0	0	0		1	0	0	320
125429	scripts/Map/银霜口/ai/事件/PQ428/PQ428BOSS.lua	0	768	768	32	256	64	0	32	0	384	80	0	0	0	0		1	0	0	320
125430	scripts/Map/银霜口/ai/事件/PQ429/PQ429费大劲.lua	0	768	768	32	256	64	0	32	0	384	80	0	0	0	0		1	0	0	320
125431	scripts/Map/银霜口/ai/事件/PQ430/PQ430BOSS.lua	0	768	768	32	256	64	0	32	0	384	80	0	0	0	0		1	0	0	320
125432	scripts/Map/银霜口/ai/事件/PQ431/PQ431BOSS.lua	0	768	768	32	256	64	0	32	0	384	80	0	0	0	0		1	0	0	320
125433	scripts/Map/银霜口/ai/事件/PQ432/PQ432小怪.lua	0	768	768	32	256	64	0	32	256	192	80	0	0	0	0		1	0	0	320
125434	scripts/Map/银霜口/ai/事件/PQ425/PQ425总控.lua	0	768	768	32	256	64	0	32	0	384	80	0	0	0	0		1	0	0	320
125435	scripts\Map\ACT_通用PQ\ai\标记NPC.lua	0	768	768	32	256	64	0	32	0	384	80	0	0	0	0		1	0	0	320
125436	scripts/Map/银霜口/ai/事件/PQ426/PQ426总控.lua	0	768	768	32	256	64	0	32	0	384	80	0	0	0	0		1	0	0	320
125437	scripts\Map\ACT_通用PQ\ai\标记NPC.lua	0	768	768	32	256	64	0	32	0	384	80	0	0	0	0		1	0	0	320
125438	scripts/Map/银霜口/ai/事件/PQ427/PQ427总控.lua	0	768	768	32	256	64	0	32	0	384	80	0	0	0	0		1	0	0	320
125439	scripts\Map\ACT_通用PQ\ai\标记NPC.lua	0	768	768	32	256	64	0	32	0	384	80	0	0	0	0		1	0	0	320
125440	scripts/Map/银霜口/ai/事件/PQ428/PQ428总控.lua	0	768	768	32	256	64	0	32	0	384	80	0	0	0	0		1	0	0	320
125441	scripts\Map\ACT_通用PQ\ai\标记NPC.lua	0	768	768	32	256	64	0	32	0	384	80	0	0	0	0		1	0	0	320
125442	scripts/Map/银霜口/ai/事件/PQ429/PQ429总控.lua	0	768	768	32	256	64	0	32	0	384	80	0	0	0	0		1	0	0	320
125443	scripts\Map\ACT_通用PQ\ai\标记NPC.lua	0	768	768	32	256	64	0	32	0	384	80	0	0	0	0		1	0	0	320
125444	scripts/Map/银霜口/ai/事件/PQ430/PQ430总控.lua	0	768	768	32	256	64	0	32	0	384	80	0	0	0	0		1	0	0	320
125445	scripts\Map\ACT_通用PQ\ai\标记NPC.lua	0	768	768	32	256	64	0	32	0	384	80	0	0	0	0		1	0	0	320
125446	scripts/Map/银霜口/ai/事件/PQ431/PQ431总控.lua	0	768	768	32	256	64	0	32	0	384	80	0	0	0	0		1	0	0	320
125447	scripts\Map\ACT_通用PQ\ai\标记NPC.lua	0	768	768	32	256	64	0	32	0	384	80	0	0	0	0		1	0	0	320
125448	scripts/Map/银霜口/ai/事件/PQ432/PQ432总控.lua	0	768	768	32	256	64	0	32	0	384	80	0	0	0	0		1	0	0	320
125449	scripts\Map\ACT_通用PQ\ai\标记NPC.lua	0	768	768	32	256	64	0	32	0	384	80	0	0	0	0		1	0	0	320
125450	scripts/ai/StandardAI.lua	0	768	768	32	256	64	0	32	0	384	80	0	0	0	0		1	0	0	320
125452	scripts/Map/银霜口/ai/事件/抵制传销/PQ424_战戟.lua	0	768	768	32	256	64	0	32	0	384	80	0	0	0	0		1	0	0	320
125493	scripts/Map/银霜口/ai/事件/摸金倒斗/PQ433总控.lua	0	768	768	32	256	64	0	32	0	384	80	0	0	0	0		1	0	0	320
125494	scripts/Map/银霜口/ai/事件/摸金倒斗/PQ433_盗墓贼.lua	0	768	768	32	256	64	0	32	0	384	80	0	0	0	0		1	0	0	320
125499	scripts/Map/银霜口/ai/事件/PQ434/PQ434总控.lua	0	768	768	32	256	64	0	32	0	384	80	0	0	0	0		1	0	0	320
125500	scripts\Map\ACT_通用PQ\ai\标记NPC.lua	0	768	768	32	256	64	0	32	0	384	80	0	0	0	0		1	0	0	320
125526	scripts/Map/银霜口/ai/事件/PQ427/PQ427小怪.lua	0	768	768	32	256	64	0	32	0	384	80	0	0	0	0		1	0	0	320
125527	scripts/Map/银霜口/ai/事件/PQ427/PQ427友方.lua	0	768	768	32	256	64	0	32	0	384	80	0	0	0	0		1	0	0	320
125528	scripts/Map/银霜口/ai/事件/PQ427/PQ427小怪.lua	0	768	768	32	256	64	0	32	0	384	80	0	0	0	0		1	0	0	320
125530	scripts/Map/世界通用/ai/标准无敌免屠杀.lua	0	768	768	32	256	64	0	32	0	384	80	0	0	0	0		0	0	0	320
125531	scripts/Map/银霜口/ai/事件/PQ429/PQ429小怪.lua	0	768	768	32	256	64	0	32	0	384	80	0	0	0	0		1	0	0	320
125532	scripts/Map/银霜口/ai/事件/PQ429/PQ429小怪.lua	0	768	768	32	256	64	0	32	0	384	80	0	0	0	0		1	0	0	320
125533	scripts/Map/世界通用/ai/标准无敌免屠杀.lua	0	768	768	32	256	64	0	32	0	384	80	0	0	0	0		0	0	0	320
125538	scripts/Map/银霜口/ai/事件/践踏细尾门/PQ435总控.lua	0	768	768	32	256	64	0	32	0	384	80	0	0	0	0		1	0	0	320
125539	scripts/Map/银霜口/ai/事件/践踏细尾门/PQ435_BOSS.lua	0	768	768	32	256	64	0	32	0	384	80	0	0	0	0		1	0	0	320
125558	scripts/Map/银霜口/ai/事件/雪原传说/PQ436总控.lua	0	768	768	32	256	64	0	32	0	384	80	0	0	0	0		1	0	0	320
125559	scripts/Map/银霜口/ai/事件/雪原传说/PQ436_BOSS.lua	0	768	768	32	256	64	0	32	0	384	80	0	0	0	0		1	0	0	320
125571	scripts/ai/StandardAI.lua	0	768	768	32	256	64	0	32	0	384	80	0	0	0	0		1	0	0	320
125610	scripts/Map/银霜口/ai/事件/探寻龙脉/阶段总控.lua	0	768	768	32	256	64	0	32	0	384	80	0	0	0	0		1	0	0	320
125611	scripts/Map/银霜口/ai/事件/探寻龙脉/PQ437总控.lua	0	768	768	32	256	64	0	32	0	384	80	0	0	0	0		1	0	0	320
125612	scripts/Map/银霜口/ai/事件/探寻龙脉/PQ438总控.lua	0	768	768	32	256	64	0	32	0	384	80	0	0	0	0		1	0	0	320
125613	scripts/Map/银霜口/ai/事件/探寻龙脉/PQ437_小怪.lua	0	768	768	32	256	64	0	32	0	384	80	0	0	0	0		1	0	0	320
125614	scripts/Map/银霜口/ai/事件/探寻龙脉/PQ438_BOSS.lua	0	768	768	32	256	64	0	32	0	384	80	0	0	0	0		1	0	0	320
125615	scripts/Map/世界通用/ai/标准无敌免屠杀.lua	0	768	768	32	256	64	0	32	0	384	80	0	0	0	0		1	0	0	320
125616	scripts/Map/银霜口/ai/事件/探寻龙脉/PQ438_BOSS_辅助.lua	0	768	768	32	256	64	0	32	0	384	80	0	0	0	0		1	0	0	320
125617	scripts/Map/银霜口/ai/事件/探寻龙脉/PQ438_风水术士.lua	0	768	768	32	256	64	0	32	0	384	80	0	0	0	0		1	0	0	320
125618	scripts/ai/StandardAI.lua	0	768	768	32	256	64	0	32	0	384	80	0	0	0	0		1	0	0	320
125680	scripts/Map/银霜口/ai/事件/PQ428/PQ428友方.lua	0	768	768	32	256	64	0	32	0	384	80	0	0	0	0		1	0	0	320
125714	scripts/Map/世界通用/ai/标准无敌免屠杀.lua	0	768	768	32	256	64	0	32	0	384	80	0	0	0	0		0	0	0	320
125715	scripts/ai/StandardAI.lua	0	768	768	32	256	64	0	32	0	384	80	0	0	0	0		1	0	0	320
125717	scripts/Map/世界通用/ai/标准无敌免屠杀.lua	0	768	768	32	256	64	0	32	0	384	80	0	0	0	0		0	0	0	320
125742	scripts/Map/银霜口/ai/事件/PQ418/PQ418BOSS召唤物.lua	0	768	768	32	256	64	0	32	0	384	80	0	0	0	0		1	1	0	320
125743	scripts/ai/StandardAI.lua	0	768	768	32	256	64	0	32	0	384	80	0	0	0	0		1	0	0	320
125745	scripts/ai/StandardAI.lua	0	768	768	32	256	64	0	32	0	384	80	0	0	0	0		1	0	0	320
125746	scripts/ai/StandardAI.lua	0	768	768	32	256	64	0	32	0	384	80	0	0	0	0		1	0	0	320
125747	scripts/ai/StandardAI.lua	0	768	768	32	256	64	0	32	0	384	80	0	0	0	0		1	0	0	320
125748	scripts/ai/StandardAI.lua	0	768	768	32	256	64	0	32	0	384	80	0	0	0	0		1	0	0	320
125749	scripts/ai/StandardAI.lua	0	768	768	32	256	64	0	32	0	384	80	0	0	0	0		1	0	0	320
125762	scripts/Map/世界通用/ai/标准无敌免屠杀.lua	0	768	768	32	256	64	0	32	0	384	80	0	0	0	0		1	0	0	320
125763	scripts/Map/世界通用/ai/标准无敌免屠杀.lua	0	768	768	32	256	64	0	32	0	384	80	0	0	0	0		1	0	0	320
125764	scripts/Map/银霜口/ai/事件/PQ429/PQ429远程小怪.lua	0	768	768	32	256	64	0	32	0	384	80	0	0	0	0		1	0	0	320
125766	scripts/Map/世界通用/ai/标准无敌免屠杀.lua	0	768	768	32	256	64	0	32	0	384	80	0	0	0	0		1	0	0	320
125774	scripts/ai/StandardAI.lua	0	768	768	32	256	64	0	32	0	384	80	0	0	0	0		1	0	0	320
125776	scripts/ai/StandardAI.lua	0	768	768	32	256	64	0	32	0	384	80	0	0	0	0		0	0	0	320
125782	scripts/Map/世界通用/ai/标准无敌免屠杀.lua	0	768	768	32	256	64	0	32	0	384	80	0	0	0	0		1	0	0	320
125786	scripts/Map/世界通用/ai/标准无敌免屠杀.lua	0	768	768	32	256	64	0	32	0	384	80	0	0	0	0		1	0	0	320
125787	scripts/Map/世界通用/ai/标准无敌免屠杀.lua	0	768	768	32	256	64	0	32	0	384	80	0	0	0	0		1	0	0	320
125788	scripts/Map/世界通用/ai/标准无敌免屠杀.lua	0	768	768	32	256	64	0	32	0	384	80	0	0	0	0		1	0	0	320
125789	scripts/ai/StandardAI.lua	0	768	768	32	256	64	0	32	0	384	80	0	0	0	0		1	0	0	320
125795	scripts/Map/世界通用/ai/标准无敌免屠杀.lua	0	768	768	32	256	64	0	32	0	384	80	0	0	0	0		1	0	0	320
125796	scripts/Map/世界通用/ai/标准无敌免屠杀.lua	0	768	768	32	256	64	0	32	0	384	80	0	0	0	0		1	0	0	320
125797	scripts/Map/世界通用/ai/标准无敌免屠杀.lua	0	768	768	32	256	64	0	32	0	384	80	0	0	0	0		1	0	0	320
125813	scripts/Map/银霜口/ai/幻境与佛_远程小怪.lua	0	768	768	32	256	64	0	32	0	384	80	0	0	0	0		1	0	0	320
125821	scripts/ai/StandardAI.lua	0	768	768	32	256	64	0	32	0	384	80	0	0	0	0		1	0	0	320
125824	scripts/ai/StandardAI.lua	0	768	768	32	256	64	0	32	0	384	80	0	0	0	0		0	0	0	320
125825	scripts/ai/StandardAI.lua	0	768	768	32	256	64	0	32	0	384	80	0	0	0	0		0	0	0	320
125826	scripts/ai/StandardAI.lua	0	768	768	32	256	64	0	32	0	384	80	0	0	0	0		0	0	0	320
125827	scripts/ai/StandardAI.lua	0	768	768	32	256	64	0	32	0	384	80	0	0	0	0		0	0	0	320
125828	scripts/ai/StandardAI.lua	0	768	768	32	256	64	0	32	0	384	80	0	0	0	0		0	0	0	320
125830	scripts/ai/StandardAI.lua	0	768	768	32	256	64	0	32	0	384	80	0	0	0	0		0	0	0	320
125831	scripts/ai/StandardAI.lua	0	768	768	32	256	64	0	32	0	384	80	0	0	0	0		0	0	0	320
125832	scripts/ai/StandardAI.lua	0	768	768	32	256	64	0	32	0	384	80	0	0	0	0		0	0	0	320
125837	scripts/Map/银霜口/ai/事件/PQ422/PQ422冰山.lua	0	768	768	32	256	64	0	32	0	384	80	0	0	0	0		1	0	0	320
125838	scripts/Map/银霜口/ai/事件/PQ422/PQ422冰山.lua	0	768	768	32	256	64	0	32	0	384	80	0	0	0	0		1	0	0	320
125839	scripts/Map/银霜口/ai/事件/PQ422/PQ422冰山.lua	0	768	768	32	256	64	0	32	0	384	80	0	0	0	0		1	0	0	320
125840	scripts/ai/StandardAI_CanSwim.lua	0	768	768	32	256	64	0	32	0	384	80	0	0	0	0		1	0	0	320
125842	scripts/ai/StandardAI.lua	0	768	768	32	256	64	0	32	0	384	80	0	0	0	0		0	0	0	320
125868	scripts/ai/StandardAI.lua	0	768	768	32	256	64	0	32	0	384	80	0	0	0	0		0	0	0	320
125869	scripts/ai/StandardAI.lua	0	768	768	32	256	64	0	32	0	384	80	0	0	0	0		0	0	0	320
125870	scripts/ai/StandardAI.lua	0	768	768	32	256	64	0	32	0	384	80	0	0	0	0		0	0	0	320
125871	scripts/Map/银霜口/ai/猎野围原_杨天.lua	0	768	768	32	256	64	0	32	0	384	80	0	0	0	0		0	0	0	320
125872	scripts/ai/StandardAI.lua	0	768	768	32	256	64	0	32	0	384	80	0	0	0	0		0	0	0	320
125873	scripts/ai/StandardAI.lua	0	768	768	32	256	64	0	32	0	384	80	0	0	0	0		0	0	0	320
125874	scripts/ai/StandardAI.lua	0	768	768	32	256	64	0	32	0	384	80	0	0	0	0		0	0	0	320
125875	scripts/ai/StandardAI.lua	0	768	768	32	256	64	0	32	0	384	80	0	0	0	0		0	0	0	320
125876	scripts/ai/StandardAI.lua	0	768	768	32	256	64	0	32	0	384	80	0	0	0	0		0	0	0	320
125877	scripts/ai/StandardAI.lua	0	768	768	32	256	64	0	32	0	384	80	0	0	0	0		0	0	0	320
125878	scripts/Map/衍天宗/ai/普通演员.lua	0	768	768	32	256	64	0	32	0	384	80	0	0	0	0		0	0	0	320
125879	scripts/ai/StandardAI.lua	0	768	768	32	256	64	0	32	0	384	80	0	0	0	0		0	0	0	320
125880	scripts/Map/衍天宗/ai/普通演员.lua	0	768	768	32	256	64	0	32	0	384	80	0	0	0	0		0	0	0	320
125881	scripts/ai/StandardAI.lua	0	768	768	32	256	64	0	32	0	384	80	0	0	0	0		0	0	0	320
125882	scripts/Map/衍天宗/ai/普通演员.lua	0	768	768	32	256	64	0	32	0	384	80	0	0	0	0		0	0	0	320
125883	scripts/ai/StandardAI.lua	0	768	768	32	256	64	0	32	0	384	80	0	0	0	0		0	0	0	320
125884	scripts/ai/StandardAI.lua	0	768	768	32	256	64	0	32	0	384	80	0	0	0	0		0	0	0	320
125885	scripts/ai/StandardAI.lua	0	768	768	32	256	64	0	32	0	384	80	0	0	0	0		0	0	0	320
125886	scripts/ai/StandardAI.lua	0	768	768	32	256	64	0	32	0	384	80	0	0	0	0		0	0	0	320
125887	scripts/ai/StandardAI.lua	0	768	768	32	256	64	0	32	0	384	80	0	0	0	0		0	0	0	320
125888	scripts/ai/StandardAI.lua	0	768	768	32	256	64	0	32	0	384	80	0	0	0	0		0	0	0	320
125889	scripts/ai/StandardAI.lua	0	768	768	32	256	64	0	32	0	384	80	0	0	0	0		0	0	0	320
125890	scripts/ai/StandardAI.lua	0	768	768	32	256	64	0	32	0	384	80	0	0	0	0		0	0	0	320
125891	scripts/ai/StandardAI.lua	0	768	768	32	256	64	0	32	0	384	80	0	0	0	0		0	0	0	320
125892	scripts/Map/衍天宗/ai/普通演员.lua	0	768	768	32	256	64	0	32	0	384	80	0	0	0	0		0	0	0	320
125893	scripts/ai/StandardAI.lua	0	768	768	32	256	64	0	32	0	384	80	0	0	0	0		0	0	0	320
125894	scripts/ai/StandardAI.lua	0	768	768	32	256	64	0	32	0	384	80	0	0	0	0		0	0	0	320
125895	scripts/ai/StandardAI.lua	0	768	768	32	256	64	0	32	0	384	80	0	0	0	0		0	0	0	320
125896	scripts/Map/衍天宗/ai/对话演员.lua	0	768	768	32	256	64	0	32	0	384	80	0	0	0	0		0	0	0	320
125897	scripts/Map/衍天宗/ai/普通演员.lua	0	768	768	32	256	64	0	32	0	384	80	0	0	0	0		0	0	0	320
125898	scripts/ai/StandardAI.lua	0	768	768	32	256	64	0	32	0	384	80	0	0	0	0		0	0	0	320
125902	scripts/ai/StandardAI.lua	0	768	768	32	256	64	0	32	0	384	80	0	0	0	0		0	0	0	320
125903	scripts/ai/StandardAI.lua	0	768	768	32	256	64	0	32	0	384	80	0	0	0	0		0	0	0	320
125905	scripts/ai/StandardAI.lua	0	768	768	32	256	64	0	32	0	384	80	0	0	0	0		0	0	0	320
125906	scripts/ai/StandardAI.lua	0	768	768	32	256	64	0	32	0	384	80	0	0	0	0		0	0	0	320
125918	scripts/Map/世界通用/ai/标准无敌免屠杀.lua	0	768	768	32	256	64	0	32	0	384	80	0	0	0	0		1	0	0	320
125919	scripts/Map/世界通用/ai/标准无敌免屠杀.lua	0	768	768	32	256	64	0	32	0	384	80	0	0	0	0		1	0	0	320
125920	scripts/Map/世界通用/ai/标准无敌免屠杀.lua	0	768	768	32	256	64	0	32	0	384	80	0	0	0	0		1	0	0	320
125921	scripts/Map/世界通用/ai/标准无敌免屠杀.lua	0	768	768	32	256	64	0	32	0	384	80	0	0	0	0		1	0	0	320
125922	scripts/Map/世界通用/ai/标准无敌免屠杀.lua	0	768	768	32	256	64	0	32	0	384	80	0	0	0	0		1	0	0	320
125923	scripts/Map/世界通用/ai/标准无敌免屠杀.lua	0	768	768	32	256	64	0	32	0	384	80	0	0	0	0		1	0	0	320
125924	scripts/Map/世界通用/ai/标准无敌免屠杀.lua	0	768	768	32	256	64	0	32	0	384	80	0	0	0	0		1	0	0	320
125925	scripts/Map/世界通用/ai/标准无敌免屠杀.lua	0	768	768	32	256	64	0	32	0	384	80	0	0	0	0		1	0	0	320
125926	scripts/ai/StandardAI.lua	0	768	768	32	256	64	0	32	0	384	80	0	0	0	0		0	0	0	320
125927	scripts/ai/StandardAI.lua	0	768	768	32	256	64	0	32	0	384	80	0	0	0	0		0	0	0	320
125947	scripts/ai/StandardAI.lua	0	768	768	32	256	64	0	32	0	384	80	0	0	0	0		0	0	0	320
125948	scripts/ai/StandardAI.lua	0	768	768	32	256	64	0	32	0	384	80	0	0	0	0		1	0	0	320
125955	scripts/ai/StandardAI.lua	0	768	768	32	256	64	0	32	0	384	80	0	0	0	0		0	0	0	320
125956	scripts/ai/StandardAI.lua	0	768	768	32	256	64	0	32	0	384	80	0	0	0	0		0	0	0	320
125957	scripts/ai/StandardAI.lua	0	768	768	32	256	64	0	32	0	384	80	0	0	0	0		0	0	0	320
125958	scripts/ai/StandardAI.lua	0	768	768	32	256	64	0	32	0	384	80	0	0	0	0		0	0	0	320
125959	scripts/ai/StandardAI.lua	0	768	768	32	256	64	0	32	0	384	80	0	0	0	0		0	0	0	320
125960	scripts/ai/StandardAI.lua	0	768	768	32	256	64	0	32	0	384	80	0	0	0	0		0	0	0	320
125961	scripts/ai/StandardAI.lua	0	768	768	32	256	64	0	32	0	384	80	0	0	0	0		0	0	0	320
125962	scripts/ai/StandardAI.lua	0	768	768	32	256	64	0	32	0	384	80	0	0	0	0		0	0	0	320
125963	scripts/ai/StandardAI.lua	0	768	768	32	256	64	0	32	0	384	80	0	0	0	0		0	0	0	320
125964	scripts/ai/StandardAI.lua	0	768	768	32	256	64	0	32	0	384	80	0	0	0	0		1	0	0	320
125965	scripts/ai/StandardAI.lua	0	768	768	32	256	64	0	32	0	384	80	0	0	0	0		1	0	0	320
125966	scripts/ai/StandardAI.lua	0	768	768	32	256	64	0	32	0	384	80	0	0	0	0		1	0	0	320
125967	scripts/ai/StandardAI.lua	0	768	768	32	256	64	0	32	0	384	80	0	0	0	0		1	0	0	320
125968	scripts/ai/StandardAI.lua	0	768	768	32	256	64	0	32	0	384	80	0	0	0	0		0	0	0	320
125969	scripts/ai/StandardAI.lua	0	768	768	32	256	64	0	32	0	384	80	0	0	0	0		1	0	0	320
125970	scripts/ai/StandardAI.lua	0	768	768	32	256	64	0	32	0	384	80	0	0	0	0		1	0	0	320
125971	scripts/ai/StandardAI.lua	0	768	768	32	256	64	0	32	0	384	80	0	0	0	0		1	0	0	320
125972	scripts/ai/StandardAI.lua	0	768	768	32	256	64	0	32	0	384	80	0	0	0	0		1	0	0	320
125973	scripts/ai/StandardAI.lua	0	768	768	32	256	64	0	32	0	384	80	0	0	0	0		1	0	0	320
125974	scripts/Map/世界通用/ai/标准无敌免屠杀.lua	0	768	768	32	256	64	0	32	0	384	80	0	0	0	0		0	0	0	320
125975	scripts/ai/StandardAI.lua	0	768	768	32	256	64	0	32	0	384	80	0	0	0	0		1	0	0	320
125976	scripts/ai/StandardAI.lua	0	768	768	32	256	64	0	32	0	384	80	0	0	0	0		1	0	0	320
125978	scripts/ai/StandardAI.lua	0	768	768	32	256	64	0	32	0	384	80	0	0	0	0		1	0	0	320
125979	scripts/ai/StandardAI.lua	0	768	768	32	256	64	0	32	0	384	80	0	0	0	0		1	0	0	320
125980	scripts/ai/StandardAI.lua	0	768	768	32	256	64	0	32	0	384	80	0	0	0	0		0	0	0	320
125981	scripts/ai/StandardAI.lua	0	768	768	32	256	64	0	32	0	384	80	0	0	0	0		0	0	0	320
125982	scripts/ai/StandardAI.lua	0	768	768	32	256	64	0	32	0	384	80	0	0	0	0		0	0	0	320
125983	scripts/ai/StandardAI.lua	0	768	768	32	256	64	0	32	0	384	80	0	0	0	0		0	0	0	320
125984	scripts/ai/StandardAI.lua	0	768	768	32	256	64	0	32	0	384	80	0	0	0	0		0	0	0	320
125985	scripts/Map/银霜口/ai/玩法/滑雪/滑雪表现_华绮梦.lua	0	768	768	32	256	64	0	32	0	384	80	0	0	0	0		1	0	0	320
125989	scripts/ai/StandardAI.lua	0	768	768	32	256	64	0	32	0	384	80	0	0	0	0		0	0	0	320
125990	scripts/ai/StandardAI.lua	0	768	768	32	256	64	0	32	0	384	80	0	0	0	0		0	0	0	320
125991	scripts/ai/StandardAI.lua	0	768	768	32	256	64	0	32	0	384	80	0	0	0	0		0	0	0	320
125992	scripts/ai/StandardAI.lua	0	768	768	32	256	64	0	32	0	384	80	0	0	0	0		0	0	0	320
125993	scripts/ai/StandardAI.lua	0	768	768	32	256	64	0	32	0	384	80	0	0	0	0		0	0	0	320
125994	scripts/ai/StandardAI.lua	0	768	768	32	256	64	0	32	0	384	80	0	0	0	0		0	0	0	320
125995	scripts/ai/StandardAI.lua	0	768	768	32	256	64	0	32	0	384	80	0	0	0	0		1	0	0	320
125996	scripts/ai/StandardAI.lua	0	768	768	32	256	64	0	32	0	384	80	0	0	0	0		1	0	0	320
125998	scripts/ai/StandardAI.lua	0	768	768	32	256	64	0	32	0	384	80	0	0	0	0		0	0	0	320
126007	scripts/ai/StandardAI.lua	0	768	768	32	256	64	0	32	0	384	80	0	0	0	0		0	0	0	320
126008	scripts/ai/StandardAI.lua	0	768	768	32	256	64	0	32	0	384	80	0	0	0	0		0	0	0	320
126009	scripts/ai/StandardAI.lua	0	768	768	32	256	64	0	32	0	384	80	0	0	0	0		0	0	0	320
126010	scripts/ai/StandardAI.lua	0	768	768	32	256	64	0	32	0	384	80	0	0	0	0		0	0	0	320
126020	scripts/Map/银霜口/ai/事件/PQ428/PQ428_落剑.lua	0	768	768	32	256	64	0	32	0	384	80	0	0	0	0		1	0	0	320
126021	scripts/Map/银霜口/ai/事件/PQ428/PQ428_扇形.lua	0	768	768	32	256	64	0	32	0	384	80	0	0	0	0		1	0	0	320
126022	scripts/Map/银霜口/ai/事件/PQ430/PQ430_落剑区域.lua	0	768	768	32	256	64	0	32	0	384	80	0	0	0	0		1	0	0	320
126023	scripts/Map/银霜口/ai/事件/PQ431/PQ431_雪球.lua	0	768	768	32	256	64	0	32	0	384	80	0	0	0	0		1	0	0	320
126032	scripts/Map/银霜口/ai/事件/PQ431/PQ431_圆形.lua	0	768	768	32	256	64	0	32	0	384	80	0	0	0	0		1	0	0	320
126038	scripts/ai/StandardAI.lua	0	768	768	32	256	64	0	32	0	384	80	0	0	0	0		0	0	0	320
126053	scripts/ai/StandardAI.lua	0	768	768	32	256	64	0	32	0	384	80	0	0	0	0		0	0	0	320
126056	scripts/ai/StandardAI.lua	0	768	768	32	256	64	960	32	512	384	80	0	30	0	0		1	0	0	320
126062	scripts/ai/StandardAI.lua	0	768	768	32	256	64	0	32	0	384	80	0	0	0	0		1	0	0	320
126064	scripts/ai/StandardAI.lua	0	768	768	32	256	64	0	32	0	384	80	0	0	0	0		1	0	0	320
126072	scripts/ai/StandardAI.lua	0	768	768	32	256	64	0	32	0	384	80	0	0	0	0		0	0	0	320
126076	scripts/ai/StandardAI.lua	0	768	768	32	256	64	0	32	0	384	80	0	0	0	0		1	0	0	320
126083	scripts/Map/衍天宗/ai/普通演员.lua	0	768	768	32	256	64	0	32	0	384	80	0	0	0	0		0	0	0	320
126113	scripts/ai/StandardAI.lua	0	768	768	32	256	64	0	32	0	384	80	0	0	0	0		0	0	0	320
126118	scripts/ai/StandardAI.lua	0	768	768	32	256	64	0	32	0	384	80	0	0	0	0		0	0	0	320
126136	scripts/ai/StandardAI_CanSwim.lua	0	768	768	32	256	64	0	32	0	384	80	0	0	0	0		1	0	0	320
126139	scripts/Map/银霜口/ai/事件/PQ419/漂浮.lua	0	768	768	32	256	64	0	32	512	384	80	0	0	0	0		0	0	0	320
126140	scripts/Map/银霜口/ai/事件/PQ419/漂浮.lua	0	768	768	32	256	64	0	32	0	384	80	0	0	0	0		1	0	0	320
126157	scripts/ai/StandardAI.lua	0	768	768	32	256	64	0	32	0	384	80	0	0	0	0		1	0	0	320
126158	scripts/ai/StandardAI.lua	0	768	768	32	256	64	0	32	0	384	80	0	0	0	0		1	0	0	320
126176	scripts/ai/StandardAI.lua	0	768	768	32	256	64	0	32	0	384	80	0	0	0	0		1	0	0	320
126240	scripts/Map/世界通用/ai/标准无敌免屠杀.lua	0	768	768	32	256	64	0	32	0	384	80	0	0	0	0		1	0	0	320
126241	scripts/ai/StandardAI.lua	0	768	768	32	256	64	0	32	0	384	80	0	0	0	0		1	0	0	320
126252	scripts/ai/StandardAI_CanSwim.lua	0	768	768	32	256	64	0	32	0	384	80	0	0	0	0		0	0	0	320
