AIType	ScriptFile	IsPositive	AlertRange	SearchPlayerDistance	AlertOverTime	AttackRange	EscapeTime	EscapeRange	EscapeInterval	WanderRange	WanderDistance	WanderInterval	PatrolPathID	EscapeLife	PatrolOrderIndex	ReviveTeammate	CustomArguments	IsAutoTurn	NpcSceneType	IsSnarlInFight	DialogIdleTime
22038	scripts\Map\大明宫\ai\伊玛目\伊玛目.lua	0	768	768	32	256	64	0	32	0	384	80	0	0	0	0		1	0	0	320
22081	scripts\Map\大明宫\ai\伊玛目\陆危楼.lua	0	768	768	32	256	64	0	32	0	384	80	0	0	0	0		1	0	0	320
22082	scripts\Map\大明宫\ai\伊玛目\阿萨辛.lua	0	768	768	32	256	64	0	32	0	384	80	0	0	0	0		1	0	0	320
22083	scripts\Map\大明宫\ai\伊玛目\尹放.lua	0	768	768	32	256	64	0	32	0	384	80	0	0	0	0		1	0	0	320
22598	scripts\Map\大明宫\ai\伊玛目\祭坛标志.lua	0	768	768	32	256	64	0	32	0	384	80	0	0	0	0		1	0	0	320
22599	scripts\Map\大明宫\ai\伊玛目\二阶段红火祭祀.lua	0	768	768	32	256	64	0	32	0	384	80	0	0	0	0		1	0	0	320
22600	scripts\Map\大明宫\ai\伊玛目\二阶段蓝火祭祀.lua	0	768	768	32	256	64	0	32	0	384	80	0	0	0	0		1	0	0	320
22601	scripts\Map\大明宫\ai\伊玛目\伊玛目总控.lua	0	768	768	32	256	64	0	32	0	384	80	0	0	0	0		1	0	0	320
22602	scripts\Map\大明宫\ai\伊玛目\红色火柱.lua	0	768	768	32	256	64	0	32	0	384	80	0	0	0	0		1	0	0	320
22603	scripts\Map\大明宫\ai\伊玛目\蓝色火柱.lua	0	768	768	32	256	64	0	32	0	384	80	0	0	0	0		1	0	0	320
22604	scripts\Map\大明宫\ai\伊玛目\火雨控制.lua	0	768	768	32	256	64	0	32	0	384	80	0	0	0	0		1	0	0	320
22606	scripts\Map\大明宫\ai\伊玛目\日月融合.lua	0	768	768	32	256	64	0	32	0	384	80	0	0	0	0		1	0	0	320
22607	scripts\Map\大明宫\ai\伊玛目\一阶段红火雨.lua	0	768	768	32	256	64	0	32	0	384	80	0	0	0	0		1	0	0	320
22608	scripts\Map\大明宫\ai\伊玛目\二阶段红色火雨.lua	0	768	768	32	256	64	0	32	0	384	80	0	0	0	0		1	0	0	320
22609	scripts\Map\大明宫\ai\伊玛目\二阶段蓝色火雨.lua	0	768	768	32	256	64	0	32	0	384	80	0	0	0	0		1	0	0	320
22610	scripts\Map\大明宫\ai\伊玛目\一阶段火雨造成的火焰.lua	0	768	768	32	256	64	0	32	0	384	80	0	0	0	0		1	0	0	320
22611	scripts\Map\大明宫\ai\伊玛目\伊玛目阶段控制.lua	0	768	768	32	256	64	0	32	0	384	80	0	0	0	0		1	0	0	320
22612	scripts\Map\大明宫\ai\伊玛目\移形化火技能控制.lua	0	768	768	32	256	64	0	32	0	384	80	0	0	0	0		1	0	0	320
22613	scripts\Map\大明宫\ai\伊玛目\元火技能控制.lua	0	768	768	32	256	64	0	32	0	384	80	0	0	0	0		1	0	0	320
22614	scripts\Map\大明宫\ai\伊玛目\二阶段火蓝刀锋技能控制.lua	0	768	768	32	256	64	0	32	0	384	80	0	0	0	0		1	0	0	320
22615	scripts\Map\大明宫\ai\伊玛目\二阶段火焰使者控制.lua	0	768	768	32	256	64	0	32	0	384	80	0	0	0	0		1	0	0	320
22616	scripts/ai/CommonFoolish.lua	0	0	0	0	0	0	960	0	0	0	80	0	30	0	0		1	1	0	320
22618	scripts\Map\大明宫\ai\伊玛目\火焰使者.lua	0	768	768	32	256	64	0	32	0	384	80	0	0	0	0		1	0	0	320
22619	scripts\Map\大明宫\ai\伊玛目\祭坛之火.lua	0	768	768	32	256	64	0	32	0	384	80	0	0	0	0		1	0	0	320
22631	scripts/ai/StandardAI.lua	0	768	768	32	256	64	0	32	0	384	80	0	0	0	0		1	0	0	320
22632	scripts/ai/StandardAI.lua	0	768	768	32	256	64	0	32	0	384	80	0	0	0	0		1	0	0	320
22647	scripts\Map\大明宫\ai\安禄山\安禄山.lua	0	768	768	32	256	64	960	32	0	384	80	0	30	0	0		1	0	0	320
22651	scripts/ai/CommonFoolish.lua	0	0	0	0	0	0	960	0	0	0	80	0	30	0	0		1	1	0	320
22884	scripts/ai/StandardAI.lua	0	768	768	32	256	64	0	32	0	384	80	0	0	0	0		1	0	0	320
22898	scripts\Map\大明宫\ai\房顶潜入\探头探脑的老鼠.lua	0	768	768	32	256	64	0	32	0	384	80	0	0	0	0		1	0	0	320
22899	scripts\Map\大明宫\ai\房顶潜入\老鼠123.lua	0	768	768	32	256	64	0	32	0	384	80	0	0	0	0		1	0	0	320
22915	scripts\Map\大明宫\ai\房顶潜入\大老鼠.lua	0	768	768	32	256	64	0	32	0	384	80	0	0	0	0		1	0	0	320
22916	scripts\Map\大明宫\ai\剑圣\剑圣.lua	0	768	768	32	256	64	0	32	0	384	80	0	0	0	0		1	0	0	320
22917	scripts\Map\大明宫\ai\剑圣\行走的剑圣.lua	0	768	768	32	256	64	0	32	0	384	80	0	0	0	0		1	1	0	320
22925	scripts\Map\大明宫\ai\房顶潜入\老鼠9和10.lua	0	768	768	32	256	64	0	32	0	384	80	0	0	0	0		1	0	0	320
22931	scripts/ai/StandardAI.lua	0	768	768	32	256	64	0	32	0	384	80	0	0	0	0		1	0	0	320
22932	scripts/ai/StandardAI.lua	0	768	768	32	256	64	0	32	0	384	80	0	0	0	0		1	0	0	320
22936	scripts\Map\大明宫\ai\房顶潜入\潜入成功剧情控制.lua	0	768	768	32	256	64	0	32	0	384	80	0	0	0	0		1	0	0	320
22937	scripts\Map\大明宫\ai\房顶潜入\房梁上的丐帮.lua	0	768	768	32	256	64	0	32	0	384	80	0	0	0	0		0	0	0	320
22970	scripts\Map\大明宫\ai\伊玛目\伊玛目陷阱惩罚.lua	0	768	768	32	256	64	0	32	0	384	80	0	0	0	0		1	0	0	320
22986	scripts\Map\大明宫\ai\安禄山\小狼12.lua	0	768	768	32	256	64	0	32	0	384	80	0	0	0	0		1	0	0	320
22987	scripts\Map\大明宫\ai\安禄山\小狼34.lua	0	768	768	32	256	64	0	32	0	384	80	0	0	0	0		1	0	0	320
22988	scripts\Map\大明宫\ai\安禄山\小狼56.lua	0	768	768	32	256	64	0	32	0	384	80	0	0	0	0		1	0	0	320
22989	scripts\Map\大明宫\ai\安禄山\头狼.lua	0	768	768	32	256	64	0	32	0	384	80	0	0	0	0		1	0	0	320
22990	scripts\Map\大明宫\ai\安禄山\安禄山撼天动地技能控制.lua	0	768	768	32	256	64	0	32	0	384	80	0	0	0	0		1	0	0	320
22991	scripts\Map\大明宫\ai\安禄山\安禄山嗜血技能控制.lua	0	768	768	32	256	64	0	32	0	384	80	0	0	0	0		1	0	0	320
22992	scripts\Map\大明宫\ai\安禄山\头狼一阶段战斗模式转换.lua	0	768	768	32	256	64	0	32	0	384	80	0	0	0	0		1	0	0	320
22993	scripts\Map\大明宫\ai\安禄山\安禄山阶段控制.lua	0	768	768	32	256	64	0	32	0	384	80	0	0	0	0		1	0	0	320
22997	scripts\Map\大明宫\ai\安禄山\安禄山鲜血牢笼控制.lua	0	768	768	32	256	64	0	32	0	384	80	0	0	0	0		1	0	0	320
23001	scripts\Map\大明宫\ai\安禄山\安禄山血气附体控制.lua	0	768	768	32	256	64	0	32	0	384	80	0	0	0	0		1	0	0	320
23002	scripts\Map\大明宫\ai\安禄山\安禄山总控.lua	0	768	768	32	256	64	0	32	0	384	80	0	0	0	0		1	0	0	320
23003	scripts\Map\大明宫\ai\安禄山\血池喷发控制.lua	0	768	768	32	256	64	0	32	0	384	80	0	0	0	0		1	0	0	320
23004	scripts\Map\大明宫\ai\安禄山\踏血无痕控制.lua	0	768	768	32	256	64	0	32	0	384	80	0	0	0	0		1	0	0	320
23005	scripts\Map\大明宫\ai\安禄山\鲜血牢笼.lua	0	768	768	32	256	64	0	32	0	384	80	0	0	0	0		1	0	0	320
23006	scripts\Map\大明宫\ai\安禄山\血池生成控制.lua	0	768	768	32	256	64	0	32	0	384	80	0	0	0	0		1	0	0	320
23007	scripts\Map\大明宫\ai\安禄山\血池.lua	0	768	768	32	256	64	0	32	0	384	80	0	0	0	0		1	0	0	320
23008	scripts\Map\大明宫\ai\安禄山\安禄山刷怪控制.lua	0	768	768	32	256	64	0	32	0	384	80	0	0	0	0		1	0	0	320
23009	scripts\Map\大明宫\ai\安禄山\锁链士兵.lua	0	768	768	32	256	64	0	32	0	384	80	0	0	0	0		1	0	0	320
23010	scripts\Map\大明宫\ai\房顶潜入\站立的士兵.lua	0	768	768	32	256	64	0	32	0	384	80	0	0	0	0		1	0	0	320
23011	scripts\Map\大明宫\ai\房顶潜入\站立的士兵.lua	0	768	768	32	256	64	0	32	0	384	80	0	0	0	0		1	0	0	320
23013	scripts/ai/StandardAI.lua	0	768	768	32	256	64	0	32	0	384	80	0	0	0	0		1	0	0	320
23029	scripts\Map\大明宫\ai\房顶潜入\巡逻士兵.lua	0	768	768	32	256	64	0	32	0	384	80	0	0	0	0		1	0	0	320
23030	scripts\Map\大明宫\ai\房顶潜入\巡逻士兵.lua	0	768	768	32	256	64	0	32	0	384	80	0	0	0	0		1	0	0	320
23039	scripts/ai/StandardAI.lua	1	768	768	32	256	64	0	32	0	384	80	0	0	0	0		1	0	1	320
23040	scripts\Map\大明宫\ai\房顶潜入\区域发现.lua	1	768	768	32	256	64	0	32	0	384	80	0	0	0	0		1	0	1	320
23041	scripts/ai/DungeonStandardAI.lua	1	960	960	32	256	64	0	32	0	384	80	0	0	0	0		1	1	1	320
23042	scripts/ai/DungeonStandardAI.lua	1	960	960	32	256	64	0	32	0	384	80	0	0	0	0		1	1	1	320
23175	scripts\Map\大明宫\ai\伊玛目\陷阱之火.lua	0	768	768	32	256	64	0	32	0	384	80	0	0	0	0		1	0	0	320
23189	scripts\Map\大明宫\ai\伊玛目\伊玛目元火buff控制.lua	0	768	768	32	256	64	0	32	0	384	80	0	0	0	0		1	0	0	320
23220	scripts\Map\大明宫\ai\耶律燕\耶律燕.lua	0	768	768	32	256	64	0	32	0	384	80	0	0	0	0		1	0	0	320
23222	scripts\Map\大明宫\ai\耶律燕\防守.lua	0	768	768	32	256	64	0	32	0	384	80	0	0	0	0		1	0	0	320
23223	scripts\Map\大明宫\ai\耶律燕\击球手.lua	0	768	768	32	256	64	0	32	0	384	80	0	0	0	0		1	0	0	320
23224	scripts\Map\大明宫\ai\耶律燕\助攻防守.lua	0	768	768	32	256	64	0	32	0	384	80	0	0	0	0		1	0	0	320
23225	scripts\Map\大明宫\ai\耶律燕\助攻击球.lua	0	768	768	32	256	64	0	32	0	384	80	0	0	0	0		1	0	0	320
23226	scripts\Map\大明宫\ai\耶律燕\马球.lua	0	768	768	32	256	64	0	32	0	384	80	0	0	0	0		1	0	0	320
23305	scripts\Map\大明宫\ai\耶律燕\范围控制.lua	0	768	768	32	256	64	0	32	0	384	80	0	0	0	0		1	0	0	320
23313	scripts/ai/StandardAI.lua	0	768	768	32	256	64	0	32	0	384	80	0	0	0	0		1	0	0	320
23328	scripts\Map\大明宫\ai\六道\六道・天.lua	0	768	768	32	256	64	0	32	0	384	80	0	0	0	0		1	0	0	320
23329	scripts\Map\大明宫\ai\六道\六道・人.lua	0	768	768	32	256	64	0	32	0	384	80	0	0	0	0		1	0	0	320
23330	scripts\Map\大明宫\ai\六道\六道・修罗.lua	0	768	768	32	256	64	0	32	0	384	80	0	0	0	0		1	0	0	320
23331	scripts\Map\大明宫\ai\六道\六道・畜生.lua	0	768	768	32	256	64	0	32	0	384	80	0	0	0	0		1	0	0	320
23332	scripts\Map\大明宫\ai\六道\六道・饿鬼.lua	0	768	768	32	256	64	0	32	0	384	80	0	0	0	0		1	0	0	320
23333	scripts\Map\大明宫\ai\六道\六道・地狱.lua	0	768	768	32	256	64	0	32	0	384	80	0	0	0	0		1	0	0	320
23334	scripts\Map\大明宫\ai\六道\战斗流程总控.lua	0	768	768	32	256	64	0	32	0	384	80	0	0	0	0		1	0	0	320
23335	scripts\Map\大明宫\ai\六道\范围总控.lua	0	768	768	32	256	64	0	32	0	384	80	0	0	0	0		1	0	0	320
23336	scripts\Map\大明宫\ai\六道\傀儡丝.lua	0	768	768	32	256	64	0	32	0	384	80	0	0	0	0		1	0	0	320
23337	scripts/ai/DungeonStandardAI.lua	1	6400	6400	0	256	64	0	32	0	384	80	0	0	0	0		1	1	1	320
23338	scripts\Map\大明宫\ai\六道\针沼.lua	0	768	768	32	256	64	0	32	0	384	80	0	0	0	0		1	0	0	320
23339	scripts\Map\大明宫\ai\六道\净土.lua	0	768	768	32	256	64	0	32	0	384	80	0	0	0	0		1	0	0	320
23340	scripts\Map\大明宫\ai\六道\skillCD.lua	0	768	768	32	256	64	0	32	0	384	80	0	0	0	0		1	0	0	320
23341	scripts\Map\大明宫\ai\六道\六道技能总控.lua	0	768	768	32	256	64	0	32	0	384	80	0	0	0	0		1	0	0	320
23342	scripts\Map\大明宫\ai\六道\六道技能辅助体.lua	0	768	768	32	256	64	0	32	0	384	80	0	0	0	0		1	0	0	320
23343	scripts\Map\大明宫\ai\六道\地狱恶鬼.lua	0	768	768	32	256	64	0	32	0	384	80	0	0	0	0		1	1	0	320
23344	scripts/Map/世界通用/ai/标准无敌免屠杀.lua	0	768	768	32	256	64	0	32	0	384	80	0	0	0	0		1	0	0	320
23345	scripts/ai/StandardAI.lua	0	768	768	32	256	64	0	32	0	384	80	0	0	0	0		1	0	0	320
23346	scripts\Map\大明宫\ai\六道\离愁表现.lua	0	768	768	32	256	64	0	32	0	384	80	0	0	0	0		1	0	0	320
23347	scripts/ai/StandardAI.lua	0	768	768	32	256	64	0	32	0	384	80	0	0	0	0		1	0	0	320
23360	scripts\Map\大明宫\ai\耶律燕\击鼓手1.lua	0	768	768	32	256	64	0	32	0	384	80	0	0	0	0		1	0	0	320
23411	scripts/ai/DungeonStandardAI.lua	1	7000	7000	0	256	64	0	32	0	384	80	0	0	0	0		1	1	1	320
23412	scripts/ai/StandardAI.lua	0	768	768	32	256	64	0	32	0	384	80	0	0	0	0		1	0	0	320
23413	scripts/ai/StandardAI.lua	0	768	768	32	256	64	0	32	0	384	80	0	0	0	0		1	0	0	320
23414	scripts/ai/StandardAI.lua	0	768	768	32	256	64	0	32	0	384	80	0	0	0	0		1	0	0	320
23415	scripts\Map\大明宫\ai\耶律燕\击鼓手控制.lua	0	768	768	32	256	64	0	32	0	384	80	0	0	0	0		1	0	0	320
23416	scripts/ai/DungeonStandardAI.lua	0	768	768	32	256	64	0	32	0	384	80	0	0	0	0		1	1	0	320
23417	scripts/ai/StandardAI.lua	0	768	768	32	256	64	0	32	0	384	80	0	0	0	0		1	0	0	320
23419	scripts/ai/StandardAI.lua	0	768	768	32	256	64	0	32	0	384	80	0	0	0	0		1	0	0	320
23420	scripts/ai/StandardAI.lua	0	768	768	32	256	64	0	32	0	384	80	0	0	0	0		1	0	0	320
23421	scripts/ai/StandardAI.lua	0	768	768	32	256	64	0	32	0	384	80	0	0	0	0		1	0	0	320
23422	scripts/ai/StandardAI.lua	0	768	768	32	256	64	0	32	0	384	80	0	0	0	0		1	0	0	320
23423	scripts/ai/StandardAI.lua	0	768	768	32	256	64	0	32	0	384	80	0	0	0	0		1	0	0	320
23424	scripts/ai/StandardAI.lua	0	768	768	32	256	64	0	32	0	384	80	0	0	0	0		1	0	0	320
23425	scripts/ai/StandardAI.lua	0	768	768	32	256	64	0	32	0	384	80	0	0	0	0		1	0	0	320
23426	scripts\Map\大明宫\ai\耶律燕\耶律燕战斗总控.lua	0	768	768	32	256	64	0	32	0	384	80	0	0	0	0		1	0	0	320
23499	scripts\Map\大明宫\ai\耶律燕\奖惩控制.lua	0	768	768	32	256	64	0	32	0	384	80	0	0	0	0		1	0	0	320
23668	scripts\Map\大明宫\ai\剑圣\行为阶段控制.lua	0	768	768	32	256	64	0	32	0	384	80	0	0	0	0		1	0	0	320
23717	scripts/ai/StandardAI.lua	0	768	768	32	256	64	0	32	0	384	80	0	0	0	0		1	0	0	320
23745	scripts\Map\大明宫\ai\安禄山\一般士兵 1号.lua	0	768	768	32	256	64	0	32	0	384	80	0	0	0	0		1	0	0	320
23746	scripts\Map\大明宫\ai\安禄山\一般士兵 2号.lua	0	768	768	32	256	64	0	32	0	384	80	0	0	0	0		1	0	0	320
23748	scripts\Map\大明宫\ai\无名\幻灭.lua	0	768	768	32	256	64	0	32	0	384	80	0	0	0	0		1	1	0	320
23749	scripts\Map\大明宫\ai\无名\无名.lua	0	768	768	32	256	64	0	32	0	384	80	0	0	0	0		1	1	0	320
23750	scripts\Map\大明宫\ai\无名\魔方机甲单体.lua	0	768	768	32	256	64	0	32	0	384	80	0	0	0	0		1	1	0	320
23751	scripts\Map\大明宫\ai\无名\魔方机甲单体.lua	0	768	768	32	256	64	0	32	0	384	80	0	0	0	0		1	1	0	320
23752	scripts\Map\大明宫\ai\无名\魔方机甲单体.lua	0	768	768	32	256	64	0	32	0	384	80	0	0	0	0		1	1	0	320
23753	scripts\Map\大明宫\ai\无名\魔方机甲单体.lua	0	768	768	32	256	64	0	32	0	384	80	0	0	0	0		1	1	0	320
23754	scripts\Map\大明宫\ai\无名\魔方机甲单体.lua	0	768	768	32	256	64	0	32	0	384	80	0	0	0	0		1	1	0	320
23755	scripts\Map\大明宫\ai\无名\魔方机甲单体.lua	0	768	768	32	256	64	0	32	0	384	80	0	0	0	0		1	1	0	320
23756	scripts\Map\大明宫\ai\无名\魔方机甲单体.lua	0	768	768	32	256	64	0	32	0	384	80	0	0	0	0		1	1	0	320
23757	scripts\Map\大明宫\ai\无名\魔方机甲单体.lua	0	768	768	32	256	64	0	32	0	384	80	0	0	0	0		1	1	0	320
23758	scripts\Map\大明宫\ai\无名\魔方机甲单体.lua	0	768	768	32	256	64	0	32	0	384	80	0	0	0	0		1	1	0	320
23759	scripts\Map\大明宫\ai\无名\魔方机甲单体.lua	0	768	768	32	256	64	0	32	0	384	80	0	0	0	0		1	1	0	320
23760	scripts\Map\大明宫\ai\无名\魔方机甲单体.lua	0	768	768	32	256	64	0	32	0	384	80	0	0	0	0		1	1	0	320
23761	scripts\Map\大明宫\ai\无名\魔方机甲单体.lua	0	768	768	32	256	64	0	32	0	384	80	0	0	0	0		1	1	0	320
23762	scripts\Map\大明宫\ai\无名\魔方机甲总控.lua	0	768	768	32	256	64	0	32	0	384	80	0	0	0	0		1	0	0	320
23763	scripts\Map\大明宫\ai\无名\幻灭傀儡零件.lua	0	768	768	32	256	64	0	32	0	384	80	0	0	0	0		1	1	0	320
23764	scripts\Map\大明宫\ai\无名\吊灯.lua	0	768	768	32	256	64	0	32	0	384	80	0	0	0	0		1	0	0	320
23765	scripts\Map\大明宫\ai\无名\可人.lua	0	768	768	32	256	64	0	32	0	384	80	0	0	0	0		1	1	0	320
23766	scripts\Map\大明宫\ai\无名\无名・幻灭战斗总控.lua	0	768	768	32	256	64	0	32	0	384	80	0	0	0	0		1	1	0	320
23767	scripts/ai/StandardAI.lua	0	768	768	32	256	64	0	32	0	384	80	0	0	0	0		1	0	0	320
23786	scripts\Map\大明宫\ai\安禄山\锁链士兵.lua	0	768	768	32	256	64	0	32	0	384	80	0	0	0	0		1	0	0	320
23808	scripts/ai/StandardAI.lua	0	768	768	32	256	64	0	32	0	384	80	0	0	0	0		1	0	0	320
23827	scripts\Map\大明宫\ai\耶律燕\干扰.lua	0	768	768	32	256	64	0	32	0	384	80	0	0	0	0		1	0	0	320
23829	scripts\Map\大明宫\ai\安禄山\四阶段烈火.lua	0	768	768	32	256	64	0	32	0	384	80	0	0	0	0		1	0	0	320
23851	scripts\Map\大明宫\ai\剑圣\剑灵.lua	1	7680	7680	32	256	64	0	32	0	384	80	0	0	0	0		1	0	0	320
23863	scripts\Map\大明宫\ai\剑圣\剑灵2.lua	1	7680	7680	32	256	64	0	32	0	384	80	0	0	0	0		1	0	0	320
23864	scripts\Map\大明宫\ai\剑圣\心魔.lua	1	7680	7680	32	256	64	0	32	0	384	80	0	0	0	0		1	1	1	320
23865	scripts\Map\大明宫\ai\剑圣\心魔.lua	1	7680	7680	32	256	64	0	32	0	384	80	0	0	0	0		1	1	1	320
23866	scripts\Map\大明宫\ai\剑圣\心魔.lua	1	7680	7680	32	256	64	0	32	0	384	80	0	0	0	0		1	1	1	320
23868	scripts\Map\大明宫\ai\剑圣\心魔.lua	1	7680	7680	32	256	64	0	32	0	384	80	0	0	0	0		1	1	1	320
23871	scripts\Map\大明宫\ai\剑圣\龙卷.lua	1	768	768	32	256	64	0	32	0	384	80	0	0	0	0		1	0	0	320
23872	scripts\Map\大明宫\ai\剑圣\极寒剑气.lua	1	768	768	32	256	64	0	32	0	384	80	0	0	0	0		1	0	0	320
23916	scripts/ai/StandardAI.lua	0	768	768	32	256	64	0	32	0	384	80	0	0	0	0		1	0	0	320
23922	scripts\Map\大明宫\ai\耶律燕\击鼓手2.lua	0	768	768	32	256	64	0	32	0	384	80	0	0	0	0		1	0	0	320
23923	scripts/ai/DungeonStandardAI.lua	1	7680	7680	32	256	64	0	32	0	384	80	0	0	0	0		1	1	0	320
23924	scripts/ai/DungeonStandardAI.lua	1	7680	7680	32	256	64	0	32	0	384	80	0	0	0	0		1	1	1	320
23925	scripts/ai/StandardAI.lua	0	768	768	32	256	64	0	32	0	384	80	0	0	0	0		1	0	0	320
23926	scripts/ai/DungeonStandardAI.lua	0	768	768	32	256	64	0	32	0	384	80	0	0	0	0		1	1	0	320
23927	scripts/ai/StandardAI.lua	0	768	768	32	256	64	0	32	0	384	80	0	0	0	0		1	0	0	320
23928	scripts\Map\世界通用\ai\空.lua	0	768	768	32	256	64	0	32	0	384	80	0	0	0	0		1	0	0	320
23929	scripts\Map\成都\ai\表现专用标准AI变型.lua	0	768	768	32	256	64	0	32	0	384	80	0	0	0	0		1	0	0	320
23930	scripts/ai/StandardAI.lua	0	768	768	32	256	64	0	32	0	384	80	0	0	0	0		1	0	0	320
23931	scripts/ai/StandardAI.lua	0	768	768	32	256	64	0	32	0	384	80	0	0	0	0		1	0	0	320
23932	scripts/ai/StandardAI.lua	0	768	768	32	256	64	0	32	0	384	80	0	0	0	0		1	0	0	320
23933	scripts/ai/StandardAI.lua	0	768	768	32	256	64	0	32	0	384	80	0	0	0	0		1	0	0	320
23934	scripts/ai/StandardAI.lua	0	768	768	32	256	64	0	32	0	384	80	0	0	0	0		1	0	0	320
23935	scripts/ai/StandardAI.lua	0	768	768	32	256	64	0	32	0	384	80	0	0	0	0		1	0	0	320
23936	scripts/ai/StandardAI.lua	0	768	768	32	256	64	0	32	0	384	80	0	0	0	0		1	0	0	320
23937	scripts/ai/StandardAI.lua	0	768	768	32	256	64	0	32	0	384	80	0	0	0	0		1	0	0	320
23938	scripts/ai/StandardAI.lua	0	768	768	32	256	64	0	32	0	384	80	0	0	0	0		1	0	0	320
23939	scripts/ai/StandardAI.lua	0	768	768	32	256	64	0	32	0	384	80	0	0	0	0		1	0	0	320
23940	scripts/ai/StandardAI.lua	0	768	768	32	256	64	0	32	0	384	80	0	0	0	0		1	0	0	320
23941	scripts/ai/StandardAI.lua	0	768	768	32	256	64	0	32	0	384	80	0	0	0	0		1	0	0	320
23942	scripts/ai/StandardAI.lua	0	768	768	32	256	64	0	32	0	384	80	0	0	0	0		1	0	0	320
23943	scripts/ai/StandardAI.lua	0	768	768	32	256	64	0	32	0	384	80	0	0	0	0		1	0	0	320
23944	scripts/ai/StandardAI.lua	0	768	768	32	256	64	0	32	0	384	80	0	0	0	0		1	0	0	320
23945	scripts/ai/StandardAI.lua	0	768	768	32	256	64	0	32	0	384	80	0	0	0	0		1	0	0	320
23946	scripts\Map\世界通用\ai\标准无敌免屠杀.lua	0	768	768	32	256	64	0	32	0	384	80	0	0	0	0		1	0	0	320
23947	scripts/ai/StandardAI.lua	0	768	768	32	256	64	0	32	0	384	80	0	0	0	0		1	0	0	320
23948	scripts/ai/StandardAI.lua	0	768	768	32	256	64	0	32	0	384	80	0	0	0	0		1	0	0	320
23949	scripts/ai/StandardAI.lua	0	768	768	32	256	64	0	32	0	384	80	0	0	0	0		1	0	0	320
23950	scripts/ai/StandardAI.lua	0	768	768	32	256	64	0	32	0	384	80	0	0	0	0		1	0	0	320
23951	scripts/ai/StandardAI.lua	0	768	768	32	256	64	0	32	0	384	80	0	0	0	0		1	0	0	320
23952	scripts/ai/StandardAI.lua	0	768	768	32	256	64	0	32	0	384	80	0	0	0	0		1	0	0	320
23954	scripts\Map\大明宫\ai\耶律燕\丢炸弹.lua	0	768	768	32	256	64	0	32	0	384	80	0	0	0	0		1	0	0	320
24019	scripts/ai/StandardAI.lua	0	768	768	32	256	64	0	32	0	384	80	0	0	0	0		1	0	0	320
24045	scripts/ai/StandardAI.lua	0	768	768	32	256	64	0	32	0	384	80	0	0	0	0		1	0	0	320
24053	scripts\Map\大明宫\ai\剑圣\火.lua	1	768	768	32	256	64	0	32	0	384	80	0	0	0	0		1	0	0	320
24055	scripts/ai/StandardAI.lua	1	9999	9999	0	999999	0	0	0	0	384	80	0	0	0	0		1	0	1	320
24056	scripts\Map\大明宫\ai\特殊小怪\二号水鬼.lua	1	9999	9999	0	999999	0	0	0	0	384	80	0	0	0	0		1	0	1	320
24057	scripts/ai/StandardAI.lua	0	768	768	32	256	64	0	32	0	384	80	0	0	0	0		1	0	0	320
24058	scripts/ai/StandardAI.lua	0	768	768	32	256	64	0	32	0	384	80	0	0	0	0		1	0	0	320
24059	scripts\Map\大明宫\ai\无名\范围控制.lua	0	768	768	32	256	64	0	32	0	384	80	0	0	0	0		1	0	0	320
24060	scripts/ai/DungeonStandardAI.lua	1	1024	768	32	256	64	0	32	0	384	80	0	0	0	0		1	1	1	320
24061	scripts\Map\大明宫\ai\无名\表现流程总控.lua	0	768	768	32	256	64	0	32	0	384	80	0	0	0	0		1	0	0	320
24062	scripts\Map\大明宫\ai\无名\乾坤剑意.lua	0	768	768	32	256	64	0	32	0	384	80	0	0	0	0		1	0	0	320
24063	scripts/Map/世界通用/ai/标准无敌免屠杀.lua	0	768	768	32	256	64	0	32	0	384	80	0	0	0	0		1	0	0	320
24064	scripts\Map\大明宫\ai\无名\光照区域.lua	0	768	768	32	256	64	0	32	0	384	80	0	0	0	0		1	0	0	320
24065	scripts\Map\大明宫\ai\无名\无名的碎碎念.lua	0	768	768	32	256	64	0	32	0	384	80	0	0	0	0		1	0	0	320
24066	scripts\Map\大明宫\ai\无名\前范围总控.lua	0	768	768	32	256	64	0	32	0	384	80	0	0	0	0		1	0	0	320
24078	scripts/ai/StandardAI.lua	0	768	768	32	256	64	0	32	0	384	80	0	0	0	0		1	0	0	320
24081	scripts\Map\大明宫\ai\特殊小怪\张翼勋.lua	0	768	768	32	256	64	0	32	0	384	80	0	0	0	0		1	0	0	320
24082	scripts\Map\大明宫\ai\特殊小怪\孟可儿.lua	0	768	768	32	256	64	0	32	0	384	80	0	0	0	0		1	0	0	320
24102	scripts/ai/CommonFoolish.lua	0	0	0	0	0	0	960	0	0	0	80	0	30	0	0		1	1	0	320
24108	scripts/ai/DungeonStandardAI.lua	1	960	960	32	256	64	0	32	0	384	80	0	0	0	0		1	1	1	320
24109	scripts/ai/DungeonStandardAI.lua	1	960	960	32	256	64	0	32	0	384	80	0	0	0	0		1	1	1	320
24112	scripts\Map\大明宫\ai\安禄山\火球.lua	0	768	768	32	256	64	0	32	0	384	80	0	0	0	0		1	0	0	320
24119	scripts\Map\大明宫\ai\特殊小怪\老一前\何新压.lua	1	1024	768	32	256	64	0	32	0	384	80	0	0	0	0		1	1	1	320
24147	scripts\Map\大明宫\ai\特殊小怪\老一前\战斗总控.lua	1	1024	768	32	256	64	0	32	0	384	80	0	0	0	0		1	1	1	320
24164	scripts\Map\大明宫\ai\耶律燕\耶律燕进球表现.lua	0	768	768	32	256	64	0	32	0	384	80	0	0	0	0		1	0	0	320
24165	scripts/ai/StandardAI.lua	0	768	768	32	256	64	0	32	0	384	80	0	0	0	0		1	0	0	320
24167	scripts/Map/世界通用/ai/标准无敌免屠杀.lua	0	768	768	32	256	64	0	32	0	384	80	0	0	0	0		1	0	0	320
24169	scripts/ai/StandardAI.lua	0	768	768	32	256	64	0	32	0	384	80	0	0	0	0		1	0	0	320
24174	scripts\Map\大明宫\ai\剑圣\飞出的武器.lua	0	768	768	32	256	64	0	32	0	384	80	0	0	0	0		1	0	0	320
24180	scripts/ai/DungeonStandardAI.lua	0	1024	768	32	256	64	0	32	0	384	80	0	0	0	0		0	1	0	320
24183	scripts\Map\大明宫\ai\特殊小怪\老一前\狼牙弓箭手.lua	1	1024	768	32	256	64	0	32	0	384	80	0	0	0	0		1	1	1	320
24184	scripts\Map\世界通用\ai\空.lua	1	1024	768	32	256	64	0	32	0	384	80	0	0	0	0		1	1	1	320
24185	scripts/ai/DungeonStandardAI.lua	1	128	64	32	256	64	0	32	0	384	80	0	0	0	0		1	1	1	320
24186	scripts\Map\世界通用\ai\演员可对话.lua	1	1024	768	32	256	64	0	32	0	384	80	0	0	0	0		1	1	1	320
24187	scripts\Map\大明宫\ai\特殊小怪\老一前\狼牙兵.lua	1	1500	1400	32	512	64	0	32	0	384	80	0	0	0	0		1	1	1	320
24188	scripts\Map\大明宫\ai\特殊小怪\老一前\狼牙兵.lua	1	1500	1400	32	512	64	0	32	0	384	80	0	0	0	0		1	1	1	320
24203	scripts/ai/StandardAI.lua	0	768	768	32	256	64	0	32	0	384	80	0	0	0	0		1	0	0	320
24205	scripts/ai/StandardAI.lua	0	768	768	32	256	64	0	32	0	384	80	0	0	0	0		1	0	0	320
24224	scripts/ai/StandardAI.lua	0	768	768	32	256	64	0	32	0	384	80	0	0	0	0		1	0	0	320
24225	scripts/ai/StandardAI.lua	0	768	768	32	256	64	0	32	0	384	80	0	0	0	0		1	0	0	320
24226	scripts/ai/StandardAI.lua	0	768	768	32	256	64	0	32	0	384	80	0	0	0	0		1	0	0	320
24227	scripts/ai/StandardAI.lua	0	768	768	32	256	64	0	32	0	384	80	0	0	0	0		1	0	0	320
24228	scripts/ai/DungeonStandardAI.lua	0	768	768	32	256	64	0	32	0	384	80	0	0	0	0		1	1	0	320
24285	scripts\Map\大明宫\ai\特殊小怪\五号黑傀儡.lua	0	768	768	32	256	64	0	32	0	384	80	0	0	0	0		1	0	0	320
24286	scripts/ai/StandardAI.lua	1	768	768	0	256	64	0	32	0	384	80	0	0	0	0		1	0	1	320
24290	scripts\Map\大明宫\ai\特殊小怪\五号小怪光照.lua	0	768	768	32	256	64	0	32	0	384	80	0	0	0	0		1	0	0	320
24390	scripts/ai/StandardAI.lua	0	768	768	32	256	64	0	32	0	384	80	0	0	0	0		1	0	0	320
24391	scripts/ai/StandardAI.lua	0	768	768	32	256	64	0	32	0	384	80	0	0	0	0		1	0	0	320
24396	scripts\Map\大明宫\ai\房顶潜入\屋顶漏洞.lua	0	768	768	32	256	64	0	32	0	384	80	0	0	0	0		1	0	0	320
24472	scripts/ai/StandardAI.lua	1	768	768	32	256	64	0	32	0	384	80	0	0	0	0		1	0	1	320
24518	scripts/ai/StandardAI.lua	0	768	768	32	256	64	0	32	0	384	80	0	0	0	0		1	0	0	320
24519	scripts/ai/StandardAI.lua	0	768	768	32	256	64	0	32	0	384	80	0	0	0	0		1	0	0	320
24520	scripts/ai/StandardAI.lua	0	768	768	32	256	64	0	32	0	384	80	0	0	0	0		0	0	0	320
24521	scripts/ai/StandardAI.lua	0	768	768	32	256	64	0	32	0	384	80	0	0	0	0		0	0	0	320
24522	scripts/ai/StandardAI.lua	0	768	768	32	256	64	0	32	0	384	80	0	0	0	0		0	0	0	320
24523	scripts/ai/StandardAI.lua	0	768	768	32	256	64	0	32	0	384	80	0	0	0	0		0	0	0	320
24532	scripts\Map\大明宫\ai\剑圣\极寒剑气.lua	0	768	768	32	256	64	0	32	0	384	80	0	0	0	0		1	0	0	320
24534	scripts\Map\大明宫\ai\特殊小怪\老一前\刷新天策军士.lua	1	1024	768	32	256	64	0	32	0	384	80	0	0	0	0		1	1	1	320
24539	scripts\Map\世界通用\ai\空.lua	0	768	768	32	256	64	0	32	0	384	80	0	0	0	0		1	0	0	320
24540	scripts\Map\大明宫\ai\特殊小怪\老一前\狼牙兵.lua	1	1500	1400	32	512	64	0	32	0	384	80	0	0	0	0		1	1	1	320
24541	scripts\Map\大明宫\ai\特殊小怪\老一前\狼牙兵.lua	1	1500	1400	32	512	64	0	32	0	384	80	0	0	0	0		1	1	1	320
24542	scripts\Map\大明宫\ai\特殊小怪\老一前\狼牙兵.lua	1	1500	1400	32	512	64	0	32	0	384	80	0	0	0	0		1	1	1	320
24544	scripts/ai/DungeonStandardAI.lua	1	7000	7000	32	256	64	0	32	0	384	80	0	0	0	0		1	1	1	320
24549	scripts/ai/DungeonStandardAI.lua	1	7000	7000	32	256	64	0	32	0	384	80	0	0	0	0		1	1	1	320
24554	scripts/ai/DungeonStandardAI.lua	0	768	768	32	256	64	0	32	0	384	80	0	0	0	0		1	1	0	320
24555	scripts/ai/StandardAI.lua	0	768	768	32	256	64	0	32	0	384	80	0	0	0	0		1	0	0	320
24587	scripts\Map\大明宫\ai\特殊小怪\随机宝箱刷新.lua	0	768	768	32	256	64	0	32	0	384	80	0	0	0	0		1	0	0	320
24608	scripts\Map\大明宫\ai\特殊小怪\老一前\狼牙刷兵.lua	1	1024	768	32	256	64	0	32	0	384	80	0	0	0	0		1	1	1	320
24609	scripts\Map\大明宫\ai\剑圣\内心总控.lua	0	768	768	32	256	64	0	32	0	384	80	0	0	0	0		0	0	0	320
24610	scripts/ai/StandardAI.lua	0	768	768	32	256	64	0	32	0	384	80	0	0	0	0		1	0	0	320
24611	scripts/ai/StandardAI.lua	0	768	768	32	256	64	0	32	0	384	80	0	0	0	0		1	0	0	320
24612	scripts/ai/StandardAI.lua	0	768	768	32	256	64	0	32	0	384	80	0	0	0	0		1	0	0	320
24614	scripts\Map\大明宫\ai\特殊小怪\老一前\天策士兵冲锋.lua	1	768	768	32	256	64	0	32	0	384	80	0	0	0	0		1	1	0	320
24615	scripts\Map\大明宫\ai\剑圣\心魔刷新.lua	0	768	768	32	256	64	0	32	0	384	80	0	0	0	0		1	0	0	320
24655	scripts\Map\大明宫\ai\剑圣\剑圣HP控制.lua	0	768	768	32	256	64	0	32	0	384	80	0	0	0	0		1	0	0	320
24668	scripts\Map\大明宫\ai\特殊小怪\船战\水鬼.lua	1	1024	768	32	256	64	0	32	0	384	80	0	0	0	0		1	1	1	320
24678	scripts\Map\大明宫\ai\房顶潜入\下马控制.lua	0	768	768	32	256	64	0	32	0	384	80	0	0	0	0		1	0	0	320
24708	scripts\Map\大明宫\ai\特殊小怪\船战\莲花.lua	1	1024	768	32	256	64	0	32	0	384	80	0	0	0	0		1	1	1	320
24710	scripts/ai/DungeonStandardAI.lua	1	1024	768	32	256	64	0	32	0	384	80	0	0	0	0		1	1	1	320
24711	scripts/ai/DungeonStandardAI.lua	1	1024	768	32	256	64	0	32	0	384	80	0	0	0	0		1	1	1	320
24712	scripts/ai/DungeonStandardAI.lua	1	1024	768	32	256	64	0	32	0	384	80	0	0	0	0		1	1	1	320
24713	scripts\Map\大明宫\ai\剑圣\行为阶段控制.lua	0	768	768	32	256	64	0	32	0	384	80	0	0	0	0		1	0	0	320
24728	scripts\Map\大明宫\ai\特殊小怪\船战\狼牙鬼弓.lua	1	1024	768	32	256	64	0	32	0	384	80	0	0	0	0		1	1	1	320
24740	scripts/ai/StandardAI.lua	0	768	768	32	256	64	0	32	0	384	80	0	0	0	0		1	0	0	320
24744	scripts\Map\大明宫\ai\特殊小怪\老一前\范围总控.lua	1	1024	768	32	256	64	0	32	0	384	80	0	0	0	0		1	1	1	320
24748	scripts/ai/StandardAI.lua	0	768	768	32	256	64	0	32	0	384	80	0	0	0	0		1	0	0	320
24838	scripts/ai/StandardAI.lua	0	768	768	32	256	64	0	32	0	384	80	0	0	0	0		1	0	0	320
24839	scripts\Map\大明宫\ai\房顶潜入\慌乱逃离的太监和宫女.lua	0	768	768	32	256	64	0	32	0	384	80	0	0	0	0		1	0	0	320
24840	scripts\Map\大明宫\ai\房顶潜入\慌乱逃离的太监和宫女.lua	0	768	768	32	256	64	0	32	0	384	80	0	0	0	0		1	0	0	320
24841	scripts\Map\大明宫\ai\房顶潜入\慌乱逃离的太监和宫女.lua	0	768	768	32	256	64	0	32	0	384	80	0	0	0	0		1	0	0	320
24842	scripts\Map\大明宫\ai\房顶潜入\三大长老离开.lua	0	768	768	32	256	64	0	32	0	384	80	0	0	0	0		1	0	0	320
24845	scripts\Map\大明宫\ai\房顶潜入\三大长老离开.lua	0	768	768	32	256	64	0	32	0	384	80	0	0	0	0		1	0	0	320
24847	scripts\Map\大明宫\ai\房顶潜入\三大长老离开.lua	0	768	768	32	256	64	0	32	0	384	80	0	0	0	0		1	0	0	320
24848	scripts/ai/StandardAI.lua	0	768	768	32	256	64	0	32	0	384	80	0	0	0	0		1	0	0	320
24849	scripts/ai/StandardAI.lua	0	768	768	32	256	64	0	32	0	384	80	0	0	0	0		1	0	0	320
24850	scripts/ai/StandardAI.lua	0	768	768	32	256	64	0	32	0	384	80	0	0	0	0		1	0	0	320
24851	scripts/ai/StandardAI.lua	0	768	768	32	256	64	0	32	0	384	80	0	0	0	0		1	0	0	320
24852	scripts/ai/StandardAI.lua	0	768	768	32	256	64	0	32	0	384	80	0	0	0	0		1	0	0	320
24853	scripts/ai/StandardAI.lua	0	768	768	32	256	64	0	32	0	384	80	0	0	0	0		1	0	0	320
24854	scripts/ai/StandardAI.lua	0	768	768	32	256	64	0	32	0	384	80	0	0	0	0		1	0	0	320
24855	scripts/ai/StandardAI.lua	0	768	768	32	256	64	0	32	0	384	80	0	0	0	0		1	0	0	320
24857	scripts/ai/StandardAI.lua	0	768	768	32	256	64	0	32	0	384	80	0	0	0	0		1	0	0	320
24858	scripts\Map\大明宫\ai\特殊小怪\船战\孟可儿.lua	1	1024	768	32	256	64	0	32	0	384	80	0	0	0	0		1	1	1	320
24864	scripts\Map\大明宫\ai\耶律燕\三阶段buff监控.lua	0	768	768	32	256	64	0	32	0	384	80	0	0	0	0		1	0	0	320
24865	scripts/ai/DungeonStandardAI.lua	1	1024	768	32	256	64	0	32	0	384	80	0	0	0	0		1	1	1	320
24929	scripts\Map\大明宫\ai\特殊小怪\老一前\傀儡・张翼勋.lua	1	768	768	32	256	64	0	32	0	384	80	0	0	0	0		1	0	1	320
24931	scripts\Map\大明宫\ai\特殊小怪\老一前\傀儡・傀儡丝.lua	0	768	768	32	256	64	0	32	0	384	80	0	0	0	0		1	0	0	320
24932	scripts/ai/DungeonStandardAI.lua	0	768	768	32	256	64	0	32	0	384	80	0	0	0	0		1	1	0	320
24933	scripts/ai/DungeonStandardAI.lua	0	768	768	32	256	64	0	32	0	384	80	0	0	0	0		1	1	0	320
24934	scripts/ai/StandardAI.lua	0	768	768	32	256	64	0	32	0	384	80	0	0	0	0		1	0	0	320
24935	scripts\Map\世界通用\ai\空.lua	0	768	768	32	256	64	0	32	0	384	80	0	0	0	0		1	0	0	320
24952	scripts/ai/StandardAI.lua	0	768	768	32	256	64	0	32	0	384	80	0	0	0	0		1	0	0	320
24954	scripts/ai/DungeonStandardAI.lua	1	7680	7680	32	256	64	0	32	0	384	80	0	0	0	0		1	1	1	320
24955	scripts\Map\大明宫\ai\剑圣\心魔.lua	1	8000	8000	32	256	64	0	32	0	384	80	0	0	0	0		1	1	1	320
24959	scripts\Map\大明宫\ai\剑圣\腾空之阵.lua	0	768	768	32	256	64	0	32	0	384	80	0	0	0	0		1	0	0	320
24960	scripts\Map\大明宫\ai\剑圣\画影之阵.lua	0	768	768	32	256	64	0	32	0	384	80	0	0	0	0		1	0	0	320
24961	scripts\Map\大明宫\ai\剑圣\范围控制.lua	0	768	768	32	256	64	0	32	0	384	80	0	0	0	0		1	0	0	320
25054	scripts/ai/DungeonStandardAI.lua	0	768	768	32	256	64	0	32	0	384	80	0	0	0	0		1	1	0	320
25055	scripts/ai/DungeonStandardAI.lua	0	768	768	32	256	64	0	32	0	384	80	0	0	0	0		1	1	0	320
25056	scripts\Map\世界通用\ai\无敌并不自动转向.lua	1	1024	768	32	256	64	0	32	0	384	80	0	0	0	0		1	1	1	320
25058	scripts/ai/StandardAI.lua	0	768	768	32	256	64	0	32	0	384	80	0	0	0	0		1	0	0	320
25059	scripts\Map\大明宫\ai\特殊小怪\船战\李表现.lua	1	1024	768	32	256	64	0	32	0	384	80	0	0	0	0		1	1	1	320
25060	scripts/ai/DungeonStandardAI.lua	1	1024	768	32	256	64	0	32	0	384	80	0	0	0	0		1	1	1	320
25061	scripts/ai/StandardAI.lua	0	768	768	32	256	64	0	32	0	384	80	0	0	0	0		1	0	0	320
25062	scripts/ai/StandardAI.lua	0	768	768	32	256	64	0	32	0	384	80	0	0	0	0		1	0	0	320
25063	scripts/ai/StandardAI.lua	0	768	768	32	256	64	0	32	0	384	80	0	0	0	0		1	0	0	320
25064	scripts/ai/StandardAI.lua	0	768	768	32	256	64	0	32	0	384	80	0	0	0	0		1	0	0	320
25065	scripts/ai/StandardAI.lua	0	768	768	32	256	64	0	32	0	384	80	0	0	0	0		1	0	0	320
25066	scripts/ai/StandardAI.lua	0	768	768	32	256	64	0	32	0	384	80	0	0	0	0		1	0	0	320
25067	scripts/ai/StandardAI.lua	0	768	768	32	256	64	0	32	0	384	80	0	0	0	0		1	0	0	320
25068	scripts/ai/StandardAI.lua	0	768	768	32	256	64	0	32	0	384	80	0	0	0	0		1	0	0	320
25069	scripts/ai/StandardAI.lua	0	768	768	32	256	64	0	32	0	384	80	0	0	0	0		1	0	0	320
25070	scripts/ai/StandardAI.lua	0	768	768	32	256	64	0	32	0	384	80	0	0	0	0		1	0	0	320
25071	scripts/ai/StandardAI.lua	0	768	768	32	256	64	0	32	0	384	80	0	0	0	0		1	0	0	320
25072	scripts/ai/StandardAI.lua	0	768	768	32	256	64	0	32	0	384	80	0	0	0	0		1	0	0	320
25081	scripts/ai/StandardAI.lua	0	768	768	32	256	64	0	32	0	384	80	0	0	0	0		1	0	0	320
25082	scripts/ai/StandardAI.lua	0	768	768	32	256	64	0	32	0	384	80	0	0	0	0		1	0	0	320
25407	scripts/ai/StandardAI.lua	1	1024	768	32	256	64	0	32	0	384	80	0	0	0	0		1	0	1	320
25412	scripts\Map\大明宫\ai\特殊小怪\船战\小怪宝箱.lua	0	768	768	32	256	64	0	32	0	384	80	0	0	0	0		1	1	0	320
25413	scripts\Map\大明宫\ai\特殊小怪\船战\小怪宝箱.lua	0	768	768	32	256	64	0	32	0	384	80	0	0	0	0		1	1	0	320
25414	scripts\Map\世界通用\ai\空.lua	0	768	768	32	256	64	0	32	0	384	80	0	0	0	0		1	0	0	320
25514	scripts/ai/DungeonStandardAI.lua	0	768	768	32	256	64	0	32	0	384	80	0	0	0	0		1	1	0	320
25540	scripts/ai/StandardAI.lua	0	768	768	32	256	64	0	32	0	384	80	0	0	0	0		1	0	0	320
25541	scripts/ai/StandardAI.lua	0	768	768	32	256	64	0	32	0	384	80	0	0	0	0		1	0	0	320
25587	scripts\Map\大明宫\ai\耶律燕\易伤控制.lua	0	768	768	32	256	64	0	32	0	384	80	0	0	0	0		1	0	0	320
