AIType	ScriptFile	IsPositive	AlertRange	SearchPlayerDistance	AlertOverTime	AttackRange	EscapeTime	EscapeRange	EscapeInterval	WanderRange	WanderDistance	WanderInterval	PatrolPathID	EscapeLife	PatrolOrderIndex	ReviveTeammate	CustomArguments	IsAutoTurn	NpcSceneType	IsSnarlInFight	DialogIdleTime
17004	scripts/ai/DungeonStandardAI.lua	1	768	1536	32	256	64	0	32	0	384	80	0	0	0	0		1	1	1	320
17005	scripts/ai/DungeonStandardAI.lua	1	768	1536	32	256	64	0	32	0	384	80	0	0	0	0		1	1	1	320
17006	scripts/ai/DungeonStandardAI.lua	1	768	1536	32	256	64	0	32	0	384	80	0	0	0	0		1	1	1	320
17007	scripts/ai/DungeonStandardAI.lua	1	768	768	32	256	64	0	32	0	384	80	0	0	0	0		1	1	1	320
17008	scripts/ai/DungeonStandardAI.lua	1	768	1536	32	256	64	0	32	0	384	80	0	0	0	0		1	1	1	320
17009	scripts/ai/StandardAI.lua	0	768	1536	32	256	64	0	32	0	384	80	0	0	0	0		1	0	0	320
17010	scripts/ai/StandardAI.lua	0	768	768	32	256	64	0	32	0	384	80	0	0	0	0		1	0	0	320
17011	scripts/ai/StandardAI.lua	0	768	768	32	256	64	0	32	0	384	80	0	0	0	0		1	0	0	320
17012	scripts/ai/StandardAI.lua	0	768	768	32	256	64	0	32	0	384	80	0	0	0	0		1	0	0	320
17013	scripts/ai/StandardAI.lua	0	768	768	32	256	64	0	32	0	384	80	0	0	0	0		1	0	0	320
17014	scripts\Map\南诏皇宫\ai\特殊小怪\钢枪卫.lua	0	768	768	32	256	64	0	32	0	384	80	0	0	0	0		1	0	0	320
17015	scripts\Map\南诏皇宫\ai\特殊小怪\精锐射手.lua	0	768	768	32	256	64	0	32	0	384	80	0	0	0	0		1	0	0	320
17016	scripts\Map\南诏皇宫\ai\特殊小怪\猎头射生.lua	0	768	768	32	256	64	0	32	0	384	80	0	0	0	0		1	0	0	320
17017	scripts/ai/StandardAI.lua	0	768	768	32	256	64	0	32	0	384	80	0	0	0	0		1	0	0	320
17018	scripts/ai/StandardAI.lua	0	768	768	32	256	64	0	32	0	384	80	0	0	0	0		1	0	0	320
17019	scripts/ai/DungeonStandardAI.lua	1	768	1024	32	256	64	0	32	0	384	80	0	0	0	0		1	1	1	320
17020	scripts/ai/DungeonStandardAI.lua	1	768	1246	32	256	64	0	32	0	384	80	0	0	0	0		1	1	1	320
17021	scripts/ai/StandardAI.lua	0	768	768	32	256	64	0	32	0	384	80	0	0	0	0		1	0	0	320
17022	scripts/ai/StandardAI.lua	1	768	768	32	256	64	0	32	0	384	80	0	0	0	0		1	0	1	320
17023	scripts\Map\南诏皇宫\ai\4号BOSS摩提耶罗\门口的小怪.lua	0	768	768	32	256	64	0	32	0	384	80	0	0	0	0		1	0	0	320
17024	scripts/ai/StandardAI.lua	0	768	768	32	256	64	0	32	0	384	80	0	0	0	0		1	0	0	320
17025	scripts/ai/StandardAI.lua	0	768	768	32	256	64	0	32	0	384	80	0	0	0	0		1	0	0	320
17026	scripts/ai/StandardAI.lua	0	768	768	32	256	64	0	32	0	384	80	0	0	0	0		1	0	0	320
17027	scripts/ai/StandardAI.lua	0	768	768	32	256	64	0	32	0	384	80	0	0	0	0		1	0	0	320
17028	scripts\Map\南诏皇宫\ai\3号BOSS龙王\萧沙.lua	0	768	768	32	256	64	0	32	0	384	80	0	0	0	0		0	0	0	320
17029	scripts\Map\南诏皇宫\ai\3号BOSS龙王\王遗风.lua	0	768	768	32	256	64	0	32	0	384	80	0	0	0	0		0	0	0	320
17030	scripts\Map\南诏皇宫\ai\3号BOSS龙王\谢渊.lua	0	768	768	32	256	64	0	32	0	384	80	0	0	0	0		0	0	0	320
17031	scripts\Map\南诏皇宫\ai\3号BOSS龙王\莫雨.lua	0	768	768	32	256	64	0	32	0	384	80	0	0	0	0		0	0	0	320
17032	scripts\Map\南诏皇宫\ai\3号BOSS龙王\毛毛.lua	0	768	768	32	256	64	0	32	0	384	80	0	0	0	0		0	0	0	320
17033	scripts\Map\南诏皇宫\ai\4号BOSS摩提耶罗\摩提耶罗.lua	0	768	768	32	256	64	0	32	0	384	80	0	0	0	0		1	0	0	320
17034	scripts\Map\南诏皇宫\ai\4号BOSS摩提耶罗\智慧王.lua	0	768	768	32	256	64	0	32	0	384	80	0	0	0	0		1	0	0	320
17035	scripts\Map\南诏皇宫\ai\5号BOSS南诏王\阁罗凤.lua	1	5000	5000	0	1000	64	0	32	0	384	80	0	0	0	0		1	1	1	320
17036	scripts\Map\世界通用\ai\空.lua	1	1024	768	32	256	64	0	32	0	384	80	0	0	0	0		1	1	1	320
17037	scripts\Map\世界通用\ai\空.lua	1	1024	768	32	256	64	0	32	0	384	80	0	0	0	0		1	1	1	320
17038	scripts\Map\世界通用\ai\空.lua	1	1024	768	32	256	64	0	32	0	384	80	0	0	0	0		1	1	1	320
17039	scripts\Map\南诏皇宫\ai\特殊小怪\蛮王.lua	0	768	768	32	256	64	0	32	0	384	80	0	0	0	0		1	0	0	320
17040	scripts\Map\南诏皇宫\ai\5号BOSS南诏王\宠臣对话.lua	1	1024	768	32	256	64	0	32	0	384	80	0	0	0	0		1	1	1	320
17041	scripts\Map\成都\ai\表现专用标准AI变型.lua	0	768	768	32	256	64	0	32	0	384	80	0	0	0	0		1	0	0	320
17042	scripts/ai/StandardAI.lua	0	768	768	32	256	64	0	32	0	384	80	0	0	0	0		1	0	0	320
17043	scripts/ai/StandardAI.lua	0	768	768	32	256	64	0	32	0	384	80	0	0	0	0		1	0	0	320
17044	scripts/ai/StandardAI.lua	0	768	768	32	256	64	0	32	0	384	80	0	0	0	0		1	0	0	320
17045	scripts\Map\成都\ai\表现专用标准AI变型.lua	0	768	768	32	256	64	0	32	0	384	80	0	0	0	0		1	0	0	320
17046	scripts/ai/StandardAI.lua	0	768	768	32	256	64	0	32	0	384	80	0	0	0	0		1	0	0	320
17047	scripts/ai/StandardAI.lua	0	768	768	32	256	64	0	32	0	384	80	0	0	0	0		1	0	0	320
17048	scripts/ai/StandardAI.lua	0	768	768	32	256	64	0	32	0	384	80	0	0	0	0		1	0	0	320
17049	scripts/ai/StandardAI.lua	0	768	768	32	256	64	0	32	0	384	80	0	0	0	0		1	0	0	320
17050	scripts/ai/StandardAI.lua	0	768	768	32	256	64	0	32	0	384	80	0	0	0	0		1	0	0	320
17051	scripts/ai/StandardAI.lua	0	768	768	32	256	64	0	32	0	384	80	0	0	0	0		1	0	0	320
17052	scripts/ai/StandardAI.lua	0	768	768	32	256	64	0	32	0	384	80	0	0	0	0		1	0	0	320
17053	scripts/ai/StandardAI.lua	0	768	768	32	256	64	0	32	0	384	80	0	0	0	0		1	0	0	320
17054	scripts/ai/StandardAI.lua	0	768	768	32	256	64	0	32	0	384	80	0	0	0	0		1	0	0	320
17055	scripts\Map\南诏皇宫\ai\友方相关\阵地将军.lua	0	768	768	32	256	64	0	32	0	384	80	0	0	0	0		1	0	0	320
17056	scripts\Map\南诏皇宫\ai\友方相关\阵地将军.lua	0	768	768	32	256	64	0	32	0	384	80	0	0	0	0		1	0	0	320
17057	scripts/ai/StandardAI.lua	0	768	768	32	256	64	0	32	0	384	80	0	0	0	0		1	0	0	320
17058	scripts/ai/StandardAI.lua	0	768	768	32	256	64	0	32	0	384	80	0	0	0	0		1	0	0	320
17059	scripts/ai/StandardAI.lua	0	768	768	32	256	64	0	32	0	384	80	0	0	0	0		1	0	0	320
17060	scripts/ai/StandardAI.lua	0	768	768	32	256	64	0	32	0	384	80	0	0	0	0		1	0	0	320
17061	scripts/ai/StandardAI.lua	0	768	768	32	256	64	0	32	0	384	80	0	0	0	0		1	0	0	320
17062	scripts/ai/StandardAI.lua	0	768	768	32	256	64	0	32	0	384	80	0	0	0	0		1	0	0	320
17063	scripts/ai/StandardAI.lua	0	768	768	32	256	64	0	32	0	384	80	0	0	0	0		1	0	0	320
17064	scripts/ai/StandardAI.lua	0	768	768	32	256	64	0	32	0	384	80	0	0	0	0		1	0	0	320
17065	scripts/ai/StandardAI.lua	0	768	768	32	256	64	0	32	0	384	80	0	0	0	0		1	0	0	320
17066	scripts/ai/StandardAI.lua	0	768	768	32	256	64	0	32	0	384	80	0	0	0	0		1	0	0	320
17067	scripts\Map\南诏皇宫\ai\特殊小怪\螺旋铁刃.lua	0	768	768	32	256	64	0	32	0	384	80	0	0	0	0		1	0	0	320
17068	scripts\Map\南诏皇宫\ai\特殊小怪\开关螺旋.lua	0	768	768	32	256	64	0	32	0	384	80	0	0	0	0		1	0	0	320
17069	scripts\Map\英雄南诏皇宫\ai\特殊小怪\火陷阱.lua	0	768	768	32	256	64	0	32	0	384	80	0	0	0	0		1	0	0	320
17070	scripts/ai/StandardAI.lua	0	768	768	32	256	64	0	32	0	384	80	0	0	0	0		1	0	0	320
17071	scripts/ai/StandardAI.lua	0	768	768	32	256	64	0	32	0	384	80	0	0	0	0		1	0	0	320
17072	scripts/ai/StandardAI.lua	0	768	768	32	256	64	0	32	0	384	80	0	0	0	0		1	0	0	320
17073	scripts/ai/StandardAI.lua	0	768	768	32	256	64	0	32	0	384	80	0	0	0	0		1	0	0	320
17082	scripts/ai/StandardAI.lua	0	768	768	32	256	64	0	32	0	384	80	0	0	0	0		1	0	0	320
17113	scripts\Map\南诏皇宫\ai\特殊小怪\守备官.lua	0	768	768	32	256	64	0	32	0	384	80	0	0	0	0		1	0	0	320
17115	scripts/ai/StandardAI.lua	1	768	768	32	256	64	0	32	0	384	80	0	0	0	0		1	0	1	320
17117	scripts/ai/DungeonStandardAI.lua	1	768	1536	32	256	64	0	32	0	384	80	0	0	0	0		1	1	1	320
17159	scripts\Map\南诏皇宫\ai\友方相关\联合军射手段位.lua	0	768	768	32	256	64	0	32	0	384	80	0	0	0	0		1	0	0	320
17160	scripts\Map\南诏皇宫\ai\友方相关\联合军射手段位.lua	0	768	768	32	256	64	0	32	0	384	80	0	0	0	0		1	0	0	320
17161	scripts\Map\南诏皇宫\ai\友方相关\联合军刀兵段位.lua	0	768	768	32	256	64	0	32	0	384	80	0	0	0	0		1	0	0	320
17162	scripts\Map\南诏皇宫\ai\友方相关\联合军刀兵段位.lua	0	768	768	32	256	64	0	32	0	384	80	0	0	0	0		1	0	0	320
17163	scripts\Map\南诏皇宫\ai\友方相关\联合军盾枪段位.lua	0	768	768	32	256	64	0	32	0	384	80	0	0	0	0		1	0	0	320
17164	scripts\Map\南诏皇宫\ai\友方相关\联合军盾枪段位.lua	0	768	768	32	256	64	0	32	0	384	80	0	0	0	0		1	0	0	320
17165	scripts/ai/StandardAI.lua	0	768	768	32	256	64	0	32	0	384	80	0	0	0	0		1	0	0	320
17166	scripts/ai/StandardAI.lua	0	768	768	32	256	64	0	32	0	384	80	0	0	0	0		1	0	0	320
17171	scripts/ai/StandardAI.lua	0	768	768	32	256	64	0	32	0	384	80	0	0	0	0		1	0	0	320
17172	scripts\Map\南诏皇宫\ai\友方相关\可被击飞物件.lua	0	768	768	32	256	64	0	32	0	384	80	0	0	0	0		1	0	0	320
17438	scripts\Map\南诏皇宫\ai\友方相关\跟随的军官.lua	0	768	768	32	256	64	0	32	0	384	80	0	0	0	0		1	0	0	320
17439	scripts\Map\南诏皇宫\ai\友方相关\阵地将军.lua	0	768	768	32	256	64	0	32	0	384	80	0	0	0	0		1	0	0	320
17440	scripts\Map\南诏皇宫\ai\友方相关\跟随的军官.lua	0	768	768	32	256	64	0	32	0	384	80	0	0	0	0		1	0	0	320
17442	scripts/ai/StandardAI.lua	0	768	768	32	256	64	0	32	0	384	80	0	0	0	0		1	0	0	320
17443	scripts/ai/StandardAI.lua	0	768	768	32	256	64	0	32	0	384	80	0	0	0	0		1	0	0	320
17444	scripts/ai/StandardAI.lua	0	768	768	32	256	64	0	32	0	384	80	0	0	0	0		1	0	0	320
17445	scripts/ai/StandardAI.lua	0	768	768	32	256	64	0	32	0	384	80	0	0	0	0		1	0	0	320
17446	scripts/ai/StandardAI.lua	0	768	768	32	256	64	0	32	0	384	80	0	0	0	0		1	0	0	320
17447	scripts/ai/StandardAI.lua	0	768	768	32	256	64	0	32	0	384	80	0	0	0	0		1	0	0	320
17448	scripts/ai/StandardAI.lua	0	768	768	32	256	64	0	32	0	384	80	0	0	0	0		1	0	0	320
17449	scripts/ai/StandardAI.lua	0	768	768	32	256	64	0	32	0	384	80	0	0	0	0		1	0	0	320
17451	scripts/ai/StandardAI.lua	0	768	768	32	256	64	0	32	0	384	80	0	0	0	0		1	0	0	320
17452	scripts/ai/StandardAI.lua	0	768	768	32	256	64	0	32	0	384	80	0	0	0	0		1	0	0	320
17453	scripts/ai/StandardAI.lua	0	768	768	32	256	64	0	32	0	384	80	0	0	0	0		1	0	0	320
17454	scripts/ai/StandardAI.lua	0	768	768	32	256	64	0	32	0	384	80	0	0	0	0		1	0	0	320
17455	scripts/ai/StandardAI.lua	0	768	768	32	256	64	0	32	0	384	80	0	0	0	0		1	0	0	320
17456	scripts/ai/StandardAI.lua	0	768	768	32	256	64	0	32	0	384	80	0	0	0	0		1	0	0	320
17457	scripts/ai/StandardAI.lua	0	768	768	32	256	64	0	32	0	384	80	0	0	0	0		1	0	0	320
17458	scripts/ai/StandardAI.lua	0	768	768	32	256	64	0	32	0	384	80	0	0	0	0		1	0	0	320
17459	scripts/ai/StandardAI.lua	0	768	768	32	256	64	0	32	0	384	80	0	0	0	0		1	0	0	320
17460	scripts/ai/StandardAI.lua	0	768	768	32	256	64	0	32	0	384	80	0	0	0	0		1	0	0	320
17461	scripts/ai/StandardAI.lua	0	768	768	32	256	64	0	32	0	384	80	0	0	0	0		1	0	0	320
17462	scripts/ai/StandardAI.lua	0	768	768	32	256	64	0	32	0	384	80	0	0	0	0		1	0	0	320
17463	scripts/ai/StandardAI.lua	0	768	768	32	256	64	0	32	0	384	80	0	0	0	0		1	0	0	320
17465	scripts/ai/StandardAI.lua	0	768	768	32	256	64	0	32	0	384	80	0	0	0	0		1	0	0	320
17475	scripts\Map\南诏皇宫\ai\1号枯荣大师\枯荣大师总控.lua	1	1024	768	32	256	64	0	32	0	384	80	0	0	0	0		1	1	1	320
17476	scripts\Map\南诏皇宫\ai\1号枯荣大师\六脉剑阵总控.lua	1	1024	768	32	256	64	0	32	0	384	80	0	0	0	0		1	1	1	320
17477	scripts\Map\南诏皇宫\ai\1号枯荣大师\枯荣大师.lua	1	1024	768	32	256	64	0	32	0	384	80	0	0	0	0		1	1	1	320
17478	scripts\Map\南诏皇宫\ai\1号枯荣大师\六脉神剑.lua	1	1024	768	32	256	64	0	32	0	384	80	0	0	0	0		1	1	1	320
17479	scripts\Map\南诏皇宫\ai\1号枯荣大师\六脉神剑.lua	1	1024	768	32	256	64	0	32	0	384	80	0	0	0	0		1	1	1	320
17480	scripts\Map\南诏皇宫\ai\1号枯荣大师\六脉神剑.lua	1	1024	768	32	256	64	0	32	0	384	80	0	0	0	0		1	1	1	320
17481	scripts\Map\南诏皇宫\ai\1号枯荣大师\六脉神剑.lua	1	1024	768	32	256	64	0	32	0	384	80	0	0	0	0		1	1	1	320
17482	scripts\Map\南诏皇宫\ai\1号枯荣大师\六脉神剑.lua	1	1024	768	32	256	64	0	32	0	384	80	0	0	0	0		1	1	1	320
17483	scripts\Map\南诏皇宫\ai\1号枯荣大师\六脉神剑.lua	1	1024	768	32	256	64	0	32	0	384	80	0	0	0	0		1	1	1	320
18696	scripts\Map\南诏皇宫\ai\特殊小怪\蛮王守卫.lua	0	768	768	32	256	64	0	32	0	384	80	0	0	0	0		1	0	0	320
18701	scripts/ai/DungeonStandardAI.lua	1	768	860	32	256	64	0	32	0	384	80	0	0	0	0		1	1	1	320
18722	scripts/ai/StandardAI.lua	0	768	768	32	256	64	0	32	0	384	80	0	0	0	0		1	0	0	320
18723	scripts\Map\南诏皇宫\ai\3号BOSS龙王\破坏的物件.lua	0	768	768	32	256	64	0	32	0	384	80	0	0	0	0		1	0	0	320
18724	scripts/ai/StandardAI.lua	0	768	768	32	256	64	0	32	0	384	80	0	0	0	0		1	0	0	320
18725	scripts/ai/StandardAI.lua	0	768	768	32	256	64	0	32	0	384	80	0	0	0	0		1	0	0	320
18726	scripts/ai/StandardAI.lua	0	768	768	32	256	64	0	32	0	384	80	0	0	0	0		1	0	0	320
18727	scripts/ai/StandardAI.lua	0	768	768	32	256	64	0	32	0	384	80	0	0	0	0		1	0	0	320
18728	scripts/ai/StandardAI.lua	0	768	768	32	256	64	0	32	0	384	80	0	0	0	0		1	0	0	320
18729	scripts/ai/StandardAI.lua	0	768	768	32	256	64	0	32	0	384	80	0	0	0	0		1	0	0	320
18730	scripts/ai/StandardAI.lua	0	768	768	32	256	64	0	32	0	384	80	0	0	0	0		1	0	0	320
18731	scripts/ai/StandardAI.lua	0	768	768	32	256	64	0	32	0	384	80	0	0	0	0		1	0	0	320
18732	scripts/ai/StandardAI.lua	0	768	768	32	256	64	0	32	0	384	80	0	0	0	0		1	0	0	320
18733	scripts/ai/StandardAI.lua	0	768	768	32	256	64	0	32	0	384	80	0	0	0	0		1	0	0	320
18769	scripts\Map\南诏皇宫\ai\特殊小怪\大刀侍.lua	0	768	768	32	256	64	0	32	0	384	80	0	0	0	0		1	0	0	320
18779	scripts\Map\南诏皇宫\ai\2号BOSS将军\段宗公.lua	0	768	768	32	256	64	0	32	0	384	80	0	0	0	0		1	0	0	320
18780	scripts\Map\南诏皇宫\ai\2号BOSS将军\泰崇傣.lua	0	768	768	32	256	64	0	32	0	384	80	0	0	0	0		1	0	0	320
18781	scripts\Map\南诏皇宫\ai\2号BOSS将军\阁罗鸿.lua	0	768	768	32	256	64	0	32	0	384	80	0	0	0	0		1	0	0	320
18782	scripts/ai/StandardAI.lua	0	768	768	32	256	64	0	32	0	384	80	0	0	0	0		1	0	0	320
18783	scripts\Map\南诏皇宫\ai\2号BOSS将军\P1泰拳兵.lua	0	768	768	32	256	64	0	32	0	384	80	0	0	0	0		1	0	0	320
18784	scripts\Map\南诏皇宫\ai\2号BOSS将军\P1枪斧兵.lua	0	768	768	32	256	64	0	32	0	384	80	0	0	0	0		1	0	0	320
18785	scripts\Map\南诏皇宫\ai\2号BOSS将军\P2枪斧卫统帅.lua	0	768	768	32	256	64	0	32	0	384	80	0	0	0	0		1	0	0	320
18786	scripts\Map\南诏皇宫\ai\2号BOSS将军\红球.lua	0	768	768	32	256	64	0	32	0	384	80	0	0	0	0		1	0	0	320
18787	scripts\Map\南诏皇宫\ai\2号BOSS将军\绿球.lua	0	768	768	32	256	64	0	32	0	384	80	0	0	0	0		1	0	0	320
18788	scripts\Map\南诏皇宫\ai\2号BOSS将军\P1引导者（敌对NPC）.lua	0	768	768	32	256	64	0	32	0	384	80	0	0	0	0		1	0	0	320
18789	scripts\Map\南诏皇宫\ai\2号BOSS将军\25人版P1武器buff控制.lua	0	768	768	32	256	64	0	32	0	384	80	0	0	0	0		1	0	0	320
18790	scripts\Map\南诏皇宫\ai\2号BOSS将军\P1引导者（敌对NPC）.lua	0	768	768	32	256	64	0	32	0	384	80	0	0	0	0		1	0	0	320
18791	scripts\Map\南诏皇宫\ai\2号BOSS将军\火墙特效啊.lua	0	768	768	32	256	64	0	32	0	384	80	0	0	0	0		1	0	0	320
18792	scripts/ai/StandardAI.lua	0	768	768	32	256	64	0	32	0	384	80	0	0	0	0		1	0	0	320
18793	scripts\Map\南诏皇宫\ai\2号BOSS将军\P2 标记buff控制.lua	0	768	768	32	256	64	0	32	0	384	80	0	0	0	0		1	0	0	320
18794	scripts\Map\南诏皇宫\ai\2号BOSS将军\段宗公技能控制.lua	0	768	768	32	256	64	0	32	0	384	80	0	0	0	0		1	0	0	320
18795	scripts\Map\南诏皇宫\ai\2号BOSS将军\双BOSS阶段控制.lua	0	768	768	32	256	64	0	32	0	384	80	0	0	0	0		1	0	0	320
18796	scripts\Map\南诏皇宫\ai\2号BOSS将军\双BOSS距离监控.lua	0	768	768	32	256	64	0	32	0	384	80	0	0	0	0		1	0	0	320
18797	scripts\Map\南诏皇宫\ai\2号BOSS将军\泰崇傣技能控制.lua	0	768	768	32	256	64	0	32	0	384	80	0	0	0	0		1	0	0	320
18798	scripts\Map\南诏皇宫\ai\2号BOSS将军\泰崇傣残背buff控制.lua	0	768	768	32	256	64	0	32	0	384	80	0	0	0	0		1	0	0	320
18799	scripts\Map\南诏皇宫\ai\2号BOSS将军\震压火圈.lua	0	768	768	32	256	64	0	32	0	384	80	0	0	0	0		1	0	0	320
18800	scripts\Map\南诏皇宫\ai\2号BOSS将军\火墙打伤害(挂起).lua	0	768	768	32	256	64	0	32	0	384	80	0	0	0	0		1	0	0	320
18801	scripts\Map\南诏皇宫\ai\2号BOSS将军\火墙总控.lua	0	768	768	32	256	64	0	32	0	384	80	0	0	0	0		1	0	0	320
18802	scripts\Map\南诏皇宫\ai\2号BOSS将军\火墙.lua	0	768	768	32	256	64	0	32	0	384	80	0	0	0	0		1	0	0	320
18803	scripts\Map\南诏皇宫\ai\2号BOSS将军\火墙.lua	0	768	768	32	256	64	0	32	0	384	80	0	0	0	0		1	0	0	320
18888	scripts\Map\南诏皇宫\ai\3号BOSS龙王\破坏的物件.lua	0	768	768	32	256	64	0	32	0	384	80	0	0	0	0		1	0	0	320
18889	scripts\Map\南诏皇宫\ai\3号BOSS龙王\破坏的物件.lua	0	768	768	32	256	64	0	32	0	384	80	0	0	0	0		1	0	0	320
18890	scripts\Map\南诏皇宫\ai\3号BOSS龙王\破坏的物件.lua	0	768	768	32	256	64	0	32	0	384	80	0	0	0	0		1	0	0	320
18891	scripts\Map\南诏皇宫\ai\3号BOSS龙王\破坏的物件.lua	0	768	768	32	256	64	0	32	0	384	80	0	0	0	0		1	0	0	320
18892	scripts\Map\南诏皇宫\ai\3号BOSS龙王\龙相波诺功.lua	0	768	768	32	256	64	0	32	0	384	80	0	0	0	0		1	0	0	320
18893	scripts\Map\南诏皇宫\ai\3号BOSS龙王\李复.lua	0	768	768	32	256	64	0	32	0	384	80	0	0	0	0		0	0	0	320
18894	scripts\Map\南诏皇宫\ai\3号BOSS龙王\龙王战斗总控.lua	0	768	768	32	256	64	0	32	0	384	80	0	0	0	0		1	0	0	320
18895	scripts\Map\南诏皇宫\ai\3号BOSS龙王\范围总控.lua	0	768	768	32	256	64	0	32	0	384	80	0	0	0	0		1	0	0	320
18896	scripts\Map\南诏皇宫\ai\3号BOSS龙王\八部浮图气劲.lua	0	768	768	32	256	64	0	32	0	384	80	0	0	0	0		1	0	0	320
18897	scripts\Map\南诏皇宫\ai\3号BOSS龙王\御龙卸甲虚拟体.lua	0	768	768	32	256	64	0	32	0	384	80	0	0	0	0		1	0	0	320
18898	scripts\Map\南诏皇宫\ai\3号BOSS龙王\小萝莉.lua	0	768	768	32	256	64	0	32	0	384	80	0	0	0	0		0	0	0	320
18899	scripts\Map\南诏皇宫\ai\3号BOSS龙王\冰雪霜皇气场.lua	0	768	768	32	256	64	0	32	0	384	80	0	0	0	0		1	0	0	320
18900	scripts\Map\南诏皇宫\ai\3号BOSS龙王\迦楼罗气场.lua	0	768	768	32	256	64	0	32	0	384	80	0	0	0	0		1	0	0	320
18901	scripts\Map\南诏皇宫\ai\3号BOSS龙王\剧情表现AI.lua	0	768	768	32	256	64	0	32	0	384	80	0	0	0	0		1	0	0	320
18902	scripts/ai/StandardAI.lua	0	768	768	32	256	64	0	32	0	384	80	0	0	0	0		1	0	0	320
18926	scripts\Map\南诏皇宫\ai\5号BOSS南诏王\陈和尚.lua	1	5000	5000	0	1000	64	0	32	0	384	80	0	0	0	0		1	1	1	320
18927	scripts\Map\南诏皇宫\ai\5号BOSS南诏王\康雪烛.lua	1	5000	5000	0	1000	64	0	32	0	384	80	0	0	0	0		1	1	1	320
18928	scripts/ai/StandardAI.lua	0	768	768	32	256	64	0	32	0	384	80	0	0	0	0		1	0	0	320
18929	scripts\Map\南诏皇宫\ai\特殊小怪\队列技能释放控制.lua	0	768	768	32	256	64	0	32	0	384	80	0	0	0	0		1	0	0	320
18930	scripts\Map\南诏皇宫\ai\5号BOSS南诏王\柳公子.lua	1	5000	5000	0	1000	64	0	32	0	384	80	0	0	0	0		1	1	1	320
19051	scripts\Map\南诏皇宫\ai\4号BOSS摩提耶罗\摩提耶罗总控.lua	0	768	768	32	256	64	0	32	512	384	80	0	0	0	0		1	0	0	320
19052	scripts\Map\南诏皇宫\ai\4号BOSS摩提耶罗\战斗莫雨.lua	0	768	768	32	256	64	0	32	0	384	80	0	0	0	0		1	0	0	320
19053	scripts\Map\南诏皇宫\ai\4号BOSS摩提耶罗\裂岩.lua	0	768	768	32	256	64	0	32	512	384	80	0	0	0	0		1	0	0	320
19054	scripts\Map\南诏皇宫\ai\4号BOSS摩提耶罗\冲击波.lua	0	768	768	32	256	64	0	32	0	384	80	0	0	0	0		1	0	0	320
19055	scripts\Map\南诏皇宫\ai\4号BOSS摩提耶罗\一阶段莫雨吸收火球放大招.lua	0	768	768	32	256	64	0	32	512	384	80	0	0	0	0		1	0	0	320
19056	scripts\Map\南诏皇宫\ai\4号BOSS摩提耶罗\烈焰红球波.lua	0	768	768	32	256	64	0	32	0	384	80	0	0	0	0		1	0	0	320
19057	scripts\Map\南诏皇宫\ai\4号BOSS摩提耶罗\阶段控制.lua	0	768	768	32	256	64	0	32	512	384	80	0	0	0	0		1	0	0	320
19058	scripts\Map\南诏皇宫\ai\4号BOSS摩提耶罗\摩提耶罗梵音控制.lua	0	768	768	32	256	64	0	32	512	384	80	0	0	0	0		1	0	0	320
19059	scripts\Map\南诏皇宫\ai\4号BOSS摩提耶罗\梵音阶段共振控制.lua	0	768	768	32	256	64	0	32	512	384	80	0	0	0	0		1	0	0	320
19086	scripts\Map\南诏皇宫\ai\4号BOSS摩提耶罗\大钟.lua	0	768	768	32	256	64	0	32	0	384	80	0	0	0	0		1	0	0	320
19094	scripts\Map\南诏皇宫\ai\4号BOSS摩提耶罗\梵音12号.lua	0	768	768	32	256	64	0	32	0	384	80	0	0	0	0		1	0	0	320
19095	scripts\Map\南诏皇宫\ai\4号BOSS摩提耶罗\梵音34号.lua	0	768	768	32	256	64	0	32	0	384	80	0	0	0	0		1	0	0	320
19096	scripts\Map\南诏皇宫\ai\特殊小怪\队列判断行为总控.lua	0	768	768	32	256	64	0	32	0	384	80	0	0	0	0		1	0	0	320
19112	scripts\Map\南诏皇宫\ai\4号BOSS摩提耶罗\梵音阶段全场控制.lua	0	768	768	32	256	64	0	32	512	384	80	0	0	0	0		1	0	0	320
19120	scripts\Map\南诏皇宫\ai\4号BOSS摩提耶罗\李复.lua	0	768	768	32	256	64	0	32	0	384	80	0	0	0	0		1	0	0	320
19132	scripts\Map\南诏皇宫\ai\4号BOSS摩提耶罗\摩提耶罗剧情控制.lua	0	768	768	32	256	64	0	32	512	384	80	0	0	0	0		1	0	0	320
19135	scripts\Map\南诏皇宫\ai\4号BOSS摩提耶罗\裂岩.lua	0	768	768	32	256	64	0	32	0	384	80	0	0	0	0		1	0	0	320
19137	scripts\Map\南诏皇宫\ai\特殊小怪\猎头射生.lua	0	768	768	32	256	64	0	32	0	384	80	0	0	0	0		1	0	0	320
19140	scripts\Map\南诏皇宫\ai\4号BOSS摩提耶罗\太祖长拳裂岩控制.lua	0	768	768	32	256	64	0	32	512	384	80	0	0	0	0		1	0	0	320
19141	scripts\Map\南诏皇宫\ai\4号BOSS摩提耶罗\龙爪功轰雷技能控制.lua	0	768	768	32	256	64	0	32	512	384	80	0	0	0	0		1	0	0	320
19142	scripts\Map\南诏皇宫\ai\4号BOSS摩提耶罗\火云掌技能控制.lua	0	768	768	32	256	64	0	32	512	384	80	0	0	0	0		1	0	0	320
19143	scripts\Map\南诏皇宫\ai\4号BOSS摩提耶罗\裂岩.lua	0	768	768	32	256	64	0	32	512	384	80	0	0	0	0		1	0	0	320
19144	scripts\Map\南诏皇宫\ai\4号BOSS摩提耶罗\真气.lua	0	768	768	32	256	64	0	32	512	384	80	0	0	0	0		1	0	0	320
19145	scripts\Map\南诏皇宫\ai\2号BOSS将军\10人版命运链接控制.lua	0	768	768	32	256	64	0	32	0	384	80	0	0	0	0		1	0	0	320
19146	scripts\Map\南诏皇宫\ai\2号BOSS将军\阁罗鸿技能控制.lua	0	768	768	32	256	64	0	32	0	384	80	0	0	0	0		1	0	0	320
19147	scripts\Map\南诏皇宫\ai\2号BOSS将军\曹雪阳.lua	0	768	768	32	256	64	0	32	0	384	80	0	0	0	0		1	0	0	320
19148	scripts\Map\南诏皇宫\ai\2号BOSS将军\P1小怪控制.lua	0	768	768	32	256	64	0	32	0	384	80	0	0	0	0		1	0	0	320
19149	scripts\Map\南诏皇宫\ai\2号BOSS将军\狂沙打伤害.lua	0	768	768	32	256	64	0	32	0	384	80	0	0	0	0		1	0	0	320
19150	scripts\Map\南诏皇宫\ai\2号BOSS将军\盔甲残片.lua	0	768	768	32	256	64	0	32	0	384	80	0	0	0	0		1	0	0	320
19151	scripts\Map\南诏皇宫\ai\2号BOSS将军\P1引导者（友方NPC）总控.lua	0	768	768	32	256	64	0	32	0	384	80	0	0	0	0		1	0	0	320
19152	scripts\Map\南诏皇宫\ai\2号BOSS将军\P1引导者（友方NPC）.lua	0	768	768	32	256	64	0	32	0	384	80	0	0	0	0		1	0	0	320
19153	scripts\Map\南诏皇宫\ai\2号BOSS将军\脱战总控.lua	0	768	768	32	256	64	0	32	0	384	80	0	0	0	0		1	0	0	320
19154	scripts\Map\南诏皇宫\ai\2号BOSS将军\10人版武器.lua	0	768	768	32	256	64	0	32	0	384	80	0	0	0	0		1	0	0	320
19155	scripts\Map\南诏皇宫\ai\2号BOSS将军\盔甲残片总控.lua	0	768	768	32	256	64	0	32	0	384	80	0	0	0	0		1	0	0	320
19156	scripts\Map\南诏皇宫\ai\2号BOSS将军\火尘枪 AOE 打伤害.lua	0	768	768	32	256	64	0	32	0	384	80	0	0	0	0		1	0	0	320
19158	scripts/ai/DungeonStandardAI.lua	1	1024	768	32	256	64	0	32	0	384	80	0	0	0	0		1	1	1	320
19159	scripts/ai/DungeonStandardAI.lua	1	1024	768	32	256	64	0	32	0	384	80	0	0	0	0		1	1	1	320
19160	scripts/ai/DungeonStandardAI.lua	1	1024	768	32	256	64	0	32	0	384	80	0	0	0	0		1	1	1	320
19170	scripts\Map\南诏皇宫\ai\4号BOSS摩提耶罗\狮子吼技能控制.lua	0	768	768	32	256	64	0	32	512	384	80	0	0	0	0		1	0	0	320
19175	scripts\Map\南诏皇宫\ai\4号BOSS摩提耶罗\二阶段莫雨寒冰碎片大招控制.lua	0	768	768	32	256	64	0	32	512	384	80	0	0	0	0		1	0	0	320
19176	scripts\Map\南诏皇宫\ai\特殊小怪\毒口.lua	0	768	768	32	256	64	0	32	0	384	80	0	0	0	0		1	0	0	320
19177	scripts/ai/StandardAI.lua	0	768	768	32	256	64	0	32	0	384	80	0	0	0	0		1	0	0	320
19178	scripts\Map\南诏皇宫\ai\4号BOSS摩提耶罗\哪来的天竺和尚.lua	0	768	768	32	256	64	0	32	512	384	80	0	0	0	0		1	0	0	320
19179	scripts\Map\南诏皇宫\ai\4号BOSS摩提耶罗\易筋经释放控制.lua	0	768	768	32	256	64	0	32	512	384	80	0	0	0	0		1	0	0	320
19180	scripts\Map\南诏皇宫\ai\4号BOSS摩提耶罗\天竺僧-大汉.lua	0	768	768	32	256	64	0	32	0	384	80	0	0	0	0		1	0	0	320
19181	scripts\Map\南诏皇宫\ai\4号BOSS摩提耶罗\天竺僧-中型.lua	0	768	768	32	256	64	0	32	0	384	80	0	0	0	0		1	0	0	320
19182	scripts/ai/StandardAI.lua	0	768	768	32	256	64	0	32	0	384	80	0	0	0	0		1	0	0	320
19298	scripts\Map\南诏皇宫\ai\4号BOSS摩提耶罗\火焰分身.lua	0	768	768	32	256	64	0	32	0	384	80	0	0	0	0		1	0	0	320
19319	scripts\Map\世界通用\ai\空.lua	1	1024	768	32	256	64	0	32	0	384	80	0	0	0	0		1	1	1	320
19324	scripts/ai/DungeonStandardAI.lua	1	1024	768	32	256	64	0	32	0	384	80	0	0	0	0		1	1	1	320
19325	scripts/ai/DungeonStandardAI.lua	1	1024	768	32	256	64	0	32	0	384	80	0	0	0	0		1	1	1	320
19326	scripts/ai/StandardAI.lua	0	768	768	32	256	64	0	32	0	384	80	0	0	0	0		1	0	0	320
19327	scripts\Map\世界通用\ai\演员可对话.lua	1	1024	768	32	256	64	0	32	0	384	80	0	0	0	0		1	1	1	320
19328	scripts\Map\世界通用\ai\空.lua	1	1024	768	32	256	64	0	32	0	384	80	0	0	0	0		1	1	1	320
19329	scripts\Map\世界通用\ai\空.lua	1	1024	768	32	256	64	0	32	0	384	80	0	0	0	0		1	1	1	320
19330	scripts\Map\南诏皇宫\ai\5号BOSS南诏王\柳公子分身.lua	1	1024	768	32	256	64	0	32	0	384	80	0	0	0	0		1	1	1	320
19331	scripts\Map\南诏皇宫\ai\5号BOSS南诏王\柳公子分身.lua	1	1024	768	32	256	64	0	32	0	384	80	0	0	0	0		1	1	1	320
19332	scripts/ai/DungeonStandardAI.lua	1	1024	768	32	256	64	0	32	0	384	80	0	0	0	0		1	1	1	320
19345	scripts/ai/StandardAI.lua	0	768	768	32	256	64	0	32	0	384	80	0	0	0	0		1	0	0	320
19351	scripts/ai/StandardAI.lua	0	768	768	32	256	64	0	32	0	384	80	0	0	0	0		1	0	0	320
19352	scripts/ai/StandardAI.lua	0	768	768	32	256	64	0	32	0	384	80	0	0	0	0		1	0	0	320
19353	scripts/ai/StandardAI.lua	0	768	768	32	256	64	0	32	0	384	80	0	0	0	0		1	0	0	320
19354	scripts/ai/StandardAI.lua	0	768	768	32	256	64	0	32	0	384	80	0	0	0	0		1	0	0	320
19355	scripts/ai/StandardAI.lua	0	768	768	32	256	64	0	32	0	384	80	0	0	0	0		1	0	0	320
19356	scripts/ai/StandardAI.lua	0	768	768	32	256	64	0	32	0	384	80	0	0	0	0		1	0	0	320
19372	scripts\Map\南诏皇宫\ai\5号BOSS南诏王\狼魂.lua	1	5000	5000	10	1000	64	0	32	0	384	80	0	0	0	0		1	1	1	320
19377	scripts\Map\南诏皇宫\ai\5号BOSS南诏王\破碎的桌椅.lua	1	1024	768	32	256	64	0	32	0	384	80	0	0	0	0		1	1	1	320
19387	scripts/ai/StandardAI.lua	0	768	768	32	256	64	0	32	0	384	80	0	0	0	0		1	0	0	320
19392	scripts\Map\南诏皇宫\ai\1号枯荣大师\跟随目标.lua	1	1024	768	32	256	64	0	32	0	384	80	0	0	0	0		1	1	1	320
19419	scripts\Map\南诏皇宫\ai\1号枯荣大师\剑气激荡.lua	1	1024	768	32	256	64	0	32	0	384	80	0	0	0	0		1	1	1	320
19420	scripts\Map\南诏皇宫\ai\1号枯荣大师\剑气激荡.lua	1	1024	768	32	256	64	0	32	0	384	80	0	0	0	0		1	1	1	320
19421	scripts\Map\南诏皇宫\ai\1号枯荣大师\剑气激荡.lua	1	1024	768	32	256	64	0	32	0	384	80	0	0	0	0		1	1	1	320
19422	scripts\Map\南诏皇宫\ai\1号枯荣大师\剑气激荡.lua	1	1024	768	32	256	64	0	32	0	384	80	0	0	0	0		1	1	1	320
19423	scripts\Map\南诏皇宫\ai\1号枯荣大师\剑气激荡.lua	1	1024	768	32	256	64	0	32	0	384	80	0	0	0	0		1	1	1	320
19424	scripts\Map\南诏皇宫\ai\1号枯荣大师\剑气激荡.lua	1	1024	768	32	256	64	0	32	0	384	80	0	0	0	0		1	1	1	320
19430	scripts\Map\南诏皇宫\ai\4号BOSS摩提耶罗\真气窜动.lua	0	768	768	32	256	64	0	32	512	384	80	0	0	0	0		1	0	0	320
19435	scripts\Map\南诏皇宫\ai\4号BOSS摩提耶罗\天竺僧-大汉正门.lua	0	768	768	32	256	64	0	32	0	384	80	0	0	0	0		1	0	0	320
19436	scripts\Map\南诏皇宫\ai\4号BOSS摩提耶罗\天竺僧-中型正门.lua	0	768	768	32	256	64	0	32	0	384	80	0	0	0	0		1	0	0	320
19446	scripts\Map\南诏皇宫\ai\1号枯荣大师\冰棺.lua	1	1024	768	32	256	64	0	32	0	384	80	0	0	0	0		1	1	1	320
19461	scripts\Map\南诏皇宫\ai\4号BOSS摩提耶罗\落石.lua	0	768	768	32	256	64	0	32	0	384	80	0	0	0	0		1	0	0	320
19467	scripts\Map\南诏皇宫\ai\1号枯荣大师\战斗中对话.lua	1	1024	768	32	256	64	0	32	0	384	80	0	0	0	0		1	1	1	320
19468	scripts/ai/StandardAI.lua	0	768	768	32	256	64	0	32	0	384	80	0	0	0	0		1	0	0	320
19481	scripts\Map\南诏皇宫\ai\友方相关\跟随的军官.lua	0	768	768	32	256	64	0	32	0	384	80	0	0	0	0		1	0	0	320
19482	scripts\Map\南诏皇宫\ai\友方相关\跟随的军官.lua	0	768	768	32	256	64	0	32	0	384	80	0	0	0	0		1	0	0	320
19487	scripts/ai/StandardAI.lua	0	768	768	32	256	64	0	32	0	384	80	0	0	0	0		1	0	0	320
19488	scripts\Map\南诏皇宫\ai\4号BOSS摩提耶罗\棋局减益控制.lua	0	768	768	32	256	64	0	32	512	384	80	0	0	0	0		1	0	0	320
19489	scripts\Map\南诏皇宫\ai\4号BOSS摩提耶罗\棋局增益控制.lua	0	768	768	32	256	64	0	32	512	384	80	0	0	0	0		1	0	0	320
19490	scripts\Map\南诏皇宫\ai\2号BOSS将军\绿球AOE打伤害.lua	0	768	768	32	256	64	0	32	0	384	80	0	0	0	0		1	0	0	320
19505	scripts/ai/StandardAI.lua	0	768	768	32	256	64	0	32	0	384	80	0	0	0	0		1	0	0	320
19507	scripts\Map\南诏皇宫\ai\军阵控制AI相关\近战士兵通用AI.lua	0	768	768	32	256	64	0	32	0	384	80	0	0	0	0		1	0	0	320
19508	scripts\Map\南诏皇宫\ai\军阵控制AI相关\近战士兵通用AI.lua	0	768	768	32	256	64	0	32	0	384	80	0	0	0	0		1	0	0	320
19509	scripts\Map\南诏皇宫\ai\军阵控制AI相关\弓箭手通用AI.lua	0	768	768	32	256	64	0	32	0	384	80	0	0	0	0		1	0	0	320
19510	scripts\Map\南诏皇宫\ai\军阵控制AI相关\近战士兵通用AI.lua	0	768	768	32	256	64	0	32	0	384	80	0	0	0	0		1	0	0	320
19511	scripts\Map\南诏皇宫\ai\军阵控制AI相关\骑兵通用.lua	0	768	768	32	256	64	0	32	0	384	80	0	0	0	0		1	0	0	320
19512	scripts\Map\南诏皇宫\ai\军阵控制AI相关\近战士兵通用AI.lua	0	768	768	32	256	64	0	32	0	384	80	0	0	0	0		1	0	0	320
19513	scripts\Map\南诏皇宫\ai\军阵控制AI相关\军阵指挥官AI.lua	0	768	768	32	256	64	0	32	0	384	80	0	0	0	0		1	0	0	320
19514	scripts\Map\南诏皇宫\ai\军阵控制AI相关\军阵指挥官AI.lua	0	768	768	32	256	64	0	32	0	384	80	0	0	0	0		1	0	0	320
19515	scripts\Map\南诏皇宫\ai\军阵控制AI相关\军阵指挥官AI.lua	0	768	768	32	256	64	0	32	0	384	80	0	0	0	0		1	0	0	320
19516	scripts\Map\南诏皇宫\ai\军阵控制AI相关\军阵指挥官AI.lua	0	768	768	32	256	64	0	32	0	384	80	0	0	0	0		1	0	0	320
19517	scripts\Map\南诏皇宫\ai\军阵控制AI相关\阵型控制器.lua	0	768	768	32	256	64	0	32	0	384	80	0	0	0	0		1	0	0	320
19518	scripts\Map\南诏皇宫\ai\2号BOSS将军\命运链接AOE打伤害.lua	0	768	768	32	256	64	0	32	0	384	80	0	0	0	0		1	0	0	320
19520	scripts/ai/StandardAI.lua	0	768	768	32	256	64	0	32	0	384	80	0	0	0	0		1	0	0	320
19521	scripts/ai/StandardAI.lua	0	768	768	32	256	64	0	32	0	384	80	0	0	0	0		1	0	0	320
19522	scripts/ai/StandardAI.lua	0	768	768	32	256	64	0	32	0	384	80	0	0	0	0		1	0	0	320
19523	scripts\Map\南诏皇宫\ai\军阵控制AI相关\进攻总指挥.lua	0	768	768	32	256	64	0	32	0	384	80	0	0	0	0		1	0	0	320
19534	scripts\Map\南诏皇宫\ai\5号BOSS南诏王\毒机关.lua	1	1024	768	32	256	64	0	32	0	384	80	0	0	0	0		1	1	1	320
19538	scripts\Map\南诏皇宫\ai\2号BOSS将军\狂沙子弹.lua	0	768	768	32	256	64	0	32	0	384	80	0	0	0	0		1	0	0	320
19539	scripts\Map\南诏皇宫\ai\友方相关\跟随的军官.lua	0	768	768	32	256	64	0	32	0	384	80	0	0	0	0		1	0	0	320
19541	scripts\Map\南诏皇宫\ai\5号BOSS南诏王\肉毒地藏.lua	1	1024	768	32	256	64	0	32	0	384	80	0	0	0	0		1	1	1	320
19611	scripts/ai/StandardAI.lua	0	768	768	32	256	64	0	32	0	384	80	0	0	0	0		1	0	0	320
19612	scripts\Map\南诏皇宫\ai\特殊小怪\明教旧部刺客.lua	0	768	768	32	256	64	0	32	0	384	80	0	0	0	0		1	0	0	320
19613	scripts\Map\南诏皇宫\ai\3号BOSS龙王\摩呼罗迦.lua	0	768	768	32	256	64	0	32	0	384	80	0	0	0	0		1	0	0	320
19614	scripts/ai/StandardAI.lua	0	768	768	32	256	64	0	32	0	384	80	0	0	0	0		1	0	0	320
19615	scripts\Map\南诏皇宫\ai\3号BOSS龙王\玄天气劲.lua	0	768	768	32	256	64	0	32	0	384	80	0	0	0	0		1	0	0	320
19616	scripts/Map/世界通用/ai/标准无敌免屠杀.lua	0	768	768	32	256	64	0	32	0	384	80	0	0	0	0		1	0	0	320
19617	scripts/ai/StandardAI.lua	0	768	768	32	256	64	0	32	0	384	80	0	0	0	0		1	0	0	320
19618	scripts\Map\南诏皇宫\ai\3号BOSS龙王\边界惩罚神马的.lua	0	768	768	32	256	64	0	32	0	384	80	0	0	0	0		1	0	0	320
19619	scripts\Map\南诏皇宫\ai\3号BOSS龙王\大龙开关专用.lua	0	768	768	32	256	64	0	32	0	384	80	0	0	0	0		1	0	0	320
19620	scripts\Map\南诏皇宫\ai\特殊小怪\毒孔.lua	0	768	768	32	256	64	0	32	0	384	80	0	0	0	0		1	0	0	320
19621	scripts\Map\南诏皇宫\ai\特殊小怪\毒水.lua	0	768	768	32	256	64	0	32	0	384	80	0	0	0	0		1	0	0	320
19622	scripts\Map\南诏皇宫\ai\5号BOSS南诏王\南诏王战斗总控.lua	1	1024	768	32	256	64	0	32	0	384	80	0	0	0	0		1	1	1	320
19623	scripts\Map\南诏皇宫\ai\5号BOSS南诏王\范围总控.lua	1	1024	768	32	256	64	0	32	0	384	80	0	0	0	0		1	1	1	320
19624	scripts\Map\南诏皇宫\ai\5号BOSS南诏王\陈和尚范围总控.lua	1	1024	768	32	256	64	0	32	0	384	80	0	0	0	0		1	1	1	320
19625	scripts\Map\南诏皇宫\ai\5号BOSS南诏王\柳公子范围总控.lua	1	1024	768	32	256	64	0	32	0	384	80	0	0	0	0		1	1	1	320
19626	scripts\Map\南诏皇宫\ai\5号BOSS南诏王\康雪烛范围总控.lua	1	1024	768	32	256	64	0	32	0	384	80	0	0	0	0		1	1	1	320
19627	scripts\Map\成都\ai\表现专用标准AI变型.lua	0	768	768	32	256	64	0	32	0	384	80	0	0	0	0		1	0	0	320
19628	scripts\Map\成都\ai\表现专用标准AI变型.lua	0	768	768	32	256	64	0	32	0	384	80	0	0	0	0		1	0	0	320
19629	scripts\Map\成都\ai\表现专用标准AI变型.lua	0	768	768	32	256	64	0	32	0	384	80	0	0	0	0		1	0	0	320
19630	scripts\Map\南诏皇宫\ai\1号枯荣大师\乐与无乐.lua	1	1024	768	32	256	64	0	32	0	384	80	0	0	0	0		1	1	1	320
19634	scripts\Map\南诏皇宫\ai\5号BOSS南诏王\分身控制.lua	1	1024	768	32	256	64	0	32	0	384	80	0	0	0	0		1	1	1	320
19640	scripts/ai/StandardAI.lua	0	768	768	32	256	64	0	32	0	384	80	0	0	0	0		1	0	0	320
19641	scripts\Map\南诏皇宫\ai\4号象棋\人机象棋残局.lua	0	768	768	32	256	64	0	32	512	384	80	0	0	0	0		1	0	0	320
19646	scripts/ai/StandardAI.lua	0	768	768	32	256	64	0	32	0	384	80	0	0	0	0		1	0	0	320
19647	scripts/ai/StandardAI.lua	0	768	768	32	256	64	0	32	0	384	80	0	0	0	0		1	0	0	320
19648	scripts\Map\南诏皇宫\ai\2号BOSS将军\P2枪斧卫总控.lua	0	768	768	32	256	64	0	32	0	384	80	0	0	0	0		1	0	0	320
19649	scripts\Map\南诏皇宫\ai\友方相关\恐怖处刑者.lua	0	768	768	32	256	64	0	32	0	384	80	0	0	0	0		1	0	0	320
19650	scripts\Map\南诏皇宫\ai\5号BOSS南诏王\分身范围总控.lua	1	1024	768	32	256	64	0	32	0	384	80	0	0	0	0		1	1	1	320
19674	scripts\Map\南诏皇宫\ai\1号枯荣大师\掉落.lua	1	1024	768	32	256	64	0	32	0	384	80	0	0	0	0		1	1	1	320
19715	scripts\Map\南诏皇宫\ai\特殊小怪\毒口.lua	0	768	768	32	256	64	0	32	0	384	80	0	0	0	0		1	0	0	320
19739	scripts\Map\南诏皇宫\ai\特殊小怪\运输车.lua	0	768	768	32	256	64	0	32	0	384	80	0	0	0	0		1	0	0	320
19740	scripts\Map\南诏皇宫\ai\特殊小怪\隐形陷阱.lua	0	768	768	32	256	64	0	32	0	384	80	0	0	0	0		1	0	0	320
19746	scripts\Map\南诏皇宫\ai\5号BOSS南诏王\狼魂.lua	1	5000	5000	32	1000	64	0	32	0	384	80	0	0	0	0		1	1	1	320
19748	scripts\Map\南诏皇宫\ai\特殊小怪\剑圣出现控制.lua	0	768	768	32	256	64	0	32	0	384	80	0	0	0	0		1	0	0	320
19750	scripts/ai/DungeonStandardAI.lua	0	768	768	32	256	64	0	32	0	384	80	0	0	0	0		1	1	0	320
19763	scripts/ai/StandardAI.lua	0	768	768	32	256	64	0	32	0	384	80	0	0	0	0		1	0	0	320
19968	scripts\Map\南诏皇宫\ai\友方相关\队列可能总控.lua	0	768	768	32	256	64	0	32	0	384	80	0	0	0	0		1	0	0	320
19969	scripts/ai/StandardAI.lua	0	768	768	32	256	64	0	32	0	384	80	0	0	0	0		1	0	0	320
19970	scripts/ai/StandardAI.lua	0	768	768	32	256	64	0	32	0	384	80	0	0	0	0		1	0	0	320
19972	scripts/ai/StandardAI.lua	0	768	768	32	256	64	0	32	0	384	80	0	0	0	0		1	0	0	320
19982	scripts\Map\南诏皇宫\ai\4号象棋\人机象棋计时.lua	0	768	768	32	256	64	0	32	0	384	80	0	0	0	0		1	0	0	320
19983	scripts\Map\成都\ai\表现专用标准AI变型.lua	0	768	768	32	256	64	0	32	0	384	80	0	0	0	0		1	0	0	320
20029	scripts\Map\南诏皇宫\ai\5号BOSS南诏王\画卷.lua	1	1024	768	32	256	64	0	32	0	384	80	0	0	0	0		1	1	1	320
20032	scripts\Map\南诏皇宫\ai\5号BOSS南诏王\血刀.lua	1	1024	768	32	256	64	0	32	0	384	80	0	0	0	0		1	1	1	320
20034	scripts/ai/StandardAI.lua	0	768	768	32	256	64	0	32	0	384	80	0	0	0	0		1	0	0	320
20046	scripts\Map\南诏皇宫\ai\友方相关\暗杀区域1.lua	0	768	768	32	256	64	0	32	0	384	80	0	0	0	0		1	0	0	320
20049	scripts\Map\南诏皇宫\ai\友方相关\暗杀区域提示.lua	0	768	768	32	256	64	0	32	0	384	80	0	0	0	0		1	0	0	320
20074	scripts\Map\南诏皇宫\ai\友方相关\人质状态总控.lua	0	768	768	32	256	64	0	32	0	384	80	0	0	0	0		1	0	0	320
20088	scripts/ai/DungeonStandardAI.lua	1	1024	768	32	256	64	0	32	0	384	80	0	0	0	0		1	1	1	320
20089	scripts/ai/DungeonStandardAI.lua	1	1024	768	32	256	64	0	32	0	384	80	0	0	0	0		1	1	1	320
20090	scripts/ai/StandardAI.lua	0	768	768	32	256	64	0	32	0	384	80	0	0	0	0		1	0	0	320
20098	scripts\Map\南诏皇宫\ai\5号BOSS南诏王\木柱倒下控制.lua	1	1024	768	32	256	64	0	32	0	384	80	0	0	0	0		1	1	1	320
20198	scripts/ai/StandardAI.lua	0	768	768	32	256	64	0	32	0	384	80	0	0	0	0		1	0	0	320
20237	scripts/ai/StandardAI.lua	0	768	768	32	256	64	0	32	0	384	80	0	0	0	0		1	0	0	320
20238	scripts/ai/StandardAI.lua	0	768	768	32	256	64	0	32	0	384	80	0	0	0	0		1	0	0	320
20243	scripts\Map\世界通用\ai\空.lua	1	1024	768	32	256	64	0	32	0	384	80	0	0	0	0		1	1	1	320
20592	scripts/ai/StandardAI.lua	0	768	768	32	256	64	0	32	0	384	80	0	0	0	0		1	0	0	320
20593	scripts/ai/StandardAI.lua	0	768	768	32	256	64	0	32	0	384	80	0	0	0	0		1	0	0	320
20620	scripts\Map\南诏皇宫\ai\5号BOSS南诏王\斗转之笔.lua	1	1024	768	32	256	64	0	32	0	384	80	0	0	0	0		1	1	1	320
20621	scripts\Map\南诏皇宫\ai\特殊小怪\剧毒泥沼.lua	0	768	768	32	256	64	0	32	0	384	80	0	0	0	0		1	0	0	320
20623	scripts\Map\南诏皇宫\ai\特殊小怪\南王侍卫.lua	0	768	768	32	256	64	0	32	0	384	80	0	0	0	0		1	0	0	320
20624	scripts\Map\英雄南诏皇宫\ai\特殊小怪\白魂.lua	0	768	768	32	256	64	0	32	0	384	80	0	0	0	0		1	0	0	320
20625	scripts\Map\英雄南诏皇宫\ai\特殊小怪\刀语者.lua	0	768	768	32	256	64	0	32	0	384	80	0	0	0	0		1	0	0	320
20626	scripts/ai/StandardAI.lua	0	768	768	32	256	64	0	32	0	384	80	0	0	0	0		1	0	0	320
20658	scripts\Map\世界通用\ai\空.lua	1	1024	768	32	256	64	0	32	0	384	80	0	0	0	0		1	1	1	320
20661	scripts\Map\南诏皇宫\ai\友方相关\跟随的军官.lua	0	768	768	32	256	64	0	32	0	384	80	0	0	0	0		1	1	0	320
20698	scripts\Map\南诏皇宫\ai\5号BOSS南诏王\剧情控制.lua	1	1024	768	32	256	64	0	32	0	384	80	0	0	0	0		1	1	1	320
20701	scripts\Map\世界通用\ai\空.lua	1	1024	768	32	256	64	0	32	0	384	80	0	0	0	0		1	1	1	320
20709	scripts/ai/StandardAI.lua	0	768	768	32	256	64	0	32	0	384	80	0	0	0	0		1	0	0	320
20710	scripts/ai/StandardAI.lua	0	768	768	32	256	64	0	32	0	384	80	0	0	0	0		1	0	0	320
20713	scripts\Map\南诏皇宫\ai\军阵控制AI相关\触发用总控.lua	0	768	768	32	256	64	0	32	0	384	80	0	0	0	0		1	0	0	320
20716	scripts\Map\世界通用\ai\空.lua	1	1024	768	32	256	64	0	32	0	384	80	0	0	0	0		1	1	1	320
20723	scripts\Map\南诏皇宫\ai\军阵控制AI相关\军阵用子弹通用AI.lua	0	768	768	32	256	64	0	32	0	384	80	0	0	0	0		1	0	0	320
20724	scripts\Map\南诏皇宫\ai\军阵控制AI相关\军阵用子弹通用AI.lua	0	768	768	32	256	64	0	32	0	384	80	0	0	0	0		1	0	0	320
20725	scripts\Map\南诏皇宫\ai\军阵控制AI相关\军阵用子弹通用AI.lua	0	768	768	32	256	64	0	32	0	384	80	0	0	0	0		1	0	0	320
20726	scripts\Map\南诏皇宫\ai\军阵控制AI相关\军阵用子弹通用AI.lua	0	768	768	32	256	64	0	32	0	384	80	0	0	0	0		1	0	0	320
20727	scripts\Map\南诏皇宫\ai\军阵控制AI相关\军阵用子弹通用AI.lua	0	768	768	32	256	64	0	32	0	384	80	0	0	0	0		1	0	0	320
20728	scripts\Map\南诏皇宫\ai\军阵控制AI相关\军阵用子弹通用AI.lua	0	768	768	32	256	64	0	32	0	384	80	0	0	0	0		1	0	0	320
20729	scripts/ai/StandardAI.lua	1	2432	2560	32	256	64	0	32	0	384	80	0	0	0	0		1	0	1	320
20730	scripts/ai/StandardAI.lua	1	2432	2560	32	256	64	0	32	0	384	80	0	0	0	0		1	0	1	320
20731	scripts/ai/StandardAI.lua	1	2432	2560	32	256	64	0	32	0	384	80	0	0	0	0		1	0	1	320
20732	scripts/ai/StandardAI.lua	1	2432	2560	32	256	64	0	32	0	384	80	0	0	0	0		1	0	1	320
20734	scripts\Map\世界通用\ai\空.lua	1	1024	768	32	256	64	0	32	0	384	80	0	0	0	0		1	1	1	320
20736	scripts\Map\南诏皇宫\ai\5号BOSS南诏王\宠臣对话.lua	1	1024	768	32	256	64	0	32	0	384	80	0	0	0	0		1	1	1	320
20740	scripts\Map\世界通用\ai\空.lua	1	1024	768	32	256	64	0	32	0	384	80	0	0	0	0		1	1	1	320
20741	scripts\Map\世界通用\ai\空.lua	1	1024	768	32	256	64	0	32	0	384	80	0	0	0	0		1	1	1	320
20742	scripts\Map\世界通用\ai\空.lua	1	1024	768	32	256	64	0	32	0	384	80	0	0	0	0		1	1	1	320
20744	scripts/ai/DungeonStandardAI.lua	1	1024	768	32	256	64	0	32	0	384	80	0	0	0	0		1	1	1	320
20758	scripts\Map\南诏皇宫\ai\5号BOSS南诏王\南诏宝箱.lua	0	768	768	32	256	64	0	32	0	384	80	0	0	0	0		1	0	0	320
21686	scripts\Map\英雄南诏皇宫\ai\特殊小怪\石板机关.lua	0	768	768	32	256	64	0	32	0	384	80	0	0	0	0		1	0	0	320
21687	scripts\Map\英雄南诏皇宫\ai\特殊小怪\发射器.lua	0	768	768	32	256	64	0	32	0	384	80	0	0	0	0		1	0	0	320
21688	scripts\Map\英雄南诏皇宫\ai\特殊小怪\螺旋刀片.lua	0	768	768	32	256	64	0	32	0	384	80	0	0	0	0		1	0	0	320
21689	scripts\Map\英雄南诏皇宫\ai\特殊小怪\自动石板弹起器.lua	0	768	768	32	256	64	0	32	0	384	80	0	0	0	0		1	0	0	320
21737	scripts/ai/StandardAI.lua	0	768	768	32	256	64	0	32	0	384	80	0	0	0	0		1	0	0	320
21738	scripts/ai/StandardAI.lua	0	768	768	32	256	64	0	32	0	384	80	0	0	0	0		1	0	0	320
21739	scripts/ai/StandardAI.lua	0	768	768	32	256	64	0	32	0	384	80	0	0	0	0		1	0	0	320
21740	scripts/ai/StandardAI.lua	0	768	768	32	256	64	0	32	0	384	80	0	0	0	0		1	0	0	320
21785	scripts\Map\英雄南诏皇宫\ai\特殊小怪\吊灯.lua	0	768	768	32	256	64	0	32	0	384	80	0	0	0	0		1	0	0	320
21875	scripts\Map\英雄南诏皇宫\ai\特殊小怪\白炎手.lua	0	768	768	32	256	64	0	32	0	384	80	0	0	0	0		1	0	0	320
21910	scripts/ai/StandardAI.lua	0	768	768	32	256	64	0	32	0	384	80	0	0	0	0		1	0	0	320
21985	scripts/ai/StandardAI.lua	0	768	768	32	256	64	0	32	0	384	80	0	0	0	0		1	0	0	320
21986	scripts/ai/StandardAI.lua	0	768	768	32	256	64	0	32	0	384	80	0	0	0	0		1	0	0	320
22086	scripts\Map\英雄南诏皇宫\ai\特殊小怪\死亡风暴.lua	0	768	768	32	256	64	0	32	0	384	80	0	0	0	0		1	0	0	320
