Name	TabType	ItemIndex	RandSeed	CountLimit	Durability	ReputeLevel	Price	RequireAchievementRecord	RequireLevel	IsValid	CoinType1	CoinAmount1	Contribution	Prestige	AchievementPoint	ItemType1	ItemIndex1	ItemCount1	MentorValue	RequireTitle	Justice	ExamPrint	ArenaAward	ActivityAward	RequireCorpsValue	MaskCorpsNeedToCheck	CanReturn	TongReputation	TongFund	RequireArenaLevel	RequireArenaLevelExcept2v2	Position
桀骜千夜・须弥袍	CustomArmor	3269	0	-1	-1	0	1600000			1				3200													1					上衣
桀骜千夜・凌波衫	CustomArmor	3270	0	-1	-1	0	1600000			1				3200													1					上衣
桀骜千夜・云篆衫	CustomArmor	3271	0	-1	-1	0	1600000			1				3200													1					上衣
桀骜千夜・碧湖裳	CustomArmor	3272	0	-1	-1	0	1600000			1				3200													1					上衣
桀骜千夜・怜月裳	CustomArmor	3273	0	-1	-1	0	1600000			1				3200													1					上衣
桀骜千夜・琼华衣	CustomArmor	3274	0	-1	-1	0	1600000			1				3200													1					上衣
桀骜千夜・太清衣	CustomArmor	3275	0	-1	-1	0	1600000			1				3200													1					上衣
桀骜千夜・忠武铠	CustomArmor	3276	0	-1	-1	0	1600000			1				3200													1					上衣
桀骜千夜・无拘铠	CustomArmor	4884	0	-1	-1	0	1600000			1				3200													1					上衣
桀骜千夜・夷甫护胸	CustomArmor	10628	0	-1	-1	0	1600000			1				3200													1					上衣
桀骜千夜・焚券胸甲	CustomArmor	10629	0	-1	-1	0	1600000			1				3200													1					上衣
桀骜千夜・夷甫血衣	CustomArmor	10630	0	-1	-1	0	1600000			1				3200													1					上衣
桀骜千夜・焚券之拥	CustomArmor	10631	0	-1	-1	0	1600000			1				3200													1					上衣
桀骜千夜・幻倩衫	CustomArmor	6589	0	-1	-1	0	1600000			1				3200													1					上衣
桀骜千夜・岐龙衫	CustomArmor	6590	0	-1	-1	0	1600000			1				3200													1					上衣
桀骜千夜・须弥笠	CustomArmor	2943	0	-1	-1	0	1440000			1				2900													1					头部
桀骜千夜・凌波帽	CustomArmor	2944	0	-1	-1	0	1440000			1				2900													1					头部
桀骜千夜・云篆帽	CustomArmor	2945	0	-1	-1	0	1440000			1				2900													1					头部
桀骜千夜・碧湖钗	CustomArmor	2946	0	-1	-1	0	1440000			1				2900													1					头部
桀骜千夜・怜月钗	CustomArmor	2947	0	-1	-1	0	1440000			1				2900													1					头部
桀骜千夜・琼华冠	CustomArmor	2948	0	-1	-1	0	1440000			1				2900													1					头部
桀骜千夜・太清冠	CustomArmor	2949	0	-1	-1	0	1440000			1				2900													1					头部
桀骜千夜・忠武盔	CustomArmor	2950	0	-1	-1	0	1440000			1				2900													1					头部
桀骜千夜・无拘盔	CustomArmor	4882	0	-1	-1	0	1440000			1				2900													1					头部
桀骜千夜・夷甫帽	CustomArmor	10612	0	-1	-1	0	1440000			1				2900													1					头部
桀骜千夜・焚券冠	CustomArmor	10613	0	-1	-1	0	1440000			1				2900													1					头部
桀骜千夜・夷甫面甲	CustomArmor	10614	0	-1	-1	0	1440000			1				2900													1					头部
桀骜千夜・焚券护面	CustomArmor	10615	0	-1	-1	0	1440000			1				2900													1					头部
桀骜千夜・幻倩帽	CustomArmor	6493	0	-1	-1	0	1440000			1				2900													1					头部
桀骜千夜・岐龙帽	CustomArmor	6494	0	-1	-1	0	1440000			1				2900													1					头部
桀骜千夜・须弥围腰	CustomArmor	4125	0	-1	-1	0	1120000			1				2300													1					腰带
桀骜千夜・凌波围腰	CustomArmor	4126	0	-1	-1	0	1120000			1				2300													1					腰带
桀骜千夜・云篆围腰	CustomArmor	4127	0	-1	-1	0	1120000			1				2300													1					腰带
桀骜千夜・碧湖裹腰	CustomArmor	4128	0	-1	-1	0	1120000			1				2300													1					腰带
桀骜千夜・怜月裹腰	CustomArmor	4129	0	-1	-1	0	1120000			1				2300													1					腰带
桀骜千夜・琼华护腰	CustomArmor	4130	0	-1	-1	0	1120000			1				2300													1					腰带
桀骜千夜・太清护腰	CustomArmor	4131	0	-1	-1	0	1120000			1				2300													1					腰带
桀骜千夜・忠武腰带	CustomArmor	4132	0	-1	-1	0	1120000			1				2300													1					腰带
桀骜千夜・无拘腰带	CustomArmor	4890	0	-1	-1	0	1120000			1				2300													1					腰带
桀骜千夜・夷甫裹腰	CustomArmor	10620	0	-1	-1	0	1120000			1				2300													1					腰带
桀骜千夜・焚券护腰	CustomArmor	10621	0	-1	-1	0	1120000			1				2300													1					腰带
桀骜千夜・夷甫星索	CustomArmor	10622	0	-1	-1	0	1120000			1				2300													1					腰带
桀骜千夜・焚券束腰	CustomArmor	10623	0	-1	-1	0	1120000			1				2300													1					腰带
桀骜千夜・幻倩围腰	CustomArmor	6832	0	-1	-1	0	1120000			1				2300													1					腰带
桀骜千夜・岐龙围腰	CustomArmor	6833	0	-1	-1	0	1120000			1				2300													1					腰带
桀骜千夜・须弥襟	CustomArmor	3536	0	-1	-1	0	1600000			1				3200													1					裤子
桀骜千夜・凌波裤	CustomArmor	3537	0	-1	-1	0	1600000			1				3200													1					裤子
桀骜千夜・云篆裤	CustomArmor	3538	0	-1	-1	0	1600000			1				3200													1					裤子
桀骜千夜・碧湖裙	CustomArmor	3539	0	-1	-1	0	1600000			1				3200													1					裤子
桀骜千夜・怜月裙	CustomArmor	3540	0	-1	-1	0	1600000			1				3200													1					裤子
桀骜千夜・琼华裤	CustomArmor	3541	0	-1	-1	0	1600000			1				3200													1					裤子
桀骜千夜・太清裤	CustomArmor	3542	0	-1	-1	0	1600000			1				3200													1					裤子
桀骜千夜・忠武甲	CustomArmor	3543	0	-1	-1	0	1600000			1				3200													1					裤子
桀骜千夜・无拘甲	CustomArmor	4886	0	-1	-1	0	1600000			1				3200													1					裤子
桀骜千夜・夷甫劲装	CustomArmor	10636	0	-1	-1	0	1600000			1				3200													1					裤子
桀骜千夜・焚券护腿	CustomArmor	10637	0	-1	-1	0	1600000			1				3200													1					裤子
桀骜千夜・夷甫星索	CustomArmor	10638	0	-1	-1	0	1600000			1				3200													1					裤子
桀骜千夜・焚券束腰	CustomArmor	10639	0	-1	-1	0	1600000			1				3200													1					裤子
桀骜千夜・幻倩裤	CustomArmor	6661	0	-1	-1	0	1600000			1				3200													1					裤子
桀骜千夜・岐龙裤	CustomArmor	6662	0	-1	-1	0	1600000			1				3200													1					裤子
桀骜千夜・须弥鞋	CustomArmor	3810	0	-1	-1	0	1120000			1				2300													1					鞋子
桀骜千夜・凌波靴	CustomArmor	3811	0	-1	-1	0	1120000			1				2300													1					鞋子
桀骜千夜・云篆靴	CustomArmor	3812	0	-1	-1	0	1120000			1				2300													1					鞋子
桀骜千夜・碧湖踏	CustomArmor	3813	0	-1	-1	0	1120000			1				2300													1					鞋子
桀骜千夜・怜月踏	CustomArmor	3814	0	-1	-1	0	1120000			1				2300													1					鞋子
桀骜千夜・琼华履	CustomArmor	3815	0	-1	-1	0	1120000			1				2300													1					鞋子
桀骜千夜・太清履	CustomArmor	3816	0	-1	-1	0	1120000			1				2300													1					鞋子
桀骜千夜・忠武靴	CustomArmor	3817	0	-1	-1	0	1120000			1				2300													1					鞋子
桀骜千夜・无拘靴	CustomArmor	4888	0	-1	-1	0	1120000			1				2300													1					鞋子
桀骜千夜・夷甫履	CustomArmor	10644	0	-1	-1	0	1120000			1				2300													1					鞋子
桀骜千夜・焚券靴	CustomArmor	10645	0	-1	-1	0	1120000			1				2300													1					鞋子
桀骜千夜・夷甫鞋	CustomArmor	10646	0	-1	-1	0	1120000			1				2300													1					鞋子
桀骜千夜・焚券屐	CustomArmor	10647	0	-1	-1	0	1120000			1				2300													1					鞋子
桀骜千夜・幻倩靴	CustomArmor	6744	0	-1	-1	0	1120000			1				2300													1					鞋子
桀骜千夜・岐龙靴	CustomArmor	6745	0	-1	-1	0	1120000			1				2300													1					鞋子
桀骜千夜・须弥腕箍	CustomArmor	2679	0	-1	-1	0	1120000			1				2300													1					护臂
桀骜千夜・凌波护腕	CustomArmor	2680	0	-1	-1	0	1120000			1				2300													1					护臂
桀骜千夜・云篆护腕	CustomArmor	2681	0	-1	-1	0	1120000			1				2300													1					护臂
桀骜千夜・碧湖袖	CustomArmor	2682	0	-1	-1	0	1120000			1				2300													1					护臂
桀骜千夜・怜月袖	CustomArmor	2683	0	-1	-1	0	1120000			1				2300													1					护臂
桀骜千夜・琼华护手	CustomArmor	2684	0	-1	-1	0	1120000			1				2300													1					护臂
桀骜千夜・太清护手	CustomArmor	2685	0	-1	-1	0	1120000			1				2300													1					护臂
桀骜千夜・忠武护臂	CustomArmor	2686	0	-1	-1	0	1120000			1				2300													1					护臂
桀骜千夜・无拘护臂	CustomArmor	4880	0	-1	-1	0	1120000			1				2300													1					护臂
桀骜千夜・夷甫护手	CustomArmor	10604	0	-1	-1	0	1120000			1				2300													1					护臂
桀骜千夜・焚券护腕	CustomArmor	10605	0	-1	-1	0	1120000			1				2300													1					护臂
桀骜千夜・夷甫束腕	CustomArmor	10606	0	-1	-1	0	1120000			1				2300													1					护臂
桀骜千夜・焚券护指	CustomArmor	10607	0	-1	-1	0	1120000			1				2300													1					护臂
桀骜千夜・幻倩护腕	CustomArmor	6413	0	-1	-1	0	1120000			1				2300													1					护臂
桀骜千夜・岐龙护腕	CustomArmor	6414	0	-1	-1	0	1120000			1				2300													1					护臂
桀骜千夜・尽天束腕	CustomArmor	24159	0	-1	-1	0	1120000			1				2300													1					护臂
桀骜千夜・尽天腕甲	CustomArmor	24160	0	-1	-1	0	1120000			1				2300													1					护臂
桀骜千夜・尽天之冠	CustomArmor	24163	0	-1	-1	0	1440000			1				2900													1					头部
桀骜千夜・尽天头饰	CustomArmor	24164	0	-1	-1	0	1440000			1				2900													1					头部
桀骜千夜・尽天束带	CustomArmor	24167	0	-1	-1	0	1120000			1				2300													1					腰带
桀骜千夜・尽天之环	CustomArmor	24168	0	-1	-1	0	1120000			1				2300													1					腰带
桀骜千夜・尽天长衫	CustomArmor	24171	0	-1	-1	0	1600000			1				3200													1					上衣
桀骜千夜・尽天法袍	CustomArmor	24172	0	-1	-1	0	1600000			1				3200													1					上衣
桀骜千夜・尽天裹腿	CustomArmor	24175	0	-1	-1	0	1600000			1				3200													1					裤子
桀骜千夜・尽天绑腿	CustomArmor	24176	0	-1	-1	0	1600000			1				3200													1					裤子
桀骜千夜・尽天护足	CustomArmor	24179	0	-1	-1	0	1120000			1				2300													1					鞋子
桀骜千夜・尽天胫甲	CustomArmor	24180	0	-1	-1	0	1120000			1				2300													1					鞋子
傲世狂歌・野尘刺	CustomWeapon	2626	0	-1	-1	0	2230000			1				6000													1					近程武器
傲世狂歌・野尘刺	CustomWeapon	2729	0	-1	-1	0	2230000			1				6000													1					近程武器
瀚海雄风・追羽刺	CustomWeapon	2646	0	-1	-1	0	3720000			1				6000													1					近程武器
瀚海雄风・追羽刺	CustomWeapon	2749	0	-1	-1	0	3720000			1				6000													1					近程武器
傲世狂歌・野尘剑	CustomWeapon	2627	0	-1	-1	0	2230000			1				6000													1					近程武器
傲世狂歌・野尘剑	CustomWeapon	2730	0	-1	-1	0	2230000			1				6000													1					近程武器
瀚海雄风・追羽剑	CustomWeapon	2647	0	-1	-1	0	3720000			1				6000													1					近程武器
瀚海雄风・追羽剑	CustomWeapon	2750	0	-1	-1	0	3720000			1				6000													1					近程武器
傲世狂歌・野尘囊	CustomWeapon	2678	0	-1	-1	0	1120000			1				3000													1					远程武器
傲世狂歌・野尘囊	CustomWeapon	2759	0	-1	-1	0	1120000			1				3000													1					远程武器
瀚海雄风・追羽囊	CustomWeapon	2696	0	-1	-1	0	1860000			1				3000													1					远程武器
瀚海雄风・追羽囊	CustomWeapon	2777	0	-1	-1	0	1860000			1				3000													1					远程武器
瀚海雄风・追羽衣	CustomArmor	5776	0	-1	-1	0	1860000			1				5000													1					上衣
瀚海雄风・追羽衣	CustomArmor	6097	0	-1	-1	0	1860000			1				5000													1					上衣
瀚海雄风・追羽衣	CustomArmor	5884	0	-1	-1	0	3100000			1				5000													1					上衣
瀚海雄风・追羽衣	CustomArmor	6205	0	-1	-1	0	3100000			1				5000													1					上衣
瀚海雄风・追羽冠	CustomArmor	5779	0	-1	-1	0	1680000			1				4500													1					头部
瀚海雄风・追羽冠	CustomArmor	6100	0	-1	-1	0	1680000			1				4500													1					头部
瀚海雄风・追羽冠	CustomArmor	5887	0	-1	-1	0	2790000			1				4500													1					头部
瀚海雄风・追羽冠	CustomArmor	6208	0	-1	-1	0	2790000			1				4500													1					头部
瀚海雄风・追羽腰带	CustomArmor	5778	0	-1	-1	0	1300000			1				3500													1					腰带
瀚海雄风・追羽腰带	CustomArmor	6099	0	-1	-1	0	1300000			1				3500													1					腰带
瀚海雄风・追羽腰带	CustomArmor	5886	0	-1	-1	0	2170000			1				3500													1					腰带
瀚海雄风・追羽腰带	CustomArmor	6207	0	-1	-1	0	2170000			1				3500													1					腰带
瀚海雄风・追羽裤	CustomArmor	5777	0	-1	-1	0	1860000			1				5000													1					裤子
瀚海雄风・追羽裤	CustomArmor	6098	0	-1	-1	0	1860000			1				5000													1					裤子
瀚海雄风・追羽裤	CustomArmor	5885	0	-1	-1	0	3100000			1				5000													1					裤子
瀚海雄风・追羽裤	CustomArmor	6206	0	-1	-1	0	3100000			1				5000													1					裤子
瀚海雄风・追羽靴	CustomArmor	5780	0	-1	-1	0	1300000			1				3500													1					鞋子
瀚海雄风・追羽靴	CustomArmor	6101	0	-1	-1	0	1300000			1				3500													1					鞋子
瀚海雄风・追羽靴	CustomArmor	5888	0	-1	-1	0	2170000			1				3500													1					鞋子
瀚海雄风・追羽靴	CustomArmor	6209	0	-1	-1	0	2170000			1				3500													1					鞋子
瀚海雄风・追羽护手	CustomArmor	5781	0	-1	-1	0	1300000			1				3500													1					护臂
瀚海雄风・追羽护手	CustomArmor	6102	0	-1	-1	0	1300000			1				3500													1					护臂
瀚海雄风・追羽护手	CustomArmor	5889	0	-1	-1	0	2170000			1				3500													1					护臂
瀚海雄风・追羽护手	CustomArmor	6210	0	-1	-1	0	2170000			1				3500													1					护臂
傲世狂歌・冲霄剑	CustomWeapon	2622	0	-1	-1	0	2230000			1				6000													1					近程武器
傲世狂歌・玉霄剑	CustomWeapon	2623	0	-1	-1	0	2230000			1				6000													1					近程武器
傲世狂歌・冲霄剑	CustomWeapon	2725	0	-1	-1	0	2230000			1				6000													1					近程武器
傲世狂歌・玉霄剑	CustomWeapon	2726	0	-1	-1	0	2230000			1				6000													1					近程武器
瀚海雄风・冲虚剑	CustomWeapon	2642	0	-1	-1	0	3720000			1				6000													1					近程武器
瀚海雄风・玉虚剑	CustomWeapon	2643	0	-1	-1	0	3720000			1				6000													1					近程武器
瀚海雄风・冲虚剑	CustomWeapon	2745	0	-1	-1	0	3720000			1				6000													1					近程武器
瀚海雄风・玉虚剑	CustomWeapon	2746	0	-1	-1	0	3720000			1				6000													1					近程武器
傲世狂歌・玉霄囊	CustomWeapon	2675	0	-1	-1	0	1120000			1				3000													1					远程武器
傲世狂歌・冲霄囊	CustomWeapon	2676	0	-1	-1	0	1120000			1				3000													1					远程武器
傲世狂歌・玉霄囊	CustomWeapon	2756	0	-1	-1	0	1120000			1				3000													1					远程武器
傲世狂歌・冲霄囊	CustomWeapon	2757	0	-1	-1	0	1120000			1				3000													1					远程武器
瀚海雄风・玉虚囊	CustomWeapon	2693	0	-1	-1	0	1860000			1				3000													1					远程武器
瀚海雄风・冲虚囊	CustomWeapon	2694	0	-1	-1	0	1860000			1				3000													1					远程武器
瀚海雄风・玉虚囊	CustomWeapon	2774	0	-1	-1	0	1860000			1				3000													1					远程武器
瀚海雄风・冲虚囊	CustomWeapon	2775	0	-1	-1	0	1860000			1				3000													1					远程武器
瀚海雄风・冲虚衣	CustomArmor	5770	0	-1	-1	0	1860000			1				5000													1					上衣
瀚海雄风・玉虚衣	CustomArmor	5782	0	-1	-1	0	1860000			1				5000													1					上衣
瀚海雄风・冲虚衣	CustomArmor	6091	0	-1	-1	0	1860000			1				5000													1					上衣
瀚海雄风・玉虚衣	CustomArmor	6103	0	-1	-1	0	1860000			1				5000													1					上衣
瀚海雄风・冲虚衣	CustomArmor	5878	0	-1	-1	0	3100000			1				5000													1					上衣
瀚海雄风・玉虚衣	CustomArmor	5890	0	-1	-1	0	3100000			1				5000													1					上衣
瀚海雄风・冲虚衣	CustomArmor	6199	0	-1	-1	0	3100000			1				5000													1					上衣
瀚海雄风・玉虚衣	CustomArmor	6211	0	-1	-1	0	3100000			1				5000													1					上衣
瀚海雄风・冲虚冠	CustomArmor	5773	0	-1	-1	0	1680000			1				4500													1					头部
瀚海雄风・玉虚冠	CustomArmor	5785	0	-1	-1	0	1680000			1				4500													1					头部
瀚海雄风・冲虚冠	CustomArmor	6094	0	-1	-1	0	1680000			1				4500													1					头部
瀚海雄风・玉虚冠	CustomArmor	6106	0	-1	-1	0	1680000			1				4500													1					头部
瀚海雄风・冲虚冠	CustomArmor	5881	0	-1	-1	0	2790000			1				4500													1					头部
瀚海雄风・玉虚冠	CustomArmor	5893	0	-1	-1	0	2790000			1				4500													1					头部
瀚海雄风・冲虚冠	CustomArmor	6202	0	-1	-1	0	2790000			1				4500													1					头部
瀚海雄风・玉虚冠	CustomArmor	6214	0	-1	-1	0	2790000			1				4500													1					头部
瀚海雄风・冲虚腰带	CustomArmor	5772	0	-1	-1	0	1300000			1				3500													1					腰带
瀚海雄风・玉虚腰带	CustomArmor	5784	0	-1	-1	0	1300000			1				3500													1					腰带
瀚海雄风・冲虚腰带	CustomArmor	6093	0	-1	-1	0	1300000			1				3500													1					腰带
瀚海雄风・玉虚腰带	CustomArmor	6105	0	-1	-1	0	1300000			1				3500													1					腰带
瀚海雄风・冲虚腰带	CustomArmor	5880	0	-1	-1	0	2170000			1				3500													1					腰带
瀚海雄风・玉虚腰带	CustomArmor	5892	0	-1	-1	0	2170000			1				3500													1					腰带
瀚海雄风・冲虚腰带	CustomArmor	6201	0	-1	-1	0	2170000			1				3500													1					腰带
瀚海雄风・玉虚腰带	CustomArmor	6213	0	-1	-1	0	2170000			1				3500													1					腰带
瀚海雄风・冲虚裤	CustomArmor	5771	0	-1	-1	0	1860000			1				5000													1					裤子
瀚海雄风・玉虚裤	CustomArmor	5783	0	-1	-1	0	1860000			1				5000													1					裤子
瀚海雄风・冲虚裤	CustomArmor	6092	0	-1	-1	0	1860000			1				5000													1					裤子
瀚海雄风・玉虚裤	CustomArmor	6104	0	-1	-1	0	1860000			1				5000													1					裤子
瀚海雄风・冲虚裤	CustomArmor	5879	0	-1	-1	0	3100000			1				5000													1					裤子
瀚海雄风・玉虚裤	CustomArmor	5891	0	-1	-1	0	3100000			1				5000													1					裤子
瀚海雄风・冲虚裤	CustomArmor	6200	0	-1	-1	0	3100000			1				5000													1					裤子
瀚海雄风・玉虚裤	CustomArmor	6212	0	-1	-1	0	3100000			1				5000													1					裤子
瀚海雄风・冲虚靴	CustomArmor	5774	0	-1	-1	0	1300000			1				3500													1					鞋子
瀚海雄风・玉虚靴	CustomArmor	5786	0	-1	-1	0	1300000			1				3500													1					鞋子
瀚海雄风・冲虚靴	CustomArmor	6095	0	-1	-1	0	1300000			1				3500													1					鞋子
瀚海雄风・玉虚靴	CustomArmor	6107	0	-1	-1	0	1300000			1				3500													1					鞋子
瀚海雄风・冲虚靴	CustomArmor	5882	0	-1	-1	0	2170000			1				3500													1					鞋子
瀚海雄风・玉虚靴	CustomArmor	5894	0	-1	-1	0	2170000			1				3500													1					鞋子
瀚海雄风・冲虚靴	CustomArmor	6203	0	-1	-1	0	2170000			1				3500													1					鞋子
瀚海雄风・玉虚靴	CustomArmor	6215	0	-1	-1	0	2170000			1				3500													1					鞋子
瀚海雄风・冲虚护手	CustomArmor	5775	0	-1	-1	0	1300000			1				3500													1					护臂
瀚海雄风・玉虚护手	CustomArmor	5787	0	-1	-1	0	1300000			1				3500													1					护臂
瀚海雄风・冲虚护手	CustomArmor	6096	0	-1	-1	0	1300000			1				3500													1					护臂
瀚海雄风・玉虚护手	CustomArmor	6108	0	-1	-1	0	1300000			1				3500													1					护臂
瀚海雄风・冲虚护手	CustomArmor	5883	0	-1	-1	0	2170000			1				3500													1					护臂
瀚海雄风・玉虚护手	CustomArmor	5895	0	-1	-1	0	2170000			1				3500													1					护臂
瀚海雄风・冲虚护手	CustomArmor	6204	0	-1	-1	0	2170000			1				3500													1					护臂
瀚海雄风・玉虚护手	CustomArmor	6216	0	-1	-1	0	2170000			1				3500													1					护臂
傲世狂歌・蝶舞双剑	CustomWeapon	2621	0	-1	-1	0	2230000			1				6000													1					近程武器
傲世狂歌・镜华双剑	CustomWeapon	2624	0	-1	-1	0	2230000			1				6000													1					近程武器
傲世狂歌・蝶舞双剑	CustomWeapon	2724	0	-1	-1	0	2230000			1				6000													1					近程武器
傲世狂歌・镜华双剑	CustomWeapon	2727	0	-1	-1	0	2230000			1				6000													1					近程武器
瀚海雄风・怀袖双剑	CustomWeapon	2641	0	-1	-1	0	3720000			1				6000													1					近程武器
瀚海雄风・栖凤双剑	CustomWeapon	2644	0	-1	-1	0	3720000			1				6000													1					近程武器
瀚海雄风・怀袖双剑	CustomWeapon	2744	0	-1	-1	0	3720000			1				6000													1					近程武器
瀚海雄风・栖凤双剑	CustomWeapon	2747	0	-1	-1	0	3720000			1				6000													1					近程武器
傲世狂歌・蝶舞囊	CustomWeapon	2673	0	-1	-1	0	1120000			1				3000													1					远程武器
傲世狂歌・镜华囊	CustomWeapon	2674	0	-1	-1	0	1120000			1				3000													1					远程武器
傲世狂歌・蝶舞囊	CustomWeapon	2754	0	-1	-1	0	1120000			1				3000													1					远程武器
傲世狂歌・镜华囊	CustomWeapon	2755	0	-1	-1	0	1120000			1				3000													1					远程武器
瀚海雄风・怀袖囊	CustomWeapon	2691	0	-1	-1	0	1860000			1				3000													1					远程武器
瀚海雄风・栖凤囊	CustomWeapon	2692	0	-1	-1	0	1860000			1				3000													1					远程武器
瀚海雄风・怀袖囊	CustomWeapon	2772	0	-1	-1	0	1860000			1				3000													1					远程武器
瀚海雄风・栖凤囊	CustomWeapon	2773	0	-1	-1	0	1860000			1				3000													1					远程武器
瀚海雄风・怀袖衣	CustomArmor	5800	0	-1	-1	0	1860000			1				5000													1					上衣
瀚海雄风・栖凤衣	CustomArmor	5812	0	-1	-1	0	1860000			1				5000													1					上衣
瀚海雄风・怀袖衣	CustomArmor	6121	0	-1	-1	0	1860000			1				5000													1					上衣
瀚海雄风・栖凤衣	CustomArmor	6133	0	-1	-1	0	1860000			1				5000													1					上衣
瀚海雄风・怀袖衣	CustomArmor	5908	0	-1	-1	0	3100000			1				5000													1					上衣
瀚海雄风・栖凤衣	CustomArmor	5920	0	-1	-1	0	3100000			1				5000													1					上衣
瀚海雄风・怀袖衣	CustomArmor	6229	0	-1	-1	0	3100000			1				5000													1					上衣
瀚海雄风・栖凤衣	CustomArmor	6241	0	-1	-1	0	3100000			1				5000													1					上衣
瀚海雄风・怀袖冠	CustomArmor	5803	0	-1	-1	0	1680000			1				4500													1					头部
瀚海雄风・栖凤冠	CustomArmor	5815	0	-1	-1	0	1680000			1				4500													1					头部
瀚海雄风・怀袖冠	CustomArmor	6124	0	-1	-1	0	1680000			1				4500													1					头部
瀚海雄风・栖凤冠	CustomArmor	6136	0	-1	-1	0	1680000			1				4500													1					头部
瀚海雄风・怀袖冠	CustomArmor	5911	0	-1	-1	0	2790000			1				4500													1					头部
瀚海雄风・栖凤冠	CustomArmor	5923	0	-1	-1	0	2790000			1				4500													1					头部
瀚海雄风・怀袖冠	CustomArmor	6232	0	-1	-1	0	2790000			1				4500													1					头部
瀚海雄风・栖凤冠	CustomArmor	6244	0	-1	-1	0	2790000			1				4500													1					头部
瀚海雄风・怀袖腰带	CustomArmor	5802	0	-1	-1	0	1300000			1				3500													1					腰带
瀚海雄风・栖凤腰带	CustomArmor	5814	0	-1	-1	0	1300000			1				3500													1					腰带
瀚海雄风・怀袖腰带	CustomArmor	6123	0	-1	-1	0	1300000			1				3500													1					腰带
瀚海雄风・栖凤腰带	CustomArmor	6135	0	-1	-1	0	1300000			1				3500													1					腰带
瀚海雄风・怀袖腰带	CustomArmor	5910	0	-1	-1	0	2170000			1				3500													1					腰带
瀚海雄风・栖凤腰带	CustomArmor	5922	0	-1	-1	0	2170000			1				3500													1					腰带
瀚海雄风・怀袖腰带	CustomArmor	6231	0	-1	-1	0	2170000			1				3500													1					腰带
瀚海雄风・栖凤腰带	CustomArmor	6243	0	-1	-1	0	2170000			1				3500													1					腰带
瀚海雄风・怀袖裤	CustomArmor	5801	0	-1	-1	0	1860000			1				5000													1					裤子
瀚海雄风・栖凤裤	CustomArmor	5813	0	-1	-1	0	1860000			1				5000													1					裤子
瀚海雄风・怀袖裤	CustomArmor	6122	0	-1	-1	0	1860000			1				5000													1					裤子
瀚海雄风・栖凤裤	CustomArmor	6134	0	-1	-1	0	1860000			1				5000													1					裤子
瀚海雄风・怀袖裤	CustomArmor	5909	0	-1	-1	0	3100000			1				5000													1					裤子
瀚海雄风・栖凤裤	CustomArmor	5921	0	-1	-1	0	3100000			1				5000													1					裤子
瀚海雄风・怀袖裤	CustomArmor	6230	0	-1	-1	0	3100000			1				5000													1					裤子
瀚海雄风・栖凤裤	CustomArmor	6242	0	-1	-1	0	3100000			1				5000													1					裤子
瀚海雄风・怀袖靴	CustomArmor	5804	0	-1	-1	0	1300000			1				3500													1					鞋子
瀚海雄风・栖凤靴	CustomArmor	5816	0	-1	-1	0	1300000			1				3500													1					鞋子
瀚海雄风・怀袖靴	CustomArmor	6125	0	-1	-1	0	1300000			1				3500													1					鞋子
瀚海雄风・栖凤靴	CustomArmor	6137	0	-1	-1	0	1300000			1				3500													1					鞋子
瀚海雄风・怀袖靴	CustomArmor	5912	0	-1	-1	0	2170000			1				3500													1					鞋子
瀚海雄风・栖凤靴	CustomArmor	5924	0	-1	-1	0	2170000			1				3500													1					鞋子
瀚海雄风・怀袖靴	CustomArmor	6233	0	-1	-1	0	2170000			1				3500													1					鞋子
瀚海雄风・栖凤靴	CustomArmor	6245	0	-1	-1	0	2170000			1				3500													1					鞋子
瀚海雄风・怀袖护手	CustomArmor	5805	0	-1	-1	0	1300000			1				3500													1					护臂
瀚海雄风・栖凤护手	CustomArmor	5817	0	-1	-1	0	1300000			1				3500													1					护臂
瀚海雄风・怀袖护手	CustomArmor	6126	0	-1	-1	0	1300000			1				3500													1					护臂
瀚海雄风・栖凤护手	CustomArmor	6138	0	-1	-1	0	1300000			1				3500													1					护臂
瀚海雄风・怀袖护手	CustomArmor	5913	0	-1	-1	0	2170000			1				3500													1					护臂
瀚海雄风・栖凤护手	CustomArmor	5925	0	-1	-1	0	2170000			1				3500													1					护臂
瀚海雄风・怀袖护手	CustomArmor	6234	0	-1	-1	0	2170000			1				3500													1					护臂
瀚海雄风・栖凤护手	CustomArmor	6246	0	-1	-1	0	2170000			1				3500													1					护臂
傲世狂歌・法华棍	CustomWeapon	2619	0	-1	-1	0	2230000			1				6000													1					近程武器
傲世狂歌・法华棍	CustomWeapon	2722	0	-1	-1	0	2230000			1				6000													1					近程武器
瀚海雄风・妙华棍	CustomWeapon	2639	0	-1	-1	0	3720000			1				6000													1					近程武器
瀚海雄风・妙华棍	CustomWeapon	2742	0	-1	-1	0	3720000			1				6000													1					近程武器
傲世狂歌・法华囊	CustomWeapon	2670	0	-1	-1	0	1120000			1				3000													1					远程武器
傲世狂歌・法华囊	CustomWeapon	2751	0	-1	-1	0	1120000			1				3000													1					远程武器
瀚海雄风・妙华囊	CustomWeapon	2688	0	-1	-1	0	1860000			1				3000													1					远程武器
瀚海雄风・妙华囊	CustomWeapon	2769	0	-1	-1	0	1860000			1				3000													1					远程武器
瀚海雄风・妙华衣	CustomArmor	5794	0	-1	-1	0	1860000			1				5000													1					上衣
瀚海雄风・妙华衣	CustomArmor	6115	0	-1	-1	0	1860000			1				5000													1					上衣
瀚海雄风・妙华衣	CustomArmor	5902	0	-1	-1	0	3100000			1				5000													1					上衣
瀚海雄风・妙华衣	CustomArmor	6223	0	-1	-1	0	3100000			1				5000													1					上衣
瀚海雄风・妙华冠	CustomArmor	5797	0	-1	-1	0	1680000			1				4500													1					头部
瀚海雄风・妙华冠	CustomArmor	6118	0	-1	-1	0	1680000			1				4500													1					头部
瀚海雄风・妙华冠	CustomArmor	5905	0	-1	-1	0	2790000			1				4500													1					头部
瀚海雄风・妙华冠	CustomArmor	6226	0	-1	-1	0	2790000			1				4500													1					头部
瀚海雄风・妙华腰带	CustomArmor	5796	0	-1	-1	0	1300000			1				3500													1					腰带
瀚海雄风・妙华腰带	CustomArmor	6117	0	-1	-1	0	1300000			1				3500													1					腰带
瀚海雄风・妙华腰带	CustomArmor	5904	0	-1	-1	0	2170000			1				3500													1					腰带
瀚海雄风・妙华腰带	CustomArmor	6225	0	-1	-1	0	2170000			1				3500													1					腰带
瀚海雄风・妙华裤	CustomArmor	5795	0	-1	-1	0	1860000			1				5000													1					裤子
瀚海雄风・妙华裤	CustomArmor	6116	0	-1	-1	0	1860000			1				5000													1					裤子
瀚海雄风・妙华裤	CustomArmor	5903	0	-1	-1	0	3100000			1				5000													1					裤子
瀚海雄风・妙华裤	CustomArmor	6224	0	-1	-1	0	3100000			1				5000													1					裤子
瀚海雄风・妙华靴	CustomArmor	5798	0	-1	-1	0	1300000			1				3500													1					鞋子
瀚海雄风・妙华靴	CustomArmor	6119	0	-1	-1	0	1300000			1				3500													1					鞋子
瀚海雄风・妙华靴	CustomArmor	5906	0	-1	-1	0	2170000			1				3500													1					鞋子
瀚海雄风・妙华靴	CustomArmor	6227	0	-1	-1	0	2170000			1				3500													1					鞋子
瀚海雄风・妙华护手	CustomArmor	5799	0	-1	-1	0	1300000			1				3500													1					护臂
瀚海雄风・妙华护手	CustomArmor	6120	0	-1	-1	0	1300000			1				3500													1					护臂
瀚海雄风・妙华护手	CustomArmor	5907	0	-1	-1	0	2170000			1				3500													1					护臂
瀚海雄风・妙华护手	CustomArmor	6228	0	-1	-1	0	2170000			1				3500													1					护臂
傲世狂歌・铁壁枪	CustomWeapon	2620	0	-1	-1	0	2230000			1				6000													1					近程武器
傲世狂歌・铁壁枪	CustomWeapon	2723	0	-1	-1	0	2230000			1				6000													1					近程武器
瀚海雄风・沧浪枪	CustomWeapon	2640	0	-1	-1	0	3720000			1				6000													1					近程武器
瀚海雄风・沧浪枪	CustomWeapon	2743	0	-1	-1	0	3720000			1				6000													1					近程武器
傲世狂歌・铁壁囊	CustomWeapon	2677	0	-1	-1	0	1120000			1				3000													1					远程武器
傲世狂歌・铁壁囊	CustomWeapon	2758	0	-1	-1	0	1120000			1				3000													1					远程武器
瀚海雄风・沧浪囊	CustomWeapon	2695	0	-1	-1	0	1860000			1				3000													1					远程武器
瀚海雄风・沧浪囊	CustomWeapon	2776	0	-1	-1	0	1860000			1				3000													1					远程武器
瀚海雄风・沧浪衣	CustomArmor	5764	0	-1	-1	0	1860000			1				5000													1					上衣
瀚海雄风・沧浪衣	CustomArmor	6085	0	-1	-1	0	1860000			1				5000													1					上衣
瀚海雄风・沧浪衣	CustomArmor	5872	0	-1	-1	0	3100000			1				5000													1					上衣
瀚海雄风・沧浪衣	CustomArmor	6193	0	-1	-1	0	3100000			1				5000													1					上衣
瀚海雄风・沧浪冠	CustomArmor	5767	0	-1	-1	0	1680000			1				4500													1					头部
瀚海雄风・沧浪冠	CustomArmor	6088	0	-1	-1	0	1680000			1				4500													1					头部
瀚海雄风・沧浪冠	CustomArmor	5873	0	-1	-1	0	2790000			1				4500													1					头部
瀚海雄风・沧浪冠	CustomArmor	6194	0	-1	-1	0	2790000			1				4500													1					头部
瀚海雄风・沧浪腰带	CustomArmor	5766	0	-1	-1	0	1300000			1				3500													1					腰带
瀚海雄风・沧浪腰带	CustomArmor	6087	0	-1	-1	0	1300000			1				3500													1					腰带
瀚海雄风・沧浪腰带	CustomArmor	5874	0	-1	-1	0	2170000			1				3500													1					腰带
瀚海雄风・沧浪腰带	CustomArmor	6195	0	-1	-1	0	2170000			1				3500													1					腰带
瀚海雄风・沧浪裤	CustomArmor	5765	0	-1	-1	0	1860000			1				5000													1					裤子
瀚海雄风・沧浪裤	CustomArmor	6086	0	-1	-1	0	1860000			1				5000													1					裤子
瀚海雄风・沧浪裤	CustomArmor	5875	0	-1	-1	0	3100000			1				5000													1					裤子
瀚海雄风・沧浪裤	CustomArmor	6196	0	-1	-1	0	3100000			1				5000													1					裤子
瀚海雄风・沧浪靴	CustomArmor	5768	0	-1	-1	0	1300000			1				3500													1					鞋子
瀚海雄风・沧浪靴	CustomArmor	6089	0	-1	-1	0	1300000			1				3500													1					鞋子
瀚海雄风・沧浪靴	CustomArmor	5876	0	-1	-1	0	2170000			1				3500													1					鞋子
瀚海雄风・沧浪靴	CustomArmor	6197	0	-1	-1	0	2170000			1				3500													1					鞋子
瀚海雄风・沧浪护手	CustomArmor	5769	0	-1	-1	0	1300000			1				3500													1					护臂
瀚海雄风・沧浪护手	CustomArmor	6090	0	-1	-1	0	1300000			1				3500													1					护臂
瀚海雄风・沧浪护手	CustomArmor	5877	0	-1	-1	0	2170000			1				3500													1					护臂
瀚海雄风・沧浪护手	CustomArmor	6198	0	-1	-1	0	2170000			1				3500													1					护臂
傲世狂歌・竦息之击	CustomWeapon	4762	0	-1	-1	0	2230000			1				6000													1					近程武器
傲世狂歌・亘绝之击	CustomWeapon	4763	0	-1	-1	0	2230000			1				6000													1					近程武器
傲世狂歌・竦息之击	CustomWeapon	4764	0	-1	-1	0	2230000			1				6000													1					近程武器
傲世狂歌・亘绝之击	CustomWeapon	4765	0	-1	-1	0	2230000			1				6000													1					近程武器
瀚海雄风・乌栖之击	CustomWeapon	4778	0	-1	-1	0	3720000			1				6000													1					近程武器
瀚海雄风・亘绝之击	CustomWeapon	4779	0	-1	-1	0	3720000			1				6000													1					近程武器
瀚海雄风・乌栖之击	CustomWeapon	4780	0	-1	-1	0	3720000			1				6000													1					近程武器
瀚海雄风・亘绝之击	CustomWeapon	4781	0	-1	-1	0	3720000			1				6000													1					近程武器
傲世狂歌・竦息囊	CustomWeapon	4754	0	-1	-1	0	1120000			1				3000													1					远程武器
傲世狂歌・亘绝囊	CustomWeapon	4755	0	-1	-1	0	1120000			1				3000													1					远程武器
傲世狂歌・竦息囊	CustomWeapon	4756	0	-1	-1	0	1120000			1				3000													1					远程武器
傲世狂歌・亘绝囊	CustomWeapon	4757	0	-1	-1	0	1120000			1				3000													1					远程武器
瀚海雄风・乌栖囊	CustomWeapon	4770	0	-1	-1	0	1860000			1				3000													1					远程武器
瀚海雄风・亘绝囊	CustomWeapon	4771	0	-1	-1	0	1860000			1				3000													1					远程武器
瀚海雄风・乌栖囊	CustomWeapon	4772	0	-1	-1	0	1860000			1				3000													1					远程武器
瀚海雄风・亘绝囊	CustomWeapon	4773	0	-1	-1	0	1860000			1				3000													1					远程武器
傲世狂歌・乌栖衫	CustomArmor	10676	0	-1	-1	0	1860000			1				5000													1					上衣
傲世狂歌・亘绝袍	CustomArmor	10677	0	-1	-1	0	1860000			1				5000													1					上衣
傲世狂歌・乌栖衫	CustomArmor	10678	0	-1	-1	0	1860000			1				5000													1					上衣
傲世狂歌・亘绝袍	CustomArmor	10679	0	-1	-1	0	1860000			1				5000													1					上衣
瀚海雄风・乌栖衫	CustomArmor	10724	0	-1	-1	0	3100000			1				5000													1					上衣
瀚海雄风・亘绝袍	CustomArmor	10725	0	-1	-1	0	3100000			1				5000													1					上衣
瀚海雄风・乌栖衫	CustomArmor	10726	0	-1	-1	0	3100000			1				5000													1					上衣
瀚海雄风・亘绝袍	CustomArmor	10727	0	-1	-1	0	3100000			1				5000													1					上衣
傲世狂歌・乌栖冠	CustomArmor	10660	0	-1	-1	0	1680000			1				4500													1					头部
傲世狂歌・亘绝帽	CustomArmor	10661	0	-1	-1	0	1680000			1				4500													1					头部
傲世狂歌・乌栖冠	CustomArmor	10662	0	-1	-1	0	1680000			1				4500													1					头部
傲世狂歌・亘绝帽	CustomArmor	10663	0	-1	-1	0	1680000			1				4500													1					头部
瀚海雄风・乌栖冠	CustomArmor	10708	0	-1	-1	0	2790000			1				4500													1					头部
瀚海雄风・亘绝帽	CustomArmor	10709	0	-1	-1	0	2790000			1				4500													1					头部
瀚海雄风・乌栖冠	CustomArmor	10710	0	-1	-1	0	2790000			1				4500													1					头部
瀚海雄风・亘绝帽	CustomArmor	10711	0	-1	-1	0	2790000			1				4500													1					头部
傲世狂歌・乌栖束腰	CustomArmor	10668	0	-1	-1	0	1300000			1				3500													1					腰带
傲世狂歌・亘绝护腰	CustomArmor	10669	0	-1	-1	0	1300000			1				3500													1					腰带
傲世狂歌・乌栖束腰	CustomArmor	10670	0	-1	-1	0	1300000			1				3500													1					腰带
傲世狂歌・亘绝护腰	CustomArmor	10671	0	-1	-1	0	1300000			1				3500													1					腰带
瀚海雄风・乌栖束腰	CustomArmor	10716	0	-1	-1	0	2170000			1				3500													1					腰带
瀚海雄风・亘绝护腰	CustomArmor	10717	0	-1	-1	0	2170000			1				3500													1					腰带
瀚海雄风・乌栖束腰	CustomArmor	10718	0	-1	-1	0	2170000			1				3500													1					腰带
瀚海雄风・亘绝护腰	CustomArmor	10719	0	-1	-1	0	2170000			1				3500													1					腰带
傲世狂歌・乌栖胫甲	CustomArmor	10684	0	-1	-1	0	1860000			1				5000													1					裤子
傲世狂歌・亘绝护腿	CustomArmor	10685	0	-1	-1	0	1860000			1				5000													1					裤子
傲世狂歌・乌栖胫甲	CustomArmor	10686	0	-1	-1	0	1860000			1				5000													1					裤子
傲世狂歌・亘绝护腿	CustomArmor	10687	0	-1	-1	0	1860000			1				5000													1					裤子
瀚海雄风・乌栖胫甲	CustomArmor	10732	0	-1	-1	0	3100000			1				5000													1					裤子
瀚海雄风・亘绝护腿	CustomArmor	10733	0	-1	-1	0	3100000			1				5000													1					裤子
瀚海雄风・乌栖胫甲	CustomArmor	10734	0	-1	-1	0	3100000			1				5000													1					裤子
瀚海雄风・亘绝护腿	CustomArmor	10735	0	-1	-1	0	3100000			1				5000													1					裤子
傲世狂歌・乌栖战靴	CustomArmor	10692	0	-1	-1	0	1300000			1				3500													1					鞋子
傲世狂歌・亘绝马靴	CustomArmor	10693	0	-1	-1	0	1300000			1				3500													1					鞋子
傲世狂歌・乌栖战靴	CustomArmor	10694	0	-1	-1	0	1300000			1				3500													1					鞋子
傲世狂歌・亘绝马靴	CustomArmor	10695	0	-1	-1	0	1300000			1				3500													1					鞋子
瀚海雄风・乌栖战靴	CustomArmor	10740	0	-1	-1	0	2170000			1				3500													1					鞋子
瀚海雄风・亘绝马靴	CustomArmor	10741	0	-1	-1	0	2170000			1				3500													1					鞋子
瀚海雄风・乌栖战靴	CustomArmor	10742	0	-1	-1	0	2170000			1				3500													1					鞋子
瀚海雄风・亘绝马靴	CustomArmor	10743	0	-1	-1	0	2170000			1				3500													1					鞋子
傲世狂歌・乌栖护手	CustomArmor	10652	0	-1	-1	0	1300000			1				3500													1					护臂
傲世狂歌・亘绝之握	CustomArmor	10653	0	-1	-1	0	1300000			1				3500													1					护臂
傲世狂歌・乌栖护手	CustomArmor	10654	0	-1	-1	0	1300000			1				3500													1					护臂
傲世狂歌・亘绝之握	CustomArmor	10655	0	-1	-1	0	1300000			1				3500													1					护臂
瀚海雄风・乌栖护手	CustomArmor	10700	0	-1	-1	0	2170000			1				3500													1					护臂
瀚海雄风・亘绝之握	CustomArmor	10701	0	-1	-1	0	2170000			1				3500													1					护臂
瀚海雄风・乌栖护手	CustomArmor	10702	0	-1	-1	0	2170000			1				3500													1					护臂
瀚海雄风・亘绝之握	CustomArmor	10703	0	-1	-1	0	2170000			1				3500													1					护臂
傲世狂歌・狄笛	CustomWeapon	3038	0	-1	-1	0	2230000			1				6000													0					近程武器
傲世狂歌・狄笛	CustomWeapon	3039	0	-1	-1	0	2230000			1				6000													1					近程武器
傲世狂歌・阳澄笛	CustomWeapon	3065	0	-1	-1	0	2230000			1				6000													1					近程武器
傲世狂歌・阳澄笛	CustomWeapon	3066	0	-1	-1	0	2230000			1				6000													1					近程武器
瀚海雄风・雾涯笛	CustomWeapon	3067	0	-1	-1	0	3720000			1				6000													1					近程武器
瀚海雄风・雾涯笛	CustomWeapon	3068	0	-1	-1	0	3720000			1				6000													1					近程武器
瀚海雄风・仙瑜笛	CustomWeapon	3091	0	-1	-1	0	3720000			1				6000													1					近程武器
瀚海雄风・仙瑜笛	CustomWeapon	3092	0	-1	-1	0	3720000			1				6000													1					近程武器
傲世狂歌・狄囊	CustomWeapon	2879	0	-1	-1	0	1120000			1				3000													1					远程武器
傲世狂歌・狄囊	CustomWeapon	2880	0	-1	-1	0	1120000			1				3000													1					远程武器
傲世狂歌・阳澄囊	CustomWeapon	2881	0	-1	-1	0	1120000			1				3000													1					远程武器
傲世狂歌・阳澄囊	CustomWeapon	2882	0	-1	-1	0	1120000			1				3000													1					远程武器
瀚海雄风・雾涯囊	CustomWeapon	2883	0	-1	-1	0	1860000			1				3000													1					远程武器
瀚海雄风・雾涯囊	CustomWeapon	2884	0	-1	-1	0	1860000			1				3000													1					远程武器
瀚海雄风・仙瑜囊	CustomWeapon	2885	0	-1	-1	0	1860000			1				3000													1					远程武器
瀚海雄风・仙瑜囊	CustomWeapon	2886	0	-1	-1	0	1860000			1				3000													1					远程武器
瀚海雄风・雾涯衣	CustomArmor	6569	0	-1	-1	0	1860000			1				5000													1					上衣
瀚海雄风・雾涯衣	CustomArmor	6571	0	-1	-1	0	1860000			1				5000													1					上衣
瀚海雄风・仙瑜衣	CustomArmor	6581	0	-1	-1	0	1860000			1				5000													1					上衣
瀚海雄风・仙瑜衣	CustomArmor	6583	0	-1	-1	0	1860000			1				5000													1					上衣
瀚海雄风・雾涯衣	CustomArmor	6570	0	-1	-1	0	3100000			1				5000													1					上衣
瀚海雄风・雾涯衣	CustomArmor	6572	0	-1	-1	0	3100000			1				5000													1					上衣
瀚海雄风・仙瑜衣	CustomArmor	6582	0	-1	-1	0	3100000			1				5000													1					上衣
瀚海雄风・仙瑜衣	CustomArmor	6584	0	-1	-1	0	3100000			1				5000													1					上衣
瀚海雄风・雾涯冠	CustomArmor	6476	0	-1	-1	0	1680000			1				4500													1					头部
瀚海雄风・雾涯冠	CustomArmor	6478	0	-1	-1	0	1680000			1				4500													1					头部
瀚海雄风・仙瑜冠	CustomArmor	6485	0	-1	-1	0	1680000			1				4500													1					头部
瀚海雄风・仙瑜冠	CustomArmor	6487	0	-1	-1	0	1680000			1				4500													1					头部
瀚海雄风・雾涯冠	CustomArmor	6477	0	-1	-1	0	2790000			1				4500													1					头部
瀚海雄风・雾涯冠	CustomArmor	6479	0	-1	-1	0	2790000			1				4500													1					头部
瀚海雄风・仙瑜冠	CustomArmor	6486	0	-1	-1	0	2790000			1				4500													1					头部
瀚海雄风・仙瑜冠	CustomArmor	6488	0	-1	-1	0	2790000			1				4500													1					头部
瀚海雄风・雾涯腰带	CustomArmor	6807	0	-1	-1	0	1300000			1				3500													1					腰带
瀚海雄风・雾涯腰带	CustomArmor	6810	0	-1	-1	0	1300000			1				3500													1					腰带
瀚海雄风・仙瑜腰带	CustomArmor	6824	0	-1	-1	0	1300000			1				3500													1					腰带
瀚海雄风・仙瑜腰带	CustomArmor	6826	0	-1	-1	0	1300000			1				3500													1					腰带
瀚海雄风・雾涯腰带	CustomArmor	6808	0	-1	-1	0	2170000			1				3500													1					腰带
瀚海雄风・雾涯腰带	CustomArmor	6811	0	-1	-1	0	2170000			1				3500													1					腰带
瀚海雄风・仙瑜腰带	CustomArmor	6825	0	-1	-1	0	2170000			1				3500													1					腰带
瀚海雄风・仙瑜腰带	CustomArmor	6827	0	-1	-1	0	2170000			1				3500													1					腰带
瀚海雄风・雾涯裤	CustomArmor	6648	0	-1	-1	0	1860000			1				5000													1					裤子
瀚海雄风・雾涯裤	CustomArmor	6650	0	-1	-1	0	1860000			1				5000													1					裤子
瀚海雄风・仙瑜裤	CustomArmor	6653	0	-1	-1	0	1860000			1				5000													1					裤子
瀚海雄风・仙瑜裤	CustomArmor	6655	0	-1	-1	0	1860000			1				5000													1					裤子
瀚海雄风・雾涯裤	CustomArmor	6649	0	-1	-1	0	3100000			1				5000													1					裤子
瀚海雄风・雾涯裤	CustomArmor	6651	0	-1	-1	0	3100000			1				5000													1					裤子
瀚海雄风・仙瑜裤	CustomArmor	6654	0	-1	-1	0	3100000			1				5000													1					裤子
瀚海雄风・仙瑜裤	CustomArmor	6656	0	-1	-1	0	3100000			1				5000													1					裤子
瀚海雄风・雾涯靴	CustomArmor	6719	0	-1	-1	0	1300000			1				3500													1					鞋子
瀚海雄风・雾涯靴	CustomArmor	6721	0	-1	-1	0	1300000			1				3500													1					鞋子
瀚海雄风・仙瑜靴	CustomArmor	6736	0	-1	-1	0	1300000			1				3500													1					鞋子
瀚海雄风・仙瑜靴	CustomArmor	6738	0	-1	-1	0	1300000			1				3500													1					鞋子
瀚海雄风・雾涯靴	CustomArmor	6720	0	-1	-1	0	2170000			1				3500													1					鞋子
瀚海雄风・雾涯靴	CustomArmor	6722	0	-1	-1	0	2170000			1				3500													1					鞋子
瀚海雄风・仙瑜靴	CustomArmor	6737	0	-1	-1	0	2170000			1				3500													1					鞋子
瀚海雄风・仙瑜靴	CustomArmor	6739	0	-1	-1	0	2170000			1				3500													1					鞋子
瀚海雄风・雾涯护手	CustomArmor	6400	0	-1	-1	0	1300000			1				3500													1					护臂
瀚海雄风・雾涯护手	CustomArmor	6402	0	-1	-1	0	1300000			1				3500													1					护臂
瀚海雄风・仙瑜护手	CustomArmor	6405	0	-1	-1	0	1300000			1				3500													1					护臂
瀚海雄风・仙瑜护手	CustomArmor	6407	0	-1	-1	0	1300000			1				3500													1					护臂
瀚海雄风・雾涯护手	CustomArmor	6401	0	-1	-1	0	2170000			1				3500													1					护臂
瀚海雄风・雾涯护手	CustomArmor	6403	0	-1	-1	0	2170000			1				3500													1					护臂
瀚海雄风・仙瑜护手	CustomArmor	6406	0	-1	-1	0	2170000			1				3500													1					护臂
瀚海雄风・仙瑜护手	CustomArmor	6408	0	-1	-1	0	2170000			1				3500													1					护臂
傲世狂歌・承影笔	CustomWeapon	2618	0	-1	-1	0	2230000			1				6000													1					近程武器
傲世狂歌・桑夏笔	CustomWeapon	2625	0	-1	-1	0	2230000			1				6000													1					近程武器
傲世狂歌・承影笔	CustomWeapon	2721	0	-1	-1	0	2230000			1				6000													1					近程武器
傲世狂歌・桑夏笔	CustomWeapon	2728	0	-1	-1	0	2230000			1				6000													1					近程武器
瀚海雄风・靖波笔	CustomWeapon	2638	0	-1	-1	0	3720000			1				6000													1					近程武器
瀚海雄风・绛雪笔	CustomWeapon	2645	0	-1	-1	0	3720000			1				6000													1					近程武器
瀚海雄风・靖波笔	CustomWeapon	2741	0	-1	-1	0	3720000			1				6000													1					近程武器
瀚海雄风・绛雪笔	CustomWeapon	2748	0	-1	-1	0	3720000			1				6000													1					近程武器
傲世狂歌・承影囊	CustomWeapon	2671	0	-1	-1	0	1120000			1				3000													1					远程武器
傲世狂歌・桑夏囊	CustomWeapon	2672	0	-1	-1	0	1120000			1				3000													1					远程武器
傲世狂歌・承影囊	CustomWeapon	2752	0	-1	-1	0	1120000			1				3000													1					远程武器
傲世狂歌・桑夏囊	CustomWeapon	2753	0	-1	-1	0	1120000			1				3000													1					远程武器
瀚海雄风・靖波囊	CustomWeapon	2689	0	-1	-1	0	1860000			1				3000													1					远程武器
瀚海雄风・绛雪囊	CustomWeapon	2690	0	-1	-1	0	1860000			1				3000													1					远程武器
瀚海雄风・靖波囊	CustomWeapon	2770	0	-1	-1	0	1860000			1				3000													1					远程武器
瀚海雄风・绛雪囊	CustomWeapon	2771	0	-1	-1	0	1860000			1				3000													1					远程武器
瀚海雄风・靖波衣	CustomArmor	5788	0	-1	-1	0	1860000			1				5000													1					上衣
瀚海雄风・绛雪衣	CustomArmor	5806	0	-1	-1	0	1860000			1				5000													1					上衣
瀚海雄风・靖波衣	CustomArmor	6109	0	-1	-1	0	1860000			1				5000													1					上衣
瀚海雄风・绛雪衣	CustomArmor	6127	0	-1	-1	0	1860000			1				5000													1					上衣
瀚海雄风・靖波衣	CustomArmor	5896	0	-1	-1	0	3100000			1				5000													1					上衣
瀚海雄风・绛雪衣	CustomArmor	5914	0	-1	-1	0	3100000			1				5000													1					上衣
瀚海雄风・靖波衣	CustomArmor	6217	0	-1	-1	0	3100000			1				5000													1					上衣
瀚海雄风・绛雪衣	CustomArmor	6235	0	-1	-1	0	3100000			1				5000													1					上衣
瀚海雄风・靖波冠	CustomArmor	5791	0	-1	-1	0	1680000			1				4500													1					头部
瀚海雄风・绛雪冠	CustomArmor	5809	0	-1	-1	0	1680000			1				4500													1					头部
瀚海雄风・靖波冠	CustomArmor	6112	0	-1	-1	0	1680000			1				4500													1					头部
瀚海雄风・绛雪冠	CustomArmor	6130	0	-1	-1	0	1680000			1				4500													1					头部
瀚海雄风・靖波冠	CustomArmor	5899	0	-1	-1	0	2790000			1				4500													1					头部
瀚海雄风・绛雪冠	CustomArmor	5917	0	-1	-1	0	2790000			1				4500													1					头部
瀚海雄风・靖波冠	CustomArmor	6220	0	-1	-1	0	2790000			1				4500													1					头部
瀚海雄风・绛雪冠	CustomArmor	6238	0	-1	-1	0	2790000			1				4500													1					头部
瀚海雄风・靖波腰带	CustomArmor	5790	0	-1	-1	0	1300000			1				3500													1					腰带
瀚海雄风・绛雪腰带	CustomArmor	5808	0	-1	-1	0	1300000			1				3500													1					腰带
瀚海雄风・靖波腰带	CustomArmor	6111	0	-1	-1	0	1300000			1				3500													1					腰带
瀚海雄风・绛雪腰带	CustomArmor	6129	0	-1	-1	0	1300000			1				3500													1					腰带
瀚海雄风・靖波腰带	CustomArmor	5898	0	-1	-1	0	2170000			1				3500													1					腰带
瀚海雄风・绛雪腰带	CustomArmor	5916	0	-1	-1	0	2170000			1				3500													1					腰带
瀚海雄风・靖波腰带	CustomArmor	6219	0	-1	-1	0	2170000			1				3500													1					腰带
瀚海雄风・绛雪腰带	CustomArmor	6237	0	-1	-1	0	2170000			1				3500													1					腰带
瀚海雄风・靖波裤	CustomArmor	5789	0	-1	-1	0	1860000			1				5000													1					裤子
瀚海雄风・绛雪裤	CustomArmor	5807	0	-1	-1	0	1860000			1				5000													1					裤子
瀚海雄风・靖波裤	CustomArmor	6110	0	-1	-1	0	1860000			1				5000													1					裤子
瀚海雄风・绛雪裤	CustomArmor	6128	0	-1	-1	0	1860000			1				5000													1					裤子
瀚海雄风・靖波裤	CustomArmor	5897	0	-1	-1	0	3100000			1				5000													1					裤子
瀚海雄风・绛雪裤	CustomArmor	5915	0	-1	-1	0	3100000			1				5000													1					裤子
瀚海雄风・靖波裤	CustomArmor	6218	0	-1	-1	0	3100000			1				5000													1					裤子
瀚海雄风・绛雪裤	CustomArmor	6236	0	-1	-1	0	3100000			1				5000													1					裤子
瀚海雄风・靖波靴	CustomArmor	5792	0	-1	-1	0	1300000			1				3500													1					鞋子
瀚海雄风・绛雪靴	CustomArmor	5810	0	-1	-1	0	1300000			1				3500													1					鞋子
瀚海雄风・靖波靴	CustomArmor	6113	0	-1	-1	0	1300000			1				3500													1					鞋子
瀚海雄风・绛雪靴	CustomArmor	6131	0	-1	-1	0	1300000			1				3500													1					鞋子
瀚海雄风・靖波靴	CustomArmor	5900	0	-1	-1	0	2170000			1				3500													1					鞋子
瀚海雄风・绛雪靴	CustomArmor	5918	0	-1	-1	0	2170000			1				3500													1					鞋子
瀚海雄风・靖波靴	CustomArmor	6221	0	-1	-1	0	2170000			1				3500													1					鞋子
瀚海雄风・绛雪靴	CustomArmor	6239	0	-1	-1	0	2170000			1				3500													1					鞋子
瀚海雄风・靖波护手	CustomArmor	5793	0	-1	-1	0	1300000			1				3500													1					护臂
瀚海雄风・绛雪护手	CustomArmor	5811	0	-1	-1	0	1300000			1				3500													1					护臂
瀚海雄风・靖波护手	CustomArmor	6114	0	-1	-1	0	1300000			1				3500													1					护臂
瀚海雄风・绛雪护手	CustomArmor	6132	0	-1	-1	0	1300000			1				3500													1					护臂
瀚海雄风・靖波护手	CustomArmor	5901	0	-1	-1	0	2170000			1				3500													1					护臂
瀚海雄风・绛雪护手	CustomArmor	5919	0	-1	-1	0	2170000			1				3500													1					护臂
瀚海雄风・靖波护手	CustomArmor	6222	0	-1	-1	0	2170000			1				3500													1					护臂
瀚海雄风・绛雪护手	CustomArmor	6240	0	-1	-1	0	2170000			1				3500													1					护臂
傲世狂歌・如归血指	CustomArmor	24185	0	-1	-1	0	1300000			1				3500													1					护臂
傲世狂歌・如归血指	CustomArmor	24186	0	-1	-1	0	1300000			1				3500													1					护臂
傲世狂歌・如归之冠	CustomArmor	24193	0	-1	-1	0	1680000			1				4500													1					头部
傲世狂歌・如归之冠	CustomArmor	24194	0	-1	-1	0	1680000			1				4500													1					头部
傲世狂歌・如归之束	CustomArmor	24201	0	-1	-1	0	1300000			1				3500													1					腰带
傲世狂歌・如归之束	CustomArmor	24202	0	-1	-1	0	1300000			1				3500													1					腰带
傲世狂歌・如归护胸	CustomArmor	24209	0	-1	-1	0	1860000			1				5000													1					上衣
傲世狂歌・如归护胸	CustomArmor	24210	0	-1	-1	0	1860000			1				5000													1					上衣
傲世狂歌・如归裤	CustomArmor	24217	0	-1	-1	0	1860000			1				5000													1					裤子
傲世狂歌・如归裤	CustomArmor	24218	0	-1	-1	0	1860000			1				5000													1					裤子
傲世狂歌・如归靴	CustomArmor	24225	0	-1	-1	0	1300000			1				3500													1					鞋子
傲世狂歌・如归靴	CustomArmor	24226	0	-1	-1	0	1300000			1				3500													1					鞋子
傲世狂歌・如归囊	CustomWeapon	9589	0	-1	-1	0	1120000			1				3000													1					远程武器
傲世狂歌・如归囊	CustomWeapon	9590	0	-1	-1	0	1120000			1				3000													1					远程武器
傲世狂歌・如归刀	CustomWeapon	9593	0	-1	-1	0	2230000			1				6000													1					近程武器
傲世狂歌・如归刀	CustomWeapon	9594	0	-1	-1	0	2230000			1				6000													1					近程武器
瀚海雄风・承恩之握	CustomArmor	24187	0	-1	-1	0	2170000			1				3500													1					护臂
瀚海雄风・承恩束手	CustomArmor	24188	0	-1	-1	0	2170000			1				3500													1					护臂
瀚海雄风・承恩之目	CustomArmor	24195	0	-1	-1	0	2790000			1				4500													1					头部
瀚海雄风・承恩面甲	CustomArmor	24196	0	-1	-1	0	2790000			1				4500													1					头部
瀚海雄风・承恩束腰	CustomArmor	24203	0	-1	-1	0	2170000			1				3500													1					腰带
瀚海雄风・承恩束带	CustomArmor	24204	0	-1	-1	0	2170000			1				3500													1					腰带
瀚海雄风・承恩胸甲	CustomArmor	24211	0	-1	-1	0	3100000			1				5000													1					上衣
瀚海雄风・承恩胸甲	CustomArmor	24212	0	-1	-1	0	3100000			1				5000													1					上衣
瀚海雄风・承恩裤	CustomArmor	24219	0	-1	-1	0	3100000			1				5000													1					裤子
瀚海雄风・承恩裤	CustomArmor	24220	0	-1	-1	0	3100000			1				5000													1					裤子
瀚海雄风・承恩靴	CustomArmor	24227	0	-1	-1	0	2170000			1				3500													1					鞋子
瀚海雄风・承恩靴	CustomArmor	24228	0	-1	-1	0	2170000			1				3500													1					鞋子
瀚海雄风・承恩囊	CustomWeapon	9597	0	-1	-1	0	1860000			1				3000													1					远程武器
瀚海雄风・承恩囊	CustomWeapon	9598	0	-1	-1	0	1860000			1				3000													1					远程武器
瀚海雄风・承恩刀	CustomWeapon	9601	0	-1	-1	0	3720000			1				6000													1					近程武器
瀚海雄风・承恩刀	CustomWeapon	9602	0	-1	-1	0	3720000			1				6000													1					近程武器
桀骜千夜・赤苏束腕	CustomArmor	13857	0	-1	-1	0	1120000			1				5000													1					护臂
桀骜千夜・赤苏腕甲	CustomArmor	13858	0	-1	-1	0	1120000			1				5000													1					护臂
桀骜千夜・赤苏之冠	CustomArmor	13861	0	-1	-1	0	1440000			1				5000													1					头部
桀骜千夜・赤苏头饰	CustomArmor	13862	0	-1	-1	0	1440000			1				5000													1					头部
桀骜千夜・赤苏束带	CustomArmor	13865	0	-1	-1	0	1120000			1				5000													1					腰带
桀骜千夜・赤苏之环	CustomArmor	13866	0	-1	-1	0	1120000			1				5000													1					腰带
桀骜千夜・赤苏长衫	CustomArmor	13869	0	-1	-1	0	1600000			1				5000													1					上衣
桀骜千夜・赤苏法袍	CustomArmor	13870	0	-1	-1	0	1600000			1				5000													1					上衣
桀骜千夜・赤苏裹腿	CustomArmor	13873	0	-1	-1	0	1600000			1				5000													1					裤子
桀骜千夜・赤苏绑腿	CustomArmor	13874	0	-1	-1	0	1600000			1				5000													1					裤子
桀骜千夜・赤苏护足	CustomArmor	13877	0	-1	-1	0	1120000			1				5000													1					鞋子
桀骜千夜・赤苏胫甲	CustomArmor	13878	0	-1	-1	0	1120000			1				5000													1					鞋子
傲世狂歌・猛峻血指	CustomArmor	13881	0	-1	-1	0	1300000			1				5000													1					护臂
傲世狂歌・猛峻血指	CustomArmor	13882	0	-1	-1	0	1300000			1				5000													1					护臂
瀚海雄风・夺炎之握	CustomArmor	13905	0	-1	-1	0	2170000			1				5000													1					护臂
瀚海雄风・夺炎束手	CustomArmor	13906	0	-1	-1	0	2170000			1				5000													1					护臂
傲世狂歌・猛峻之冠	CustomArmor	13885	0	-1	-1	0	1680000			1				5000													1					头部
傲世狂歌・猛峻之冠	CustomArmor	13886	0	-1	-1	0	1680000			1				5000													1					头部
瀚海雄风・夺炎之目	CustomArmor	13909	0	-1	-1	0	2790000			1				5000													1					头部
瀚海雄风・夺炎面甲	CustomArmor	13910	0	-1	-1	0	2790000			1				5000													1					头部
傲世狂歌・猛峻之束	CustomArmor	13889	0	-1	-1	0	1300000			1				5000													1					腰带
傲世狂歌・猛峻之束	CustomArmor	13890	0	-1	-1	0	1300000			1				5000													1					腰带
瀚海雄风・夺炎束腰	CustomArmor	13913	0	-1	-1	0	2170000			1				5000													1					腰带
瀚海雄风・夺炎束带	CustomArmor	13914	0	-1	-1	0	2170000			1				5000													1					腰带
傲世狂歌・猛峻护胸	CustomArmor	13893	0	-1	-1	0	1860000			1				5000													1					上衣
傲世狂歌・猛峻护胸	CustomArmor	13894	0	-1	-1	0	1860000			1				5000													1					上衣
瀚海雄风・夺炎胸甲	CustomArmor	13917	0	-1	-1	0	3100000			1				5000													1					上衣
瀚海雄风・夺炎胸甲	CustomArmor	13918	0	-1	-1	0	3100000			1				5000													1					上衣
傲世狂歌・猛峻裤	CustomArmor	13897	0	-1	-1	0	1860000			1				5000													1					裤子
傲世狂歌・猛峻裤	CustomArmor	13898	0	-1	-1	0	1860000			1				5000													1					裤子
瀚海雄风・夺炎裤	CustomArmor	13921	0	-1	-1	0	3100000			1				5000													1					裤子
瀚海雄风・夺炎裤	CustomArmor	13922	0	-1	-1	0	3100000			1				5000													1					裤子
傲世狂歌・猛峻靴	CustomArmor	13901	0	-1	-1	0	1300000			1				5000													1					鞋子
傲世狂歌・猛峻靴	CustomArmor	13902	0	-1	-1	0	1300000			1				5000													1					鞋子
瀚海雄风・夺炎靴	CustomArmor	13925	0	-1	-1	0	2170000			1				5000													1					鞋子
瀚海雄风・夺炎靴	CustomArmor	13926	0	-1	-1	0	2170000			1				5000													1					鞋子
桀骜千夜・沉毅护臂	CustomArmor	20121	0	-1	-1	0	1120000			1				5000													1					护臂
桀骜千夜・沉毅护腕	CustomArmor	20122	0	-1	-1	0	1120000			1				5000													1					护臂
桀骜千夜・沉毅头带	CustomArmor	20125	0	-1	-1	0	1440000			1				5000													1					头部
桀骜千夜・沉毅头巾	CustomArmor	20126	0	-1	-1	0	1440000			1				5000													1					头部
桀骜千夜・沉毅腰带	CustomArmor	20129	0	-1	-1	0	1120000			1				5000													1					腰带
桀骜千夜・沉毅护腰	CustomArmor	20130	0	-1	-1	0	1120000			1				5000													1					腰带
桀骜千夜・沉毅长衫	CustomArmor	20133	0	-1	-1	0	1600000			1				5000													1					上衣
桀骜千夜・沉毅胸甲	CustomArmor	20134	0	-1	-1	0	1600000			1				5000													1					上衣
桀骜千夜・沉毅长裤	CustomArmor	20137	0	-1	-1	0	1600000			1				5000													1					裤子
桀骜千夜・沉毅绑腿	CustomArmor	20138	0	-1	-1	0	1600000			1				5000													1					裤子
桀骜千夜・沉毅战靴	CustomArmor	20141	0	-1	-1	0	1120000			1				5000													1					鞋子
桀骜千夜・沉毅马靴	CustomArmor	20142	0	-1	-1	0	1120000			1				5000													1					鞋子
傲世狂歌・潮青腕甲	CustomArmor	20147	0	-1	-1	0	1300000			1				5000													1					护臂
傲世狂歌・潮青束腕	CustomArmor	20148	0	-1	-1	0	1300000			1				5000													1					护臂
瀚海雄风・彰焰腕甲	CustomArmor	20149	0	-1	-1	0	2170000			1				5000													1					护臂
瀚海雄风・彰焰束腕	CustomArmor	20150	0	-1	-1	0	2170000			1				5000													1					护臂
傲世狂歌・潮青皮帽	CustomArmor	20155	0	-1	-1	0	1680000			1				5000													1					头部
傲世狂歌・潮青冠	CustomArmor	20156	0	-1	-1	0	1680000			1				5000													1					头部
瀚海雄风・彰焰皮帽	CustomArmor	20157	0	-1	-1	0	2790000			1				5000													1					头部
瀚海雄风・彰焰冠	CustomArmor	20158	0	-1	-1	0	2790000			1				5000													1					头部
傲世狂歌・潮青裹腰	CustomArmor	20163	0	-1	-1	0	1300000			1				5000													1					腰带
傲世狂歌・潮青束带	CustomArmor	20164	0	-1	-1	0	1300000			1				5000													1					腰带
瀚海雄风・彰焰裹腰	CustomArmor	20165	0	-1	-1	0	2170000			1				5000													1					腰带
瀚海雄风・彰焰束带	CustomArmor	20166	0	-1	-1	0	2170000			1				5000													1					腰带
傲世狂歌・潮青长袍	CustomArmor	20171	0	-1	-1	0	1860000			1				5000													1					上衣
傲世狂歌・潮青战衣	CustomArmor	20172	0	-1	-1	0	1860000			1				5000													1					上衣
瀚海雄风・彰焰长袍	CustomArmor	20173	0	-1	-1	0	3100000			1				5000													1					上衣
瀚海雄风・彰焰战衣	CustomArmor	20174	0	-1	-1	0	3100000			1				5000													1					上衣
傲世狂歌・潮青裤	CustomArmor	20179	0	-1	-1	0	1860000			1				5000													1					裤子
傲世狂歌・潮青裤	CustomArmor	20180	0	-1	-1	0	1860000			1				5000													1					裤子
瀚海雄风・彰焰裤	CustomArmor	20181	0	-1	-1	0	3100000			1				5000													1					裤子
瀚海雄风・彰焰裤	CustomArmor	20182	0	-1	-1	0	3100000			1				5000													1					裤子
傲世狂歌・潮青靴	CustomArmor	20187	0	-1	-1	0	1300000			1				5000													1					鞋子
傲世狂歌・潮青靴	CustomArmor	20188	0	-1	-1	0	1300000			1				5000													1					鞋子
瀚海雄风・彰焰靴	CustomArmor	20189	0	-1	-1	0	2170000			1				5000													1					鞋子
瀚海雄风・彰焰靴	CustomArmor	20190	0	-1	-1	0	2170000			1				5000													1					鞋子
傲世狂歌・猛峻囊	CustomWeapon	5981	0	-1	-1	0	1120000			1				3000													1					远程武器
傲世狂歌・猛峻囊	CustomWeapon	5982	0	-1	-1	0	1120000			1				3000													1					远程武器
傲世狂歌・猛峻刀	CustomWeapon	5985	0	-1	-1	0	2230000			1				6000													1					近程武器
傲世狂歌・猛峻刀	CustomWeapon	5986	0	-1	-1	0	2230000			1				6000													1					近程武器
瀚海雄风・夺炎囊	CustomWeapon	5989	0	-1	-1	0	1860000			1				3000													1					远程武器
瀚海雄风・夺炎囊	CustomWeapon	5990	0	-1	-1	0	1860000			1				3000													1					远程武器
瀚海雄风・夺炎刀	CustomWeapon	5993	0	-1	-1	0	3720000			1				6000													1					近程武器
瀚海雄风・夺炎刀	CustomWeapon	5994	0	-1	-1	0	3720000			1				6000													1					近程武器
瀚海雄风・彰焰囊	CustomWeapon	6859	0	-1	-1	0	1860000			1				3000													1					远程武器
瀚海雄风・彰焰囊	CustomWeapon	6860	0	-1	-1	0	1860000			1				3000													1					远程武器
瀚海雄风・彰焰棒	CustomWeapon	6863	0	-1	-1	0	3720000			1				6000													1					近程武器
瀚海雄风・彰焰棒	CustomWeapon	6864	0	-1	-1	0	3720000			1				6000													1					近程武器
傲世狂歌・潮青棒	CustomWeapon	6855	0	-1	-1	0	2230000			1				6000													1					近程武器
傲世狂歌・潮青棒	CustomWeapon	6856	0	-1	-1	0	2230000			1				6000													1					近程武器
傲世狂歌・潮青囊	CustomWeapon	6851	0	-1	-1	0	1120000			1				3000													1					远程武器
傲世狂歌・潮青囊	CustomWeapon	6852	0	-1	-1	0	1120000			1				3000													1					远程武器
