Name	TabType	ItemIndex	RandSeed	CountLimit	Durability	ReputeLevel	Price	RequireAchievementRecord	RequireLevel	IsValid	CoinType1	CoinAmount1	Contribution	Prestige	AchievementPoint	ItemType1	ItemIndex1	ItemCount1	MentorValue	RequireTitle	Justice	ExamPrint	ArenaAward	ActivityAward	RequireCorpsValue	MaskCorpsNeedToCheck	CanReturn	TongReputation	TongFund	RequireArenaLevel	RequireArenaLevelExcept2v2	Position
浩气正宗・玄寂袍	CustomArmor	3122	0	-1	-1	0	1600000			1				3200													1					上衣
浩气正宗・霁云衫	CustomArmor	3123	0	-1	-1	0	1600000			1				3200													1					上衣
浩气正宗・雪隐衫	CustomArmor	3124	0	-1	-1	0	1600000			1				3200													1					上衣
浩气正宗・瑶光裳	CustomArmor	3125	0	-1	-1	0	1600000			1				3200													1					上衣
浩气正宗・青莲裳	CustomArmor	3126	0	-1	-1	0	1600000			1				3200													1					上衣
浩气正宗・紫霄衣	CustomArmor	3127	0	-1	-1	0	1600000			1				3200													1					上衣
浩气正宗・上清衣	CustomArmor	3128	0	-1	-1	0	1600000			1				3200													1					上衣
浩气正宗・鹰扬铠	CustomArmor	3129	0	-1	-1	0	1600000			1				3200													1					上衣
浩气正宗・逸风铠	CustomArmor	4883	0	-1	-1	0	1600000			1				3200													1					上衣
浩气正宗・弥麟衣	CustomArmor	10624	0	-1	-1	0	1600000			1				3200													1					上衣
浩气正宗・慎静服	CustomArmor	10625	0	-1	-1	0	1600000			1				3200													1					上衣
浩气正宗・弥麟袍	CustomArmor	10626	0	-1	-1	0	1600000			1				3200													1					上衣
浩气正宗・慎静衫	CustomArmor	10627	0	-1	-1	0	1600000			1				3200													1					上衣
浩气正宗・赫玮衫	CustomArmor	6585	0	-1	-1	0	1600000			1				3200													1					上衣
浩气正宗・辟罹衣	CustomArmor	6586	0	-1	-1	0	1600000			1				3200													1					上衣
浩气正宗・玄寂笠	CustomArmor	2833	0	-1	-1	0	1440000			1				2900													1					头部
浩气正宗・霁云帽	CustomArmor	2834	0	-1	-1	0	1440000			1				2900													1					头部
浩气正宗・雪隐帽	CustomArmor	2835	0	-1	-1	0	1440000			1				2900													1					头部
浩气正宗・瑶光钗	CustomArmor	2836	0	-1	-1	0	1440000			1				2900													1					头部
浩气正宗・青莲钗	CustomArmor	2837	0	-1	-1	0	1440000			1				2900													1					头部
浩气正宗・紫霄冠	CustomArmor	2838	0	-1	-1	0	1440000			1				2900													1					头部
浩气正宗・上清冠	CustomArmor	2839	0	-1	-1	0	1440000			1				2900													1					头部
浩气正宗・鹰扬盔	CustomArmor	2840	0	-1	-1	0	1440000			1				2900													1					头部
浩气正宗・逸风盔	CustomArmor	4881	0	-1	-1	0	1440000			1				2900													1					头部
浩气正宗・弥麟冠	CustomArmor	10608	0	-1	-1	0	1440000			1				2900													1					头部
浩气正宗・慎静帽	CustomArmor	10609	0	-1	-1	0	1440000			1				2900													1					头部
浩气正宗・弥麟笠	CustomArmor	10610	0	-1	-1	0	1440000			1				2900													1					头部
浩气正宗・慎静顶戴	CustomArmor	10611	0	-1	-1	0	1440000			1				2900													1					头部
浩气正宗・赫玮帽	CustomArmor	6489	0	-1	-1	0	1440000			1				2900													1					头部
浩气正宗・辟罹冠	CustomArmor	6490	0	-1	-1	0	1440000			1				2900													1					头部
浩气正宗・玄寂围腰	CustomArmor	3953	0	-1	-1	0	1120000			1				2300													1					腰带
浩气正宗・霁云围腰	CustomArmor	3954	0	-1	-1	0	1120000			1				2300													1					腰带
浩气正宗・雪隐围腰	CustomArmor	3955	0	-1	-1	0	1120000			1				2300													1					腰带
浩气正宗・瑶光裹腰	CustomArmor	3956	0	-1	-1	0	1120000			1				2300													1					腰带
浩气正宗・青莲裹腰	CustomArmor	3957	0	-1	-1	0	1120000			1				2300													1					腰带
浩气正宗・紫霄护腰	CustomArmor	3958	0	-1	-1	0	1120000			1				2300													1					腰带
浩气正宗・上清护腰	CustomArmor	3959	0	-1	-1	0	1120000			1				2300													1					腰带
浩气正宗・鹰扬腰带	CustomArmor	3960	0	-1	-1	0	1120000			1				2300													1					腰带
浩气正宗・逸风腰带	CustomArmor	4889	0	-1	-1	0	1120000			1				2300													1					腰带
浩气正宗・弥麟束带	CustomArmor	10616	0	-1	-1	0	1120000			1				2300													1					腰带
浩气正宗・慎静裹腰	CustomArmor	10617	0	-1	-1	0	1120000			1				2300													1					腰带
浩气正宗・弥麟护腰	CustomArmor	10618	0	-1	-1	0	1120000			1				2300													1					腰带
浩气正宗・慎静腰带	CustomArmor	10619	0	-1	-1	0	1120000			1				2300													1					腰带
浩气正宗・赫玮束带	CustomArmor	6828	0	-1	-1	0	1120000			1				2300													1					腰带
浩气正宗・辟罹腰带	CustomArmor	6829	0	-1	-1	0	1120000			1				2300													1					腰带
浩气正宗・玄寂襟	CustomArmor	3408	0	-1	-1	0	1600000			1				3200													1					裤子
浩气正宗・霁云裤	CustomArmor	3409	0	-1	-1	0	1600000			1				3200													1					裤子
浩气正宗・雪隐裤	CustomArmor	3410	0	-1	-1	0	1600000			1				3200													1					裤子
浩气正宗・瑶光裙	CustomArmor	3411	0	-1	-1	0	1600000			1				3200													1					裤子
浩气正宗・青莲裙	CustomArmor	3412	0	-1	-1	0	1600000			1				3200													1					裤子
浩气正宗・紫霄裤	CustomArmor	3413	0	-1	-1	0	1600000			1				3200													1					裤子
浩气正宗・上清裤	CustomArmor	3414	0	-1	-1	0	1600000			1				3200													1					裤子
浩气正宗・鹰扬甲	CustomArmor	3415	0	-1	-1	0	1600000			1				3200													1					裤子
浩气正宗・逸风甲	CustomArmor	4885	0	-1	-1	0	1600000			1				3200													1					裤子
浩气正宗・弥麟长裤	CustomArmor	10632	0	-1	-1	0	1600000			1				3200													1					裤子
浩气正宗・慎静护腿	CustomArmor	10633	0	-1	-1	0	1600000			1				3200													1					裤子
浩气正宗・弥麟腿甲	CustomArmor	10634	0	-1	-1	0	1600000			1				3200													1					裤子
浩气正宗・慎静胫甲	CustomArmor	10635	0	-1	-1	0	1600000			1				3200													1					裤子
浩气正宗・赫玮裤	CustomArmor	6657	0	-1	-1	0	1600000			1				3200													1					裤子
浩气正宗・辟罹裤	CustomArmor	6658	0	-1	-1	0	1600000			1				3200													1					裤子
浩气正宗・玄寂鞋	CustomArmor	3689	0	-1	-1	0	1120000			1				2300													1					鞋子
浩气正宗・霁云靴	CustomArmor	3690	0	-1	-1	0	1120000			1				2300													1					鞋子
浩气正宗・雪隐靴	CustomArmor	3691	0	-1	-1	0	1120000			1				2300													1					鞋子
浩气正宗・瑶光踏	CustomArmor	3692	0	-1	-1	0	1120000			1				2300													1					鞋子
浩气正宗・青莲踏	CustomArmor	3693	0	-1	-1	0	1120000			1				2300													1					鞋子
浩气正宗・紫霄履	CustomArmor	3694	0	-1	-1	0	1120000			1				2300													1					鞋子
浩气正宗・上清履	CustomArmor	3695	0	-1	-1	0	1120000			1				2300													1					鞋子
浩气正宗・鹰扬靴	CustomArmor	3696	0	-1	-1	0	1120000			1				2300													1					鞋子
浩气正宗・逸风靴	CustomArmor	4887	0	-1	-1	0	1120000			1				2300													1					鞋子
浩气正宗・弥麟靴	CustomArmor	10640	0	-1	-1	0	1120000			1				2300													1					鞋子
浩气正宗・慎静履	CustomArmor	10641	0	-1	-1	0	1120000			1				2300													1					鞋子
浩气正宗・弥麟屐	CustomArmor	10642	0	-1	-1	0	1120000			1				2300													1					鞋子
浩气正宗・慎静鞋	CustomArmor	10643	0	-1	-1	0	1120000			1				2300													1					鞋子
浩气正宗・赫玮履	CustomArmor	6740	0	-1	-1	0	1120000			1				2300													1					鞋子
浩气正宗・辟罹靴	CustomArmor	6741	0	-1	-1	0	1120000			1				2300													1					鞋子
浩气正宗・玄寂腕箍	CustomArmor	2562	0	-1	-1	0	1120000			1				2300													1					护臂
浩气正宗・霁云护腕	CustomArmor	2563	0	-1	-1	0	1120000			1				2300													1					护臂
浩气正宗・雪隐护腕	CustomArmor	2564	0	-1	-1	0	1120000			1				2300													1					护臂
浩气正宗・瑶光袖	CustomArmor	2565	0	-1	-1	0	1120000			1				2300													1					护臂
浩气正宗・青莲袖	CustomArmor	2566	0	-1	-1	0	1120000			1				2300													1					护臂
浩气正宗・紫霄护手	CustomArmor	2567	0	-1	-1	0	1120000			1				2300													1					护臂
浩气正宗・上清护手	CustomArmor	2568	0	-1	-1	0	1120000			1				2300													1					护臂
浩气正宗・鹰扬护臂	CustomArmor	2569	0	-1	-1	0	1120000			1				2300													1					护臂
浩气正宗・逸风护臂	CustomArmor	4879	0	-1	-1	0	1120000			1				2300													1					护臂
浩气正宗・弥麟护手	CustomArmor	10600	0	-1	-1	0	1120000			1				2300													1					护臂
浩气正宗・慎静护腕	CustomArmor	10601	0	-1	-1	0	1120000			1				2300													1					护臂
浩气正宗・弥麟之握	CustomArmor	10602	0	-1	-1	0	1120000			1				2300													1					护臂
浩气正宗・慎静束腕	CustomArmor	10603	0	-1	-1	0	1120000			1				2300													1					护臂
浩气正宗・赫玮护腕	CustomArmor	6409	0	-1	-1	0	1120000			1				2300													1					护臂
浩气正宗・辟罹护手	CustomArmor	6410	0	-1	-1	0	1120000			1				2300													1					护臂
浩气正宗・承道护手	CustomArmor	24157	0	-1	-1	0	1120000			1				2300													1					护臂
浩气正宗・承道护腕	CustomArmor	24158	0	-1	-1	0	1120000			1				2300													1					护臂
浩气正宗・承道兜帽	CustomArmor	24161	0	-1	-1	0	1440000			1				2900													1					头部
浩气正宗・承道软帽	CustomArmor	24162	0	-1	-1	0	1440000			1				2900													1					头部
浩气正宗・承道腰带	CustomArmor	24165	0	-1	-1	0	1120000			1				2300													1					腰带
浩气正宗・承道裹腰	CustomArmor	24166	0	-1	-1	0	1120000			1				2300													1					腰带
浩气正宗・承道护胸	CustomArmor	24169	0	-1	-1	0	1600000			1				3200													1					上衣
浩气正宗・承道胸甲	CustomArmor	24170	0	-1	-1	0	1600000			1				3200													1					上衣
浩气正宗・承道长裤	CustomArmor	24173	0	-1	-1	0	1600000			1				3200													1					裤子
浩气正宗・承道护腿	CustomArmor	24174	0	-1	-1	0	1600000			1				3200													1					裤子
浩气正宗・承道战靴	CustomArmor	24177	0	-1	-1	0	1120000			1				2300													1					鞋子
浩气正宗・承道马靴	CustomArmor	24178	0	-1	-1	0	1120000			1				2300													1					鞋子
义薄云天・昌黎刺	CustomWeapon	2616	0	-1	-1	0	2230000			1				6000													1					近程武器
义薄云天・昌黎刺	CustomWeapon	2719	0	-1	-1	0	2230000			1				6000													1					近程武器
铁血丹心・凌风刺	CustomWeapon	2636	0	-1	-1	0	3720000			1				6000													1					近程武器
铁血丹心・凌风刺	CustomWeapon	2739	0	-1	-1	0	3720000			1				6000													1					近程武器
义薄云天・昌黎剑	CustomWeapon	2617	0	-1	-1	0	2230000			1				6000													1					近程武器
义薄云天・昌黎剑	CustomWeapon	2720	0	-1	-1	0	2230000			1				6000													1					近程武器
铁血丹心・凌风剑	CustomWeapon	2637	0	-1	-1	0	3720000			1				6000													1					近程武器
铁血丹心・凌风剑	CustomWeapon	2740	0	-1	-1	0	3720000			1				6000													1					近程武器
义薄云天・昌黎囊	CustomWeapon	2687	0	-1	-1	0	1120000			1				3000													1					远程武器
义薄云天・昌黎囊	CustomWeapon	2768	0	-1	-1	0	1120000			1				3000													1					远程武器
铁血丹心・凌风囊	CustomWeapon	2705	0	-1	-1	0	1860000			1				3000													1					远程武器
铁血丹心・凌风囊	CustomWeapon	2786	0	-1	-1	0	1860000			1				3000													1					远程武器
铁血丹心・凌风衣	CustomArmor	5722	0	-1	-1	0	1860000			1				5000													1					上衣
铁血丹心・凌风衣	CustomArmor	6043	0	-1	-1	0	1860000			1				5000													1					上衣
铁血丹心・凌风衣	CustomArmor	5830	0	-1	-1	0	3100000			1				5000													1					上衣
铁血丹心・凌风衣	CustomArmor	6151	0	-1	-1	0	3100000			1				5000													1					上衣
铁血丹心・凌风冠	CustomArmor	5725	0	-1	-1	0	1680000			1				4500													1					头部
铁血丹心・凌风冠	CustomArmor	6046	0	-1	-1	0	1680000			1				4500													1					头部
铁血丹心・凌风冠	CustomArmor	5833	0	-1	-1	0	2790000			1				4500													1					头部
铁血丹心・凌风冠	CustomArmor	6154	0	-1	-1	0	2790000			1				4500													1					头部
铁血丹心・凌风腰带	CustomArmor	5724	0	-1	-1	0	1300000			1				3500													1					腰带
铁血丹心・凌风腰带	CustomArmor	6045	0	-1	-1	0	1300000			1				3500													1					腰带
铁血丹心・凌风腰带	CustomArmor	5832	0	-1	-1	0	2170000			1				3500													1					腰带
铁血丹心・凌风腰带	CustomArmor	6153	0	-1	-1	0	2170000			1				3500													1					腰带
铁血丹心・凌风裤	CustomArmor	5723	0	-1	-1	0	1860000			1				5000													1					裤子
铁血丹心・凌风裤	CustomArmor	6044	0	-1	-1	0	1860000			1				5000													1					裤子
铁血丹心・凌风裤	CustomArmor	5831	0	-1	-1	0	3100000			1				5000													1					裤子
铁血丹心・凌风裤	CustomArmor	6152	0	-1	-1	0	3100000			1				5000													1					裤子
铁血丹心・凌风靴	CustomArmor	5726	0	-1	-1	0	1300000			1				3500													1					鞋子
铁血丹心・凌风靴	CustomArmor	6047	0	-1	-1	0	1300000			1				3500													1					鞋子
铁血丹心・凌风靴	CustomArmor	5834	0	-1	-1	0	2170000			1				3500													1					鞋子
铁血丹心・凌风靴	CustomArmor	6155	0	-1	-1	0	2170000			1				3500													1					鞋子
铁血丹心・凌风护手	CustomArmor	5727	0	-1	-1	0	1300000			1				3500													1					护臂
铁血丹心・凌风护手	CustomArmor	6048	0	-1	-1	0	1300000			1				3500													1					护臂
铁血丹心・凌风护手	CustomArmor	5835	0	-1	-1	0	2170000			1				3500													1					护臂
铁血丹心・凌风护手	CustomArmor	6156	0	-1	-1	0	2170000			1				3500													1					护臂
义薄云天・太霄剑	CustomWeapon	2612	0	-1	-1	0	2230000			1				6000													1					近程武器
义薄云天・灵霄剑	CustomWeapon	2613	0	-1	-1	0	2230000			1				6000													1					近程武器
义薄云天・太霄剑	CustomWeapon	2715	0	-1	-1	0	2230000			1				6000													1					近程武器
义薄云天・灵霄剑	CustomWeapon	2716	0	-1	-1	0	2230000			1				6000													1					近程武器
铁血丹心・太虚剑	CustomWeapon	2632	0	-1	-1	0	3720000			1				6000													1					近程武器
铁血丹心・灵虚剑	CustomWeapon	2633	0	-1	-1	0	3720000			1				6000													1					近程武器
铁血丹心・太虚剑	CustomWeapon	2735	0	-1	-1	0	3720000			1				6000													1					近程武器
铁血丹心・灵虚剑	CustomWeapon	2736	0	-1	-1	0	3720000			1				6000													1					近程武器
义薄云天・灵霄囊	CustomWeapon	2684	0	-1	-1	0	1120000			1				3000													1					远程武器
义薄云天・太霄囊	CustomWeapon	2685	0	-1	-1	0	1120000			1				3000													1					远程武器
义薄云天・灵霄囊	CustomWeapon	2765	0	-1	-1	0	1120000			1				3000													1					远程武器
义薄云天・太霄囊	CustomWeapon	2766	0	-1	-1	0	1120000			1				3000													1					远程武器
铁血丹心・灵虚囊	CustomWeapon	2702	0	-1	-1	0	1860000			1				3000													1					远程武器
铁血丹心・太虚囊	CustomWeapon	2703	0	-1	-1	0	1860000			1				3000													1					远程武器
铁血丹心・灵虚囊	CustomWeapon	2783	0	-1	-1	0	1860000			1				3000													1					远程武器
铁血丹心・太虚囊	CustomWeapon	2784	0	-1	-1	0	1860000			1				3000													1					远程武器
铁血丹心・太虚衣	CustomArmor	5716	0	-1	-1	0	1860000			1				5000													1					上衣
铁血丹心・灵虚衣	CustomArmor	5728	0	-1	-1	0	1860000			1				5000													1					上衣
铁血丹心・太虚衣	CustomArmor	6037	0	-1	-1	0	1860000			1				5000													1					上衣
铁血丹心・灵虚衣	CustomArmor	6049	0	-1	-1	0	1860000			1				5000													1					上衣
铁血丹心・太虚衣	CustomArmor	5824	0	-1	-1	0	3100000			1				5000													1					上衣
铁血丹心・灵虚衣	CustomArmor	5836	0	-1	-1	0	3100000			1				5000													1					上衣
铁血丹心・太虚衣	CustomArmor	6145	0	-1	-1	0	3100000			1				5000													1					上衣
铁血丹心・灵虚衣	CustomArmor	6157	0	-1	-1	0	3100000			1				5000													1					上衣
铁血丹心・太虚冠	CustomArmor	5719	0	-1	-1	0	1680000			1				4500													1					头部
铁血丹心・灵虚冠	CustomArmor	5731	0	-1	-1	0	1680000			1				4500													1					头部
铁血丹心・太虚冠	CustomArmor	6040	0	-1	-1	0	1680000			1				4500													1					头部
铁血丹心・灵虚冠	CustomArmor	6052	0	-1	-1	0	1680000			1				4500													1					头部
铁血丹心・太虚冠	CustomArmor	5827	0	-1	-1	0	2790000			1				4500													1					头部
铁血丹心・灵虚冠	CustomArmor	5839	0	-1	-1	0	2790000			1				4500													1					头部
铁血丹心・太虚冠	CustomArmor	6148	0	-1	-1	0	2790000			1				4500													1					头部
铁血丹心・灵虚冠	CustomArmor	6160	0	-1	-1	0	2790000			1				4500													1					头部
铁血丹心・太虚腰带	CustomArmor	5718	0	-1	-1	0	1300000			1				3500													1					腰带
铁血丹心・灵虚腰带	CustomArmor	5730	0	-1	-1	0	1300000			1				3500													1					腰带
铁血丹心・太虚腰带	CustomArmor	6039	0	-1	-1	0	1300000			1				3500													1					腰带
铁血丹心・灵虚腰带	CustomArmor	6051	0	-1	-1	0	1300000			1				3500													1					腰带
铁血丹心・太虚腰带	CustomArmor	5826	0	-1	-1	0	2170000			1				3500													1					腰带
铁血丹心・灵虚腰带	CustomArmor	5838	0	-1	-1	0	2170000			1				3500													1					腰带
铁血丹心・太虚腰带	CustomArmor	6147	0	-1	-1	0	2170000			1				3500													1					腰带
铁血丹心・灵虚腰带	CustomArmor	6159	0	-1	-1	0	2170000			1				3500													1					腰带
铁血丹心・太虚裤	CustomArmor	5717	0	-1	-1	0	1860000			1				5000													1					裤子
铁血丹心・灵虚裤	CustomArmor	5729	0	-1	-1	0	1860000			1				5000													1					裤子
铁血丹心・太虚裤	CustomArmor	6038	0	-1	-1	0	1860000			1				5000													1					裤子
铁血丹心・灵虚裤	CustomArmor	6050	0	-1	-1	0	1860000			1				5000													1					裤子
铁血丹心・太虚裤	CustomArmor	5825	0	-1	-1	0	3100000			1				5000													1					裤子
铁血丹心・灵虚裤	CustomArmor	5837	0	-1	-1	0	3100000			1				5000													1					裤子
铁血丹心・太虚裤	CustomArmor	6146	0	-1	-1	0	3100000			1				5000													1					裤子
铁血丹心・灵虚裤	CustomArmor	6158	0	-1	-1	0	3100000			1				5000													1					裤子
铁血丹心・太虚靴	CustomArmor	5720	0	-1	-1	0	1300000			1				3500													1					鞋子
铁血丹心・灵虚靴	CustomArmor	5732	0	-1	-1	0	1300000			1				3500													1					鞋子
铁血丹心・太虚靴	CustomArmor	6041	0	-1	-1	0	1300000			1				3500													1					鞋子
铁血丹心・灵虚靴	CustomArmor	6053	0	-1	-1	0	1300000			1				3500													1					鞋子
铁血丹心・太虚靴	CustomArmor	5828	0	-1	-1	0	2170000			1				3500													1					鞋子
铁血丹心・灵虚靴	CustomArmor	5840	0	-1	-1	0	2170000			1				3500													1					鞋子
铁血丹心・太虚靴	CustomArmor	6149	0	-1	-1	0	2170000			1				3500													1					鞋子
铁血丹心・灵虚靴	CustomArmor	6161	0	-1	-1	0	2170000			1				3500													1					鞋子
铁血丹心・太虚护手	CustomArmor	5721	0	-1	-1	0	1300000			1				3500													1					护臂
铁血丹心・灵虚护手	CustomArmor	5733	0	-1	-1	0	1300000			1				3500													1					护臂
铁血丹心・太虚护手	CustomArmor	6042	0	-1	-1	0	1300000			1				3500													1					护臂
铁血丹心・灵虚护手	CustomArmor	6054	0	-1	-1	0	1300000			1				3500													1					护臂
铁血丹心・太虚护手	CustomArmor	5829	0	-1	-1	0	2170000			1				3500													1					护臂
铁血丹心・灵虚护手	CustomArmor	5841	0	-1	-1	0	2170000			1				3500													1					护臂
铁血丹心・太虚护手	CustomArmor	6150	0	-1	-1	0	2170000			1				3500													1					护臂
铁血丹心・灵虚护手	CustomArmor	6162	0	-1	-1	0	2170000			1				3500													1					护臂
义薄云天・丽琼双剑	CustomWeapon	2611	0	-1	-1	0	2230000			1				6000													1					近程武器
义薄云天・若初双剑	CustomWeapon	2614	0	-1	-1	0	2230000			1				6000													1					近程武器
义薄云天・丽琼双剑	CustomWeapon	2714	0	-1	-1	0	2230000			1				6000													1					近程武器
义薄云天・若初双剑	CustomWeapon	2717	0	-1	-1	0	2230000			1				6000													1					近程武器
铁血丹心・倾城双剑	CustomWeapon	2631	0	-1	-1	0	3720000			1				6000													1					近程武器
铁血丹心・夕颜双剑	CustomWeapon	2634	0	-1	-1	0	3720000			1				6000													1					近程武器
铁血丹心・倾城双剑	CustomWeapon	2734	0	-1	-1	0	3720000			1				6000													1					近程武器
铁血丹心・夕颜双剑	CustomWeapon	2737	0	-1	-1	0	3720000			1				6000													1					近程武器
义薄云天・丽琼囊	CustomWeapon	2682	0	-1	-1	0	1120000			1				3000													1					远程武器
义薄云天・若初囊	CustomWeapon	2683	0	-1	-1	0	1120000			1				3000													1					远程武器
义薄云天・丽琼囊	CustomWeapon	2763	0	-1	-1	0	1120000			1				3000													1					远程武器
义薄云天・若初囊	CustomWeapon	2764	0	-1	-1	0	1120000			1				3000													1					远程武器
铁血丹心・倾城囊	CustomWeapon	2700	0	-1	-1	0	1860000			1				3000													1					远程武器
铁血丹心・夕颜囊	CustomWeapon	2701	0	-1	-1	0	1860000			1				3000													1					远程武器
铁血丹心・倾城囊	CustomWeapon	2781	0	-1	-1	0	1860000			1				3000													1					远程武器
铁血丹心・夕颜囊	CustomWeapon	2782	0	-1	-1	0	1860000			1				3000													1					远程武器
铁血丹心・倾城衣	CustomArmor	5746	0	-1	-1	0	1860000			1				5000													1					上衣
铁血丹心・夕颜衣	CustomArmor	5758	0	-1	-1	0	1860000			1				5000													1					上衣
铁血丹心・倾城衣	CustomArmor	6067	0	-1	-1	0	1860000			1				5000													1					上衣
铁血丹心・夕颜衣	CustomArmor	6079	0	-1	-1	0	1860000			1				5000													1					上衣
铁血丹心・倾城衣	CustomArmor	5854	0	-1	-1	0	3100000			1				5000													1					上衣
铁血丹心・夕颜衣	CustomArmor	5866	0	-1	-1	0	3100000			1				5000													1					上衣
铁血丹心・倾城衣	CustomArmor	6175	0	-1	-1	0	3100000			1				5000													1					上衣
铁血丹心・夕颜衣	CustomArmor	6187	0	-1	-1	0	3100000			1				5000													1					上衣
铁血丹心・倾城冠	CustomArmor	5749	0	-1	-1	0	1680000			1				4500													1					头部
铁血丹心・夕颜冠	CustomArmor	5761	0	-1	-1	0	1680000			1				4500													1					头部
铁血丹心・倾城冠	CustomArmor	6070	0	-1	-1	0	1680000			1				4500													1					头部
铁血丹心・夕颜冠	CustomArmor	6082	0	-1	-1	0	1680000			1				4500													1					头部
铁血丹心・倾城冠	CustomArmor	5857	0	-1	-1	0	2790000			1				4500													1					头部
铁血丹心・夕颜冠	CustomArmor	5869	0	-1	-1	0	2790000			1				4500													1					头部
铁血丹心・倾城冠	CustomArmor	6178	0	-1	-1	0	2790000			1				4500													1					头部
铁血丹心・夕颜冠	CustomArmor	6190	0	-1	-1	0	2790000			1				4500													1					头部
铁血丹心・倾城腰带	CustomArmor	5748	0	-1	-1	0	1300000			1				3500													1					腰带
铁血丹心・夕颜腰带	CustomArmor	5760	0	-1	-1	0	1300000			1				3500													1					腰带
铁血丹心・倾城腰带	CustomArmor	6069	0	-1	-1	0	1300000			1				3500													1					腰带
铁血丹心・夕颜腰带	CustomArmor	6081	0	-1	-1	0	1300000			1				3500													1					腰带
铁血丹心・倾城腰带	CustomArmor	5856	0	-1	-1	0	2170000			1				3500													1					腰带
铁血丹心・夕颜腰带	CustomArmor	5868	0	-1	-1	0	2170000			1				3500													1					腰带
铁血丹心・倾城腰带	CustomArmor	6177	0	-1	-1	0	2170000			1				3500													1					腰带
铁血丹心・夕颜腰带	CustomArmor	6189	0	-1	-1	0	2170000			1				3500													1					腰带
铁血丹心・倾城裤	CustomArmor	5747	0	-1	-1	0	1860000			1				5000													1					裤子
铁血丹心・夕颜裤	CustomArmor	5759	0	-1	-1	0	1860000			1				5000													1					裤子
铁血丹心・倾城裤	CustomArmor	6068	0	-1	-1	0	1860000			1				5000													1					裤子
铁血丹心・夕颜裤	CustomArmor	6080	0	-1	-1	0	1860000			1				5000													1					裤子
铁血丹心・倾城裤	CustomArmor	5855	0	-1	-1	0	3100000			1				5000													1					裤子
铁血丹心・夕颜裤	CustomArmor	5867	0	-1	-1	0	3100000			1				5000													1					裤子
铁血丹心・倾城裤	CustomArmor	6176	0	-1	-1	0	3100000			1				5000													1					裤子
铁血丹心・夕颜裤	CustomArmor	6188	0	-1	-1	0	3100000			1				5000													1					裤子
铁血丹心・倾城靴	CustomArmor	5750	0	-1	-1	0	1300000			1				3500													1					鞋子
铁血丹心・夕颜靴	CustomArmor	5762	0	-1	-1	0	1300000			1				3500													1					鞋子
铁血丹心・倾城靴	CustomArmor	6071	0	-1	-1	0	1300000			1				3500													1					鞋子
铁血丹心・夕颜靴	CustomArmor	6083	0	-1	-1	0	1300000			1				3500													1					鞋子
铁血丹心・倾城靴	CustomArmor	5858	0	-1	-1	0	2170000			1				3500													1					鞋子
铁血丹心・夕颜靴	CustomArmor	5870	0	-1	-1	0	2170000			1				3500													1					鞋子
铁血丹心・倾城靴	CustomArmor	6179	0	-1	-1	0	2170000			1				3500													1					鞋子
铁血丹心・夕颜靴	CustomArmor	6191	0	-1	-1	0	2170000			1				3500													1					鞋子
铁血丹心・倾城护手	CustomArmor	5751	0	-1	-1	0	1300000			1				3500													1					护臂
铁血丹心・夕颜护手	CustomArmor	5763	0	-1	-1	0	1300000			1				3500													1					护臂
铁血丹心・倾城护手	CustomArmor	6072	0	-1	-1	0	1300000			1				3500													1					护臂
铁血丹心・夕颜护手	CustomArmor	6084	0	-1	-1	0	1300000			1				3500													1					护臂
铁血丹心・倾城护手	CustomArmor	5859	0	-1	-1	0	2170000			1				3500													1					护臂
铁血丹心・夕颜护手	CustomArmor	5871	0	-1	-1	0	2170000			1				3500													1					护臂
铁血丹心・倾城护手	CustomArmor	6180	0	-1	-1	0	2170000			1				3500													1					护臂
铁血丹心・夕颜护手	CustomArmor	6192	0	-1	-1	0	2170000			1				3500													1					护臂
义薄云天・普度棍	CustomWeapon	2609	0	-1	-1	0	2230000			1				6000													1					近程武器
义薄云天・普度棍	CustomWeapon	2712	0	-1	-1	0	2230000			1				6000													1					近程武器
铁血丹心・镇恶棍	CustomWeapon	2629	0	-1	-1	0	3720000			1				6000													1					近程武器
铁血丹心・镇恶棍	CustomWeapon	2732	0	-1	-1	0	3720000			1				6000													1					近程武器
义薄云天・普度囊	CustomWeapon	2679	0	-1	-1	0	1120000			1				3000													1					远程武器
义薄云天・普度囊	CustomWeapon	2760	0	-1	-1	0	1120000			1				3000													1					远程武器
铁血丹心・镇恶囊	CustomWeapon	2697	0	-1	-1	0	1860000			1				3000													1					远程武器
铁血丹心・镇恶囊	CustomWeapon	2778	0	-1	-1	0	1860000			1				3000													1					远程武器
铁血丹心・镇恶衣	CustomArmor	5740	0	-1	-1	0	1860000			1				5000													1					上衣
铁血丹心・镇恶衣	CustomArmor	6061	0	-1	-1	0	1860000			1				5000													1					上衣
铁血丹心・镇恶衣	CustomArmor	5848	0	-1	-1	0	3100000			1				5000													1					上衣
铁血丹心・镇恶衣	CustomArmor	6169	0	-1	-1	0	3100000			1				5000													1					上衣
铁血丹心・镇恶冠	CustomArmor	5743	0	-1	-1	0	1680000			1				4500													1					头部
铁血丹心・镇恶冠	CustomArmor	6064	0	-1	-1	0	1680000			1				4500													1					头部
铁血丹心・镇恶冠	CustomArmor	5851	0	-1	-1	0	2790000			1				4500													1					头部
铁血丹心・镇恶冠	CustomArmor	6172	0	-1	-1	0	2790000			1				4500													1					头部
铁血丹心・镇恶腰带	CustomArmor	5742	0	-1	-1	0	1300000			1				3500													1					腰带
铁血丹心・镇恶腰带	CustomArmor	6063	0	-1	-1	0	1300000			1				3500													1					腰带
铁血丹心・镇恶腰带	CustomArmor	5850	0	-1	-1	0	2170000			1				3500													1					腰带
铁血丹心・镇恶腰带	CustomArmor	6171	0	-1	-1	0	2170000			1				3500													1					腰带
铁血丹心・镇恶裤	CustomArmor	5741	0	-1	-1	0	1860000			1				5000													1					裤子
铁血丹心・镇恶裤	CustomArmor	6062	0	-1	-1	0	1860000			1				5000													1					裤子
铁血丹心・镇恶裤	CustomArmor	5849	0	-1	-1	0	3100000			1				5000													1					裤子
铁血丹心・镇恶裤	CustomArmor	6170	0	-1	-1	0	3100000			1				5000													1					裤子
铁血丹心・镇恶靴	CustomArmor	5744	0	-1	-1	0	1300000			1				3500													1					鞋子
铁血丹心・镇恶靴	CustomArmor	6065	0	-1	-1	0	1300000			1				3500													1					鞋子
铁血丹心・镇恶靴	CustomArmor	5852	0	-1	-1	0	2170000			1				3500													1					鞋子
铁血丹心・镇恶靴	CustomArmor	6173	0	-1	-1	0	2170000			1				3500													1					鞋子
铁血丹心・镇恶护手	CustomArmor	5745	0	-1	-1	0	1300000			1				3500													1					护臂
铁血丹心・镇恶护手	CustomArmor	6066	0	-1	-1	0	1300000			1				3500													1					护臂
铁血丹心・镇恶护手	CustomArmor	5853	0	-1	-1	0	2170000			1				3500													1					护臂
铁血丹心・镇恶护手	CustomArmor	6174	0	-1	-1	0	2170000			1				3500													1					护臂
义薄云天・游龙枪	CustomWeapon	2610	0	-1	-1	0	2230000			1				6000													1					近程武器
义薄云天・游龙枪	CustomWeapon	2713	0	-1	-1	0	2230000			1				6000													1					近程武器
铁血丹心・婉扬枪	CustomWeapon	2630	0	-1	-1	0	3720000			1				6000													1					近程武器
铁血丹心・婉扬枪	CustomWeapon	2733	0	-1	-1	0	3720000			1				6000													1					近程武器
义薄云天・游龙囊	CustomWeapon	2686	0	-1	-1	0	1120000			1				3000													1					远程武器
义薄云天・游龙囊	CustomWeapon	2767	0	-1	-1	0	1120000			1				3000													1					远程武器
铁血丹心・婉扬囊	CustomWeapon	2704	0	-1	-1	0	1860000			1				3000													1					远程武器
铁血丹心・婉扬囊	CustomWeapon	2785	0	-1	-1	0	1860000			1				3000													1					远程武器
铁血丹心・婉扬衣	CustomArmor	5710	0	-1	-1	0	1860000			1				5000													1					上衣
铁血丹心・婉扬衣	CustomArmor	6031	0	-1	-1	0	1860000			1				5000													1					上衣
铁血丹心・婉扬衣	CustomArmor	5818	0	-1	-1	0	3100000			1				5000													1					上衣
铁血丹心・婉扬衣	CustomArmor	6139	0	-1	-1	0	3100000			1				5000													1					上衣
铁血丹心・婉扬冠	CustomArmor	5713	0	-1	-1	0	1680000			1				4500													1					头部
铁血丹心・婉扬冠	CustomArmor	6034	0	-1	-1	0	1680000			1				4500													1					头部
铁血丹心・婉扬冠	CustomArmor	5819	0	-1	-1	0	2790000			1				4500													1					头部
铁血丹心・婉扬冠	CustomArmor	6140	0	-1	-1	0	2790000			1				4500													1					头部
铁血丹心・婉扬腰带	CustomArmor	5712	0	-1	-1	0	1300000			1				3500													1					腰带
铁血丹心・婉扬腰带	CustomArmor	6033	0	-1	-1	0	1300000			1				3500													1					腰带
铁血丹心・婉扬腰带	CustomArmor	5820	0	-1	-1	0	2170000			1				3500													1					腰带
铁血丹心・婉扬腰带	CustomArmor	6141	0	-1	-1	0	2170000			1				3500													1					腰带
铁血丹心・婉扬裤	CustomArmor	5711	0	-1	-1	0	1860000			1				5000													1					裤子
铁血丹心・婉扬裤	CustomArmor	6032	0	-1	-1	0	1860000			1				5000													1					裤子
铁血丹心・婉扬裤	CustomArmor	5821	0	-1	-1	0	3100000			1				5000													1					裤子
铁血丹心・婉扬裤	CustomArmor	6142	0	-1	-1	0	3100000			1				5000													1					裤子
铁血丹心・婉扬靴	CustomArmor	5714	0	-1	-1	0	1300000			1				3500													1					鞋子
铁血丹心・婉扬靴	CustomArmor	6035	0	-1	-1	0	1300000			1				3500													1					鞋子
铁血丹心・婉扬靴	CustomArmor	5822	0	-1	-1	0	2170000			1				3500													1					鞋子
铁血丹心・婉扬靴	CustomArmor	6143	0	-1	-1	0	2170000			1				3500													1					鞋子
铁血丹心・婉扬护手	CustomArmor	5715	0	-1	-1	0	1300000			1				3500													1					护臂
铁血丹心・婉扬护手	CustomArmor	6036	0	-1	-1	0	1300000			1				3500													1					护臂
铁血丹心・婉扬护手	CustomArmor	5823	0	-1	-1	0	2170000			1				3500													1					护臂
铁血丹心・婉扬护手	CustomArmor	6144	0	-1	-1	0	2170000			1				3500													1					护臂
义薄云天・符融之击	CustomWeapon	4758	0	-1	-1	0	2230000			1				6000													1					近程武器
义薄云天・岱崖之击	CustomWeapon	4759	0	-1	-1	0	2230000			1				6000													1					近程武器
义薄云天・符融之击	CustomWeapon	4760	0	-1	-1	0	2230000			1				6000													1					近程武器
义薄云天・岱崖之击	CustomWeapon	4761	0	-1	-1	0	2230000			1				6000													1					近程武器
铁血丹心・明德之击	CustomWeapon	4774	0	-1	-1	0	3720000			1				6000													1					近程武器
铁血丹心・法谏之击	CustomWeapon	4775	0	-1	-1	0	3720000			1				6000													1					近程武器
铁血丹心・明德之击	CustomWeapon	4776	0	-1	-1	0	3720000			1				6000													1					近程武器
铁血丹心・法谏之击	CustomWeapon	4777	0	-1	-1	0	3720000			1				6000													1					近程武器
义薄云天・符融囊	CustomWeapon	4750	0	-1	-1	0	1120000			1				3000													1					远程武器
义薄云天・岱崖囊	CustomWeapon	4751	0	-1	-1	0	1120000			1				3000													1					远程武器
义薄云天・符融囊	CustomWeapon	4752	0	-1	-1	0	1120000			1				3000													1					远程武器
义薄云天・岱崖囊	CustomWeapon	4753	0	-1	-1	0	1120000			1				3000													1					远程武器
铁血丹心・明德囊	CustomWeapon	4766	0	-1	-1	0	1860000			1				3000													1					远程武器
铁血丹心・法谏囊	CustomWeapon	4767	0	-1	-1	0	1860000			1				3000													1					远程武器
铁血丹心・明德囊	CustomWeapon	4768	0	-1	-1	0	1860000			1				3000													1					远程武器
铁血丹心・法谏囊	CustomWeapon	4769	0	-1	-1	0	1860000			1				3000													1					远程武器
义薄云天・明德衣	CustomArmor	10672	0	-1	-1	0	1860000			1				5000													1					上衣
义薄云天・法谏铠	CustomArmor	10673	0	-1	-1	0	1860000			1				5000													1					上衣
义薄云天・明德衣	CustomArmor	10674	0	-1	-1	0	1860000			1				5000													1					上衣
义薄云天・法谏铠	CustomArmor	10675	0	-1	-1	0	1860000			1				5000													1					上衣
铁血丹心・明德衣	CustomArmor	10720	0	-1	-1	0	3100000			1				5000													1					上衣
铁血丹心・法谏铠	CustomArmor	10721	0	-1	-1	0	3100000			1				5000													1					上衣
铁血丹心・明德衣	CustomArmor	10722	0	-1	-1	0	3100000			1				5000													1					上衣
铁血丹心・法谏铠	CustomArmor	10723	0	-1	-1	0	3100000			1				5000													1					上衣
义薄云天・明德笠	CustomArmor	10656	0	-1	-1	0	1680000			1				4500													1					头部
义薄云天・法谏顶戴	CustomArmor	10657	0	-1	-1	0	1680000			1				4500													1					头部
义薄云天・明德笠	CustomArmor	10658	0	-1	-1	0	1680000			1				4500													1					头部
义薄云天・法谏顶戴	CustomArmor	10659	0	-1	-1	0	1680000			1				4500													1					头部
铁血丹心・明德笠	CustomArmor	10704	0	-1	-1	0	2790000			1				4500													1					头部
铁血丹心・法谏顶戴	CustomArmor	10705	0	-1	-1	0	2790000			1				4500													1					头部
铁血丹心・明德笠	CustomArmor	10706	0	-1	-1	0	2790000			1				4500													1					头部
铁血丹心・法谏顶戴	CustomArmor	10707	0	-1	-1	0	2790000			1				4500													1					头部
义薄云天・明德腰带	CustomArmor	10664	0	-1	-1	0	1300000			1				3500													1					腰带
义薄云天・法谏裹腰	CustomArmor	10665	0	-1	-1	0	1300000			1				3500													1					腰带
义薄云天・明德腰带	CustomArmor	10666	0	-1	-1	0	1300000			1				3500													1					腰带
义薄云天・法谏裹腰	CustomArmor	10667	0	-1	-1	0	1300000			1				3500													1					腰带
铁血丹心・明德腰带	CustomArmor	10712	0	-1	-1	0	2170000			1				3500													1					腰带
铁血丹心・法谏裹腰	CustomArmor	10713	0	-1	-1	0	2170000			1				3500													1					腰带
铁血丹心・明德腰带	CustomArmor	10714	0	-1	-1	0	2170000			1				3500													1					腰带
铁血丹心・法谏裹腰	CustomArmor	10715	0	-1	-1	0	2170000			1				3500													1					腰带
义薄云天・明德裤	CustomArmor	10680	0	-1	-1	0	1860000			1				5000													1					裤子
义薄云天・法谏劲装	CustomArmor	10681	0	-1	-1	0	1860000			1				5000													1					裤子
义薄云天・明德裤	CustomArmor	10682	0	-1	-1	0	1860000			1				5000													1					裤子
义薄云天・法谏劲装	CustomArmor	10683	0	-1	-1	0	1860000			1				5000													1					裤子
铁血丹心・明德裤	CustomArmor	10728	0	-1	-1	0	3100000			1				5000													1					裤子
铁血丹心・法谏劲装	CustomArmor	10729	0	-1	-1	0	3100000			1				5000													1					裤子
铁血丹心・明德裤	CustomArmor	10730	0	-1	-1	0	3100000			1				5000													1					裤子
铁血丹心・法谏劲装	CustomArmor	10731	0	-1	-1	0	3100000			1				5000													1					裤子
义薄云天・明德鞋	CustomArmor	10688	0	-1	-1	0	1300000			1				3500													1					鞋子
义薄云天・法谏鞋	CustomArmor	10689	0	-1	-1	0	1300000			1				3500													1					鞋子
义薄云天・明德鞋	CustomArmor	10690	0	-1	-1	0	1300000			1				3500													1					鞋子
义薄云天・法谏鞋	CustomArmor	10691	0	-1	-1	0	1300000			1				3500													1					鞋子
铁血丹心・明德鞋	CustomArmor	10736	0	-1	-1	0	2170000			1				3500													1					鞋子
铁血丹心・法谏鞋	CustomArmor	10737	0	-1	-1	0	2170000			1				3500													1					鞋子
铁血丹心・明德鞋	CustomArmor	10738	0	-1	-1	0	2170000			1				3500													1					鞋子
铁血丹心・法谏鞋	CustomArmor	10739	0	-1	-1	0	2170000			1				3500													1					鞋子
义薄云天・明德束腕	CustomArmor	10648	0	-1	-1	0	1300000			1				3500													1					护臂
义薄云天・法谏护指	CustomArmor	10649	0	-1	-1	0	1300000			1				3500													1					护臂
义薄云天・明德束腕	CustomArmor	10650	0	-1	-1	0	1300000			1				3500													1					护臂
义薄云天・法谏护指	CustomArmor	10651	0	-1	-1	0	1300000			1				3500													1					护臂
铁血丹心・明德束腕	CustomArmor	10696	0	-1	-1	0	2170000			1				3500													1					护臂
铁血丹心・法谏护指	CustomArmor	10697	0	-1	-1	0	2170000			1				3500													1					护臂
铁血丹心・明德束腕	CustomArmor	10698	0	-1	-1	0	2170000			1				3500													1					护臂
铁血丹心・法谏护指	CustomArmor	10699	0	-1	-1	0	2170000			1				3500													1					护臂
义薄云天・宗紫笛	CustomWeapon	3099	0	-1	-1	0	2230000			1				6000													0					近程武器
义薄云天・宗紫笛	CustomWeapon	3100	0	-1	-1	0	2230000			1				6000													1					近程武器
义薄云天・绛芳笛	CustomWeapon	3101	0	-1	-1	0	2230000			1				6000													1					近程武器
义薄云天・绛芳笛	CustomWeapon	3102	0	-1	-1	0	2230000			1				6000													1					近程武器
铁血丹心・怖皋笛	CustomWeapon	3095	0	-1	-1	0	3720000			1				6000													1					近程武器
铁血丹心・怖皋笛	CustomWeapon	3096	0	-1	-1	0	3720000			1				6000													1					近程武器
铁血丹心・彤恩笛	CustomWeapon	3097	0	-1	-1	0	3720000			1				6000													1					近程武器
铁血丹心・彤恩笛	CustomWeapon	3098	0	-1	-1	0	3720000			1				6000													1					近程武器
义薄云天・宗紫囊	CustomWeapon	2897	0	-1	-1	0	1120000			1				3000													1					远程武器
义薄云天・宗紫囊	CustomWeapon	2898	0	-1	-1	0	1120000			1				3000													1					远程武器
义薄云天・绛芳囊	CustomWeapon	2899	0	-1	-1	0	1120000			1				3000													1					远程武器
义薄云天・绛芳囊	CustomWeapon	2900	0	-1	-1	0	1120000			1				3000													1					远程武器
铁血丹心・怖皋囊	CustomWeapon	2893	0	-1	-1	0	1860000			1				3000													1					远程武器
铁血丹心・怖皋囊	CustomWeapon	2894	0	-1	-1	0	1860000			1				3000													1					远程武器
铁血丹心・彤恩囊	CustomWeapon	2895	0	-1	-1	0	1860000			1				3000													1					远程武器
铁血丹心・彤恩囊	CustomWeapon	2896	0	-1	-1	0	1860000			1				3000													1					远程武器
铁血丹心・怖皋衣	CustomArmor	6593	0	-1	-1	0	1860000			1				5000													1					上衣
铁血丹心・怖皋衣	CustomArmor	6595	0	-1	-1	0	1860000			1				5000													1					上衣
铁血丹心・彤恩衣	CustomArmor	6597	0	-1	-1	0	1860000			1				5000													1					上衣
铁血丹心・彤恩衣	CustomArmor	6599	0	-1	-1	0	1860000			1				5000													1					上衣
铁血丹心・怖皋衣	CustomArmor	6594	0	-1	-1	0	3100000			1				5000													1					上衣
铁血丹心・怖皋衣	CustomArmor	6596	0	-1	-1	0	3100000			1				5000													1					上衣
铁血丹心・彤恩衣	CustomArmor	6598	0	-1	-1	0	3100000			1				5000													1					上衣
铁血丹心・彤恩衣	CustomArmor	6600	0	-1	-1	0	3100000			1				5000													1					上衣
铁血丹心・怖皋冠	CustomArmor	6497	0	-1	-1	0	1680000			1				4500													1					头部
铁血丹心・怖皋冠	CustomArmor	6499	0	-1	-1	0	1680000			1				4500													1					头部
铁血丹心・彤恩冠	CustomArmor	6501	0	-1	-1	0	1680000			1				4500													1					头部
铁血丹心・彤恩冠	CustomArmor	6503	0	-1	-1	0	1680000			1				4500													1					头部
铁血丹心・怖皋冠	CustomArmor	6498	0	-1	-1	0	2790000			1				4500													1					头部
铁血丹心・怖皋冠	CustomArmor	6500	0	-1	-1	0	2790000			1				4500													1					头部
铁血丹心・彤恩冠	CustomArmor	6502	0	-1	-1	0	2790000			1				4500													1					头部
铁血丹心・彤恩冠	CustomArmor	6504	0	-1	-1	0	2790000			1				4500													1					头部
铁血丹心・怖皋腰带	CustomArmor	6838	0	-1	-1	0	1300000			1				3500													1					腰带
铁血丹心・怖皋腰带	CustomArmor	6840	0	-1	-1	0	1300000			1				3500													1					腰带
铁血丹心・彤恩腰带	CustomArmor	6842	0	-1	-1	0	1300000			1				3500													1					腰带
铁血丹心・彤恩腰带	CustomArmor	6844	0	-1	-1	0	1300000			1				3500													1					腰带
铁血丹心・怖皋腰带	CustomArmor	6839	0	-1	-1	0	2170000			1				3500													1					腰带
铁血丹心・怖皋腰带	CustomArmor	6841	0	-1	-1	0	2170000			1				3500													1					腰带
铁血丹心・彤恩腰带	CustomArmor	6843	0	-1	-1	0	2170000			1				3500													1					腰带
铁血丹心・彤恩腰带	CustomArmor	6845	0	-1	-1	0	2170000			1				3500													1					腰带
铁血丹心・怖皋裤	CustomArmor	6667	0	-1	-1	0	1860000			1				5000													1					裤子
铁血丹心・怖皋裤	CustomArmor	6669	0	-1	-1	0	1860000			1				5000													1					裤子
铁血丹心・彤恩裤	CustomArmor	6671	0	-1	-1	0	1860000			1				5000													1					裤子
铁血丹心・彤恩裤	CustomArmor	6673	0	-1	-1	0	1860000			1				5000													1					裤子
铁血丹心・怖皋裤	CustomArmor	6668	0	-1	-1	0	3100000			1				5000													1					裤子
铁血丹心・怖皋裤	CustomArmor	6670	0	-1	-1	0	3100000			1				5000													1					裤子
铁血丹心・彤恩裤	CustomArmor	6672	0	-1	-1	0	3100000			1				5000													1					裤子
铁血丹心・彤恩裤	CustomArmor	6674	0	-1	-1	0	3100000			1				5000													1					裤子
铁血丹心・怖皋靴	CustomArmor	6750	0	-1	-1	0	1300000			1				3500													1					鞋子
铁血丹心・怖皋靴	CustomArmor	6752	0	-1	-1	0	1300000			1				3500													1					鞋子
铁血丹心・彤恩靴	CustomArmor	6754	0	-1	-1	0	1300000			1				3500													1					鞋子
铁血丹心・彤恩靴	CustomArmor	6756	0	-1	-1	0	1300000			1				3500													1					鞋子
铁血丹心・怖皋靴	CustomArmor	6751	0	-1	-1	0	2170000			1				3500													1					鞋子
铁血丹心・怖皋靴	CustomArmor	6753	0	-1	-1	0	2170000			1				3500													1					鞋子
铁血丹心・彤恩靴	CustomArmor	6755	0	-1	-1	0	2170000			1				3500													1					鞋子
铁血丹心・彤恩靴	CustomArmor	6757	0	-1	-1	0	2170000			1				3500													1					鞋子
铁血丹心・怖皋护手	CustomArmor	6419	0	-1	-1	0	1300000			1				3500													1					护臂
铁血丹心・怖皋护手	CustomArmor	6421	0	-1	-1	0	1300000			1				3500													1					护臂
铁血丹心・彤恩护手	CustomArmor	6423	0	-1	-1	0	1300000			1				3500													1					护臂
铁血丹心・彤恩护手	CustomArmor	6425	0	-1	-1	0	1300000			1				3500													1					护臂
铁血丹心・怖皋护手	CustomArmor	6420	0	-1	-1	0	2170000			1				3500													1					护臂
铁血丹心・怖皋护手	CustomArmor	6422	0	-1	-1	0	2170000			1				3500													1					护臂
铁血丹心・彤恩护手	CustomArmor	6424	0	-1	-1	0	2170000			1				3500													1					护臂
铁血丹心・彤恩护手	CustomArmor	6426	0	-1	-1	0	2170000			1				3500													1					护臂
义薄云天・逸舟笔	CustomWeapon	2608	0	-1	-1	0	2230000			1				6000													1					近程武器
义薄云天・素纱笔	CustomWeapon	2615	0	-1	-1	0	2230000			1				6000													1					近程武器
义薄云天・逸舟笔	CustomWeapon	2711	0	-1	-1	0	2230000			1				6000													1					近程武器
义薄云天・素纱笔	CustomWeapon	2718	0	-1	-1	0	2230000			1				6000													1					近程武器
铁血丹心・惊鸿笔	CustomWeapon	2628	0	-1	-1	0	3720000			1				6000													1					近程武器
铁血丹心・静若笔	CustomWeapon	2635	0	-1	-1	0	3720000			1				6000													1					近程武器
铁血丹心・惊鸿笔	CustomWeapon	2731	0	-1	-1	0	3720000			1				6000													1					近程武器
铁血丹心・静若笔	CustomWeapon	2738	0	-1	-1	0	3720000			1				6000													1					近程武器
义薄云天・逸舟囊	CustomWeapon	2680	0	-1	-1	0	1120000			1				3000													1					远程武器
义薄云天・素纱囊	CustomWeapon	2681	0	-1	-1	0	1120000			1				3000													1					远程武器
义薄云天・逸舟囊	CustomWeapon	2761	0	-1	-1	0	1120000			1				3000													1					远程武器
义薄云天・素纱囊	CustomWeapon	2762	0	-1	-1	0	1120000			1				3000													1					远程武器
铁血丹心・惊鸿囊	CustomWeapon	2698	0	-1	-1	0	1860000			1				3000													1					远程武器
铁血丹心・静若囊	CustomWeapon	2699	0	-1	-1	0	1860000			1				3000													1					远程武器
铁血丹心・惊鸿囊	CustomWeapon	2779	0	-1	-1	0	1860000			1				3000													1					远程武器
铁血丹心・静若囊	CustomWeapon	2780	0	-1	-1	0	1860000			1				3000													1					远程武器
铁血丹心・惊鸿衣	CustomArmor	5734	0	-1	-1	0	1860000			1				5000													1					上衣
铁血丹心・静若衣	CustomArmor	5752	0	-1	-1	0	1860000			1				5000													1					上衣
铁血丹心・惊鸿衣	CustomArmor	6055	0	-1	-1	0	1860000			1				5000													1					上衣
铁血丹心・静若衣	CustomArmor	6073	0	-1	-1	0	1860000			1				5000													1					上衣
铁血丹心・惊鸿衣	CustomArmor	5842	0	-1	-1	0	3100000			1				5000													1					上衣
铁血丹心・静若衣	CustomArmor	5860	0	-1	-1	0	3100000			1				5000													1					上衣
铁血丹心・惊鸿衣	CustomArmor	6163	0	-1	-1	0	3100000			1				5000													1					上衣
铁血丹心・静若衣	CustomArmor	6181	0	-1	-1	0	3100000			1				5000													1					上衣
铁血丹心・惊鸿冠	CustomArmor	5737	0	-1	-1	0	1680000			1				4500													1					头部
铁血丹心・静若冠	CustomArmor	5755	0	-1	-1	0	1680000			1				4500													1					头部
铁血丹心・惊鸿冠	CustomArmor	6058	0	-1	-1	0	1680000			1				4500													1					头部
铁血丹心・静若冠	CustomArmor	6076	0	-1	-1	0	1680000			1				4500													1					头部
铁血丹心・惊鸿冠	CustomArmor	5845	0	-1	-1	0	2790000			1				4500													1					头部
铁血丹心・静若冠	CustomArmor	5863	0	-1	-1	0	2790000			1				4500													1					头部
铁血丹心・惊鸿冠	CustomArmor	6166	0	-1	-1	0	2790000			1				4500													1					头部
铁血丹心・静若冠	CustomArmor	6184	0	-1	-1	0	2790000			1				4500													1					头部
铁血丹心・惊鸿腰带	CustomArmor	5736	0	-1	-1	0	1300000			1				3500													1					腰带
铁血丹心・静若腰带	CustomArmor	5754	0	-1	-1	0	1300000			1				3500													1					腰带
铁血丹心・惊鸿腰带	CustomArmor	6057	0	-1	-1	0	1300000			1				3500													1					腰带
铁血丹心・静若腰带	CustomArmor	6075	0	-1	-1	0	1300000			1				3500													1					腰带
铁血丹心・惊鸿腰带	CustomArmor	5844	0	-1	-1	0	2170000			1				3500													1					腰带
铁血丹心・静若腰带	CustomArmor	5862	0	-1	-1	0	2170000			1				3500													1					腰带
铁血丹心・惊鸿腰带	CustomArmor	6165	0	-1	-1	0	2170000			1				3500													1					腰带
铁血丹心・静若腰带	CustomArmor	6183	0	-1	-1	0	2170000			1				3500													1					腰带
铁血丹心・惊鸿裤	CustomArmor	5735	0	-1	-1	0	1860000			1				5000													1					裤子
铁血丹心・静若裤	CustomArmor	5753	0	-1	-1	0	1860000			1				5000													1					裤子
铁血丹心・惊鸿裤	CustomArmor	6056	0	-1	-1	0	1860000			1				5000													1					裤子
铁血丹心・静若裤	CustomArmor	6074	0	-1	-1	0	1860000			1				5000													1					裤子
铁血丹心・惊鸿裤	CustomArmor	5843	0	-1	-1	0	3100000			1				5000													1					裤子
铁血丹心・静若裤	CustomArmor	5861	0	-1	-1	0	3100000			1				5000													1					裤子
铁血丹心・惊鸿裤	CustomArmor	6164	0	-1	-1	0	3100000			1				5000													1					裤子
铁血丹心・静若裤	CustomArmor	6182	0	-1	-1	0	3100000			1				5000													1					裤子
铁血丹心・惊鸿靴	CustomArmor	5738	0	-1	-1	0	1300000			1				3500													1					鞋子
铁血丹心・静若靴	CustomArmor	5756	0	-1	-1	0	1300000			1				3500													1					鞋子
铁血丹心・惊鸿靴	CustomArmor	6059	0	-1	-1	0	1300000			1				3500													1					鞋子
铁血丹心・静若靴	CustomArmor	6077	0	-1	-1	0	1300000			1				3500													1					鞋子
铁血丹心・惊鸿靴	CustomArmor	5846	0	-1	-1	0	2170000			1				3500													1					鞋子
铁血丹心・静若靴	CustomArmor	5864	0	-1	-1	0	2170000			1				3500													1					鞋子
铁血丹心・惊鸿靴	CustomArmor	6167	0	-1	-1	0	2170000			1				3500													1					鞋子
铁血丹心・静若靴	CustomArmor	6185	0	-1	-1	0	2170000			1				3500													1					鞋子
铁血丹心・惊鸿护手	CustomArmor	5739	0	-1	-1	0	1300000			1				3500													1					护臂
铁血丹心・静若护手	CustomArmor	5757	0	-1	-1	0	1300000			1				3500													1					护臂
铁血丹心・惊鸿护手	CustomArmor	6060	0	-1	-1	0	1300000			1				3500													1					护臂
铁血丹心・静若护手	CustomArmor	6078	0	-1	-1	0	1300000			1				3500													1					护臂
铁血丹心・惊鸿护手	CustomArmor	5847	0	-1	-1	0	2170000			1				3500													1					护臂
铁血丹心・静若护手	CustomArmor	5865	0	-1	-1	0	2170000			1				3500													1					护臂
铁血丹心・惊鸿护手	CustomArmor	6168	0	-1	-1	0	2170000			1				3500													1					护臂
铁血丹心・静若护手	CustomArmor	6186	0	-1	-1	0	2170000			1				3500													1					护臂
义薄云天・醉歌护手	CustomArmor	24181	0	-1	-1	0	1300000			1				3500													1					护臂
义薄云天・醉歌护腕	CustomArmor	24182	0	-1	-1	0	1300000			1				3500													1					护臂
义薄云天・醉歌兜帽	CustomArmor	24189	0	-1	-1	0	1680000			1				4500													1					头部
义薄云天・醉歌兜帽	CustomArmor	24190	0	-1	-1	0	1680000			1				4500													1					头部
义薄云天・醉歌束腰	CustomArmor	24197	0	-1	-1	0	1300000			1				3500													1					腰带
义薄云天・醉歌束腰	CustomArmor	24198	0	-1	-1	0	1300000			1				3500													1					腰带
义薄云天・醉歌长衫	CustomArmor	24205	0	-1	-1	0	1860000			1				5000													1					上衣
义薄云天・醉歌长衫	CustomArmor	24206	0	-1	-1	0	1860000			1				5000													1					上衣
义薄云天・醉歌裤	CustomArmor	24213	0	-1	-1	0	1860000			1				5000													1					裤子
义薄云天・醉歌裤	CustomArmor	24214	0	-1	-1	0	1860000			1				5000													1					裤子
义薄云天・醉歌靴	CustomArmor	24221	0	-1	-1	0	1300000			1				3500													1					鞋子
义薄云天・醉歌靴	CustomArmor	24222	0	-1	-1	0	1300000			1				3500													1					鞋子
义薄云天・醉歌囊	CustomWeapon	9587	0	-1	-1	0	1120000			1				3000													1					远程武器
义薄云天・醉歌囊	CustomWeapon	9588	0	-1	-1	0	1120000			1				3000													1					远程武器
义薄云天・醉歌刀	CustomWeapon	9591	0	-1	-1	0	2230000			1				6000													1					近程武器
义薄云天・醉歌刀	CustomWeapon	9592	0	-1	-1	0	2230000			1				6000													1					近程武器
铁血丹心・琼歌腕甲	CustomArmor	24183	0	-1	-1	0	2170000			1				3500													1					护臂
铁血丹心・琼歌束腕	CustomArmor	24184	0	-1	-1	0	2170000			1				3500													1					护臂
铁血丹心・琼歌软帽	CustomArmor	24191	0	-1	-1	0	2790000			1				4500													1					头部
铁血丹心・琼歌风帽	CustomArmor	24192	0	-1	-1	0	2790000			1				4500													1					头部
铁血丹心・琼歌裹腰	CustomArmor	24199	0	-1	-1	0	2170000			1				3500													1					腰带
铁血丹心・琼歌束带	CustomArmor	24200	0	-1	-1	0	2170000			1				3500													1					腰带
铁血丹心・琼歌长袍	CustomArmor	24207	0	-1	-1	0	3100000			1				5000													1					上衣
铁血丹心・琼歌战衣	CustomArmor	24208	0	-1	-1	0	3100000			1				5000													1					上衣
铁血丹心・琼歌裤	CustomArmor	24215	0	-1	-1	0	3100000			1				5000													1					裤子
铁血丹心・琼歌裤	CustomArmor	24216	0	-1	-1	0	3100000			1				5000													1					裤子
铁血丹心・琼歌靴	CustomArmor	24223	0	-1	-1	0	2170000			1				3500													1					鞋子
铁血丹心・琼歌靴	CustomArmor	24224	0	-1	-1	0	2170000			1				3500													1					鞋子
铁血丹心・琼歌囊	CustomWeapon	9595	0	-1	-1	0	1860000			1				3000													1					远程武器
铁血丹心・琼歌囊	CustomWeapon	9596	0	-1	-1	0	1860000			1				3000													1					远程武器
铁血丹心・琼歌刀	CustomWeapon	9599	0	-1	-1	0	3720000			1				6000													1					近程武器
铁血丹心・琼歌刀	CustomWeapon	9600	0	-1	-1	0	3720000			1				6000													1					近程武器
浩气正宗・烨殆护手	CustomArmor	13855	0	-1	-1	0	1120000			1				5000													1					护臂
浩气正宗・烨殆护腕	CustomArmor	13856	0	-1	-1	0	1120000			1				5000													1					护臂
浩气正宗・烨殆兜帽	CustomArmor	13859	0	-1	-1	0	1440000			1				5000													1					头部
浩气正宗・烨殆软帽	CustomArmor	13860	0	-1	-1	0	1440000			1				5000													1					头部
浩气正宗・烨殆腰带	CustomArmor	13863	0	-1	-1	0	1120000			1				5000													1					腰带
浩气正宗・烨殆裹腰	CustomArmor	13864	0	-1	-1	0	1120000			1				5000													1					腰带
浩气正宗・烨殆护胸	CustomArmor	13867	0	-1	-1	0	1600000			1				5000													1					上衣
浩气正宗・烨殆胸甲	CustomArmor	13868	0	-1	-1	0	1600000			1				5000													1					上衣
浩气正宗・烨殆长裤	CustomArmor	13871	0	-1	-1	0	1600000			1				5000													1					裤子
浩气正宗・烨殆护腿	CustomArmor	13872	0	-1	-1	0	1600000			1				5000													1					裤子
浩气正宗・烨殆战靴	CustomArmor	13875	0	-1	-1	0	1120000			1				5000													1					鞋子
浩气正宗・烨殆马靴	CustomArmor	13876	0	-1	-1	0	1120000			1				5000													1					鞋子
义薄云天・怵异护手	CustomArmor	13879	0	-1	-1	0	1300000			1				5000													1					护臂
义薄云天・怵异护腕	CustomArmor	13880	0	-1	-1	0	1300000			1				5000													1					护臂
铁血丹心・烈燧腕甲	CustomArmor	13903	0	-1	-1	0	2170000			1				5000													1					护臂
铁血丹心・烈燧束腕	CustomArmor	13904	0	-1	-1	0	2170000			1				5000													1					护臂
义薄云天・怵异兜帽	CustomArmor	13883	0	-1	-1	0	1680000			1				5000													1					头部
义薄云天・怵异兜帽	CustomArmor	13884	0	-1	-1	0	1680000			1				5000													1					头部
铁血丹心・烈燧软帽	CustomArmor	13907	0	-1	-1	0	2790000			1				5000													1					头部
铁血丹心・烈燧风帽	CustomArmor	13908	0	-1	-1	0	2790000			1				5000													1					头部
义薄云天・怵异束腰	CustomArmor	13887	0	-1	-1	0	1300000			1				5000													1					腰带
义薄云天・怵异束腰	CustomArmor	13888	0	-1	-1	0	1300000			1				5000													1					腰带
铁血丹心・烈燧裹腰	CustomArmor	13911	0	-1	-1	0	2170000			1				5000													1					腰带
铁血丹心・烈燧束带	CustomArmor	13912	0	-1	-1	0	2170000			1				5000													1					腰带
义薄云天・怵异长衫	CustomArmor	13891	0	-1	-1	0	1860000			1				5000													1					上衣
义薄云天・怵异长衫	CustomArmor	13892	0	-1	-1	0	1860000			1				5000													1					上衣
铁血丹心・烈燧长袍	CustomArmor	13915	0	-1	-1	0	3100000			1				5000													1					上衣
铁血丹心・烈燧战衣	CustomArmor	13916	0	-1	-1	0	3100000			1				5000													1					上衣
义薄云天・怵异裤	CustomArmor	13895	0	-1	-1	0	1860000			1				5000													1					裤子
义薄云天・怵异裤	CustomArmor	13896	0	-1	-1	0	1860000			1				5000													1					裤子
铁血丹心・烈燧裤	CustomArmor	13919	0	-1	-1	0	3100000			1				5000													1					裤子
铁血丹心・烈燧裤	CustomArmor	13920	0	-1	-1	0	3100000			1				5000													1					裤子
义薄云天・怵异靴	CustomArmor	13899	0	-1	-1	0	1300000			1				5000													1					鞋子
义薄云天・怵异靴	CustomArmor	13900	0	-1	-1	0	1300000			1				5000													1					鞋子
铁血丹心・烈燧靴	CustomArmor	13923	0	-1	-1	0	2170000			1				5000													1					鞋子
铁血丹心・烈燧靴	CustomArmor	13924	0	-1	-1	0	2170000			1				5000													1					鞋子
浩气正宗・舟茗护臂	CustomArmor	20119	0	-1	-1	0	1120000			1				5000													1					护臂
浩气正宗・舟茗护腕	CustomArmor	20120	0	-1	-1	0	1120000			1				5000													1					护臂
浩气正宗・舟茗头带	CustomArmor	20123	0	-1	-1	0	1440000			1				5000													1					头部
浩气正宗・舟茗头巾	CustomArmor	20124	0	-1	-1	0	1440000			1				5000													1					头部
浩气正宗・舟茗腰带	CustomArmor	20127	0	-1	-1	0	1120000			1				5000													1					腰带
浩气正宗・舟茗护腰	CustomArmor	20128	0	-1	-1	0	1120000			1				5000													1					腰带
浩气正宗・舟茗长衫	CustomArmor	20131	0	-1	-1	0	1600000			1				5000													1					上衣
浩气正宗・舟茗胸甲	CustomArmor	20132	0	-1	-1	0	1600000			1				5000													1					上衣
浩气正宗・舟茗长裤	CustomArmor	20135	0	-1	-1	0	1600000			1				5000													1					裤子
浩气正宗・舟茗绑腿	CustomArmor	20136	0	-1	-1	0	1600000			1				5000													1					裤子
浩气正宗・舟茗战靴	CustomArmor	20139	0	-1	-1	0	1120000			1				5000													1					鞋子
浩气正宗・舟茗马靴	CustomArmor	20140	0	-1	-1	0	1120000			1				5000													1					鞋子
义薄云天・世燃护手	CustomArmor	20143	0	-1	-1	0	1300000			1				5000													1					护臂
义薄云天・世燃护腕	CustomArmor	20144	0	-1	-1	0	1300000			1				5000													1					护臂
铁血丹心・离歆护手	CustomArmor	20145	0	-1	-1	0	2170000			1				5000													1					护臂
铁血丹心・离歆护腕	CustomArmor	20146	0	-1	-1	0	2170000			1				5000													1					护臂
义薄云天・世燃软帽	CustomArmor	20151	0	-1	-1	0	1680000			1				5000													1					头部
义薄云天・世燃风帽	CustomArmor	20152	0	-1	-1	0	1680000			1				5000													1					头部
铁血丹心・离歆软帽	CustomArmor	20153	0	-1	-1	0	2790000			1				5000													1					头部
铁血丹心・离歆风帽	CustomArmor	20154	0	-1	-1	0	2790000			1				5000													1					头部
义薄云天・世燃腰带	CustomArmor	20159	0	-1	-1	0	1300000			1				5000													1					腰带
义薄云天・世燃束腰	CustomArmor	20160	0	-1	-1	0	1300000			1				5000													1					腰带
铁血丹心・离歆腰带	CustomArmor	20161	0	-1	-1	0	2170000			1				5000													1					腰带
铁血丹心・离歆束腰	CustomArmor	20162	0	-1	-1	0	2170000			1				5000													1					腰带
义薄云天・世燃长衫	CustomArmor	20167	0	-1	-1	0	1860000			1				5000													1					上衣
义薄云天・世燃劲装	CustomArmor	20168	0	-1	-1	0	1860000			1				5000													1					上衣
铁血丹心・离歆长衫	CustomArmor	20169	0	-1	-1	0	3100000			1				5000													1					上衣
铁血丹心・离歆劲装	CustomArmor	20170	0	-1	-1	0	3100000			1				5000													1					上衣
义薄云天・世燃裤	CustomArmor	20175	0	-1	-1	0	1860000			1				5000													1					裤子
义薄云天・世燃裤	CustomArmor	20176	0	-1	-1	0	1860000			1				5000													1					裤子
铁血丹心・离歆裤	CustomArmor	20177	0	-1	-1	0	3100000			1				5000													1					裤子
铁血丹心・离歆裤	CustomArmor	20178	0	-1	-1	0	3100000			1				5000													1					裤子
义薄云天・世燃靴	CustomArmor	20183	0	-1	-1	0	1300000			1				5000													1					鞋子
义薄云天・世燃靴	CustomArmor	20184	0	-1	-1	0	1300000			1				5000													1					鞋子
铁血丹心・离歆靴	CustomArmor	20185	0	-1	-1	0	2170000			1				5000													1					鞋子
铁血丹心・离歆靴	CustomArmor	20186	0	-1	-1	0	2170000			1				5000													1					鞋子
义薄云天・怵异囊	CustomWeapon	5979	0	-1	-1	0	1120000			1				3000													1					远程武器
义薄云天・怵异囊	CustomWeapon	5980	0	-1	-1	0	1120000			1				3000													1					远程武器
义薄云天・怵异刀	CustomWeapon	5983	0	-1	-1	0	2230000			1				6000													1					近程武器
义薄云天・怵异刀	CustomWeapon	5984	0	-1	-1	0	2230000			1				6000													1					近程武器
铁血丹心・烈燧囊	CustomWeapon	5987	0	-1	-1	0	1860000			1				3000													1					远程武器
铁血丹心・烈燧囊	CustomWeapon	5988	0	-1	-1	0	1860000			1				3000													1					远程武器
铁血丹心・烈燧刀	CustomWeapon	5991	0	-1	-1	0	3720000			1				6000													1					近程武器
铁血丹心・烈燧刀	CustomWeapon	5992	0	-1	-1	0	3720000			1				6000													1					近程武器
义薄云天・世燃囊	CustomWeapon	6849	0	-1	-1	0	1120000			1				3000													1					远程武器
义薄云天・世燃囊	CustomWeapon	6850	0	-1	-1	0	1120000			1				3000													1					远程武器
义薄云天・世燃棒	CustomWeapon	6853	0	-1	-1	0	2230000			1				6000													1					近程武器
义薄云天・世燃棒	CustomWeapon	6854	0	-1	-1	0	2230000			1				6000													1					近程武器
铁血丹心・离歆囊	CustomWeapon	6857	0	-1	-1	0	1860000			1				6000													1					远程武器
铁血丹心・离歆囊	CustomWeapon	6858	0	-1	-1	0	1860000			1				6000													1					远程武器
铁血丹心・离歆棒	CustomWeapon	6861	0	-1	-1	0	3720000			1				6000													1					近程武器
铁血丹心・离歆棒	CustomWeapon	6862	0	-1	-1	0	3720000			1				6000													1					近程武器
