AIType	ScriptFile	IsPositive	AlertRange	SearchPlayerDistance	AlertOverTime	AttackRange	EscapeTime	EscapeRange	EscapeInterval	WanderRange	WanderDistance	WanderInterval	PatrolPathID	EscapeLife	PatrolOrderIndex	ReviveTeammate	CustomArguments	IsAutoTurn	NpcSceneType	IsSnarlInFight	DialogIdleTime
427	scripts/Map/世界通用/ai/标准无敌免屠杀.lua	0	768	768	32	256	64	0	32	0	384	80	0	0	0	0		1	0	0	320
1640	scripts/Map/世界通用/ai/标准无敌免屠杀.lua	0	768	768	32	256	64	0	32	0	384	80	0	30	0	0		1	0	0	320
1641	scripts/Map/世界通用/ai/标准无敌免屠杀.lua	0	768	768	32	256	64	0	32	0	384	80	0	0	0	0		1	0	0	320
1642	scripts/Map/世界通用/ai/标准无敌免屠杀.lua	0	768	768	32	256	64	0	32	0	384	80	0	30	0	0		1	0	0	320
1643	scripts/Map/世界通用/ai/标准无敌免屠杀.lua	0	768	768	32	256	64	0	32	0	384	80	0	30	0	0		1	0	0	320
1644	scripts/Map/世界通用/ai/标准无敌免屠杀.lua	0	768	768	32	256	64	0	32	0	384	80	0	30	0	0		1	0	0	320
1645	scripts/Map/世界通用/ai/标准无敌免屠杀.lua	0	768	768	32	256	64	0	32	0	384	80	0	30	0	0		1	0	0	320
1646	scripts/Map/世界通用/ai/标准无敌免屠杀.lua	0	768	768	32	256	64	0	32	0	384	80	0	30	0	0		1	0	0	320
1647	scripts/Map/世界通用/ai/标准无敌免屠杀.lua	0	768	768	32	256	64	0	32	0	384	80	0	30	0	0		1	0	0	320
1648	scripts/Map/世界通用/ai/标准无敌免屠杀.lua	0	768	768	32	256	64	0	32	0	384	80	0	30	0	0		1	0	0	320
1649	scripts/Map/世界通用/ai/标准无敌免屠杀.lua	0	768	768	32	256	64	0	32	0	384	80	0	30	0	0		1	0	0	320
1650	scripts/Map/世界通用/ai/标准无敌免屠杀.lua	0	768	768	32	256	64	0	32	0	384	80	0	30	0	0		1	0	0	320
1651	scripts/Map/世界通用/ai/标准无敌免屠杀.lua	0	768	768	32	256	64	0	32	0	384	80	0	30	0	0		1	0	0	320
1652	scripts/Map/世界通用/ai/标准无敌免屠杀.lua	0	768	768	32	256	64	0	32	0	384	80	0	30	0	0		1	0	0	320
1653	scripts/Map/世界通用/ai/标准无敌免屠杀.lua	0	768	768	32	256	64	0	32	0	384	80	0	30	0	0		1	0	0	320
1654	scripts/Map/世界通用/ai/标准无敌免屠杀.lua	0	768	768	32	256	64	0	32	0	384	80	0	30	0	0		1	0	0	320
1655	scripts/Map/世界通用/ai/标准无敌免屠杀.lua	0	768	768	32	256	64	0	32	0	384	80	0	30	0	0		1	0	0	320
1656	scripts/Map/世界通用/ai/标准无敌免屠杀.lua	0	768	768	32	256	64	0	32	0	384	80	0	30	0	0		1	0	0	320
1657	scripts/Map/世界通用/ai/标准无敌免屠杀.lua	0	768	768	32	256	64	0	32	0	384	80	0	30	0	0		1	0	0	320
1658	scripts/Map/世界通用/ai/标准无敌免屠杀.lua	0	768	768	32	256	64	0	32	0	384	80	0	30	0	0		1	0	0	320
1659	scripts/Map/世界通用/ai/标准无敌免屠杀.lua	0	768	768	32	256	64	0	32	0	384	80	0	30	0	0		1	0	0	320
1660	scripts/Map/世界通用/ai/标准无敌免屠杀.lua	0	768	768	32	256	64	0	32	0	384	80	0	30	0	0		1	0	0	320
1661	scripts/Map/世界通用/ai/标准无敌免屠杀.lua	0	768	768	32	256	64	0	32	0	384	80	0	30	0	0		1	0	0	320
1662	scripts/Map/世界通用/ai/标准无敌免屠杀.lua	0	768	768	32	256	64	0	32	0	384	80	0	30	0	0		1	0	0	320
1663	scripts/Map/世界通用/ai/标准无敌免屠杀.lua	1	768	768	32	256	64	0	32	0	384	80	0	30	0	0		1	0	1	320
1664	scripts/Map/世界通用/ai/标准无敌免屠杀.lua	1	768	768	32	256	64	0	32	0	384	80	0	30	0	0		1	0	1	320
1665	scripts/ai/StandardAI.lua	0	768	768	32	256	64	0	32	0	384	80	0	30	0	0		1	0	0	320
1666	scripts/Map/世界通用/ai/标准无敌免屠杀.lua	0	768	768	32	256	64	0	32	0	384	80	0	30	0	0		1	0	0	320
1667	scripts/Map/世界通用/ai/标准无敌免屠杀.lua	0	768	768	32	256	64	0	32	0	384	80	0	30	0	0		1	0	0	320
1668	scripts/Map/世界通用/ai/标准无敌免屠杀.lua	0	768	768	32	256	64	0	32	0	384	80	0	30	0	0		1	0	0	320
1669	scripts/Map/世界通用/ai/标准无敌免屠杀.lua	0	768	768	32	256	64	0	32	0	384	80	0	30	0	0		1	0	0	320
1670	scripts/Map/世界通用/ai/标准无敌免屠杀.lua	0	768	768	32	256	64	0	32	0	384	80	0	30	0	0		1	0	0	320
1671	scripts/Map/世界通用/ai/标准无敌免屠杀.lua	0	768	768	32	256	64	0	32	0	384	80	0	30	0	0		1	0	0	320
1672	scripts/Map/世界通用/ai/标准无敌免屠杀.lua	0	768	768	32	256	64	0	32	0	384	80	0	30	0	0		1	0	0	320
1673	scripts/Map/世界通用/ai/标准无敌免屠杀.lua	0	768	768	32	256	64	0	32	0	384	80	0	30	0	0		1	0	0	320
1674	scripts/Map/世界通用/ai/标准无敌免屠杀.lua	0	768	768	32	256	64	0	32	0	384	80	0	30	0	0		1	0	0	320
1675	scripts/ai/StandardAI.lua	1	768	768	32	256	64	0	32	0	384	80	0	0	0	0		1	0	1	320
1676	scripts/ai/StandardAI.lua	1	768	768	32	256	64	0	32	0	384	80	0	0	0	0		1	0	1	320
1677	scripts/ai/StandardAI.lua	1	768	768	32	256	64	0	32	0	384	80	0	0	0	0		1	0	1	320
1678	scripts/ai/StandardAI.lua	1	768	768	32	256	64	0	32	0	384	80	0	0	0	0		1	0	1	320
1679	scripts/Map/世界通用/ai/标准无敌免屠杀.lua	0	768	768	32	256	64	0	32	0	384	80	0	30	0	0		1	0	0	320
1680	scripts/Map/世界通用/ai/标准无敌免屠杀.lua	0	768	768	32	256	64	0	32	0	384	80	0	30	0	0		1	0	0	320
1681	scripts/Map/世界通用/ai/标准无敌免屠杀.lua	0	768	768	32	256	64	0	32	0	384	80	0	30	0	0		1	0	0	320
1682	scripts/Map/世界通用/ai/标准无敌免屠杀.lua	0	768	768	32	256	64	0	32	0	384	80	0	30	0	0		1	0	0	320
1683	scripts/Map/世界通用/ai/标准无敌免屠杀.lua	1	768	768	32	256	64	0	32	0	384	80	0	0	0	0		1	0	1	320
1684	scripts/Map/世界通用/ai/标准无敌免屠杀.lua	0	768	768	32	256	64	0	32	0	384	80	0	30	0	0		0	0	0	320
1685	scripts/Map/世界通用/ai/标准无敌免屠杀.lua	0	768	768	32	256	64	0	32	0	384	80	0	30	0	0		1	0	0	320
1686	scripts/Map/世界通用/ai/标准无敌免屠杀.lua	0	768	768	32	256	64	0	32	0	384	80	0	30	0	0		0	0	0	320
1687	scripts/Map/世界通用/ai/标准无敌免屠杀.lua	0	768	768	32	256	64	0	32	0	384	80	0	30	0	0		0	0	0	320
1688	scripts/Map/世界通用/ai/标准无敌免屠杀.lua	0	768	768	32	256	64	0	32	0	384	80	0	30	0	0		1	0	0	320
1689	scripts/Map/世界通用/ai/标准无敌免屠杀.lua	0	768	768	32	256	64	0	32	0	384	80	0	30	0	0		1	0	0	320
1690	scripts/Map/世界通用/ai/标准无敌免屠杀.lua	0	768	768	32	256	64	0	32	0	384	80	0	30	0	0		1	0	0	320
1691	scripts/Map/世界通用/ai/标准无敌免屠杀.lua	0	768	768	32	256	64	0	32	0	384	80	0	30	0	0		1	0	0	320
1692	scripts/ai/CommonFoolish.lua	0	768	768	32	256	64	960	32	512	384	80	0	30	0	0		1	0	0	320
1693	scripts/Map/世界通用/ai/标准无敌免屠杀.lua	1	768	768	32	256	64	0	32	0	384	80	0	30	0	0		1	0	1	320
1694	scripts/ai/StandardAI.lua	0	0	0	0	256	320	2048	16	0	0	16	0	0	1	0		0	0	0	320
1695	scripts/Map/世界通用/ai/标准无敌免屠杀.lua	1	768	768	32	256	64	0	32	0	384	80	0	30	0	0		1	0	1	320
1696	scripts/Map/世界通用/ai/标准无敌免屠杀.lua	0	768	768	32	256	64	0	32	0	384	80	0	30	0	0		1	0	0	320
1697	scripts/Map/世界通用/ai/标准无敌免屠杀.lua	0	768	768	32	256	64	0	32	0	384	80	0	0	0	0		1	0	0	320
1698	scripts/Map/世界通用/ai/标准无敌免屠杀.lua	0	768	768	32	256	64	0	32	0	384	80	0	30	0	0		1	0	0	320
1699	scripts/Map/世界通用/ai/标准无敌免屠杀.lua	0	768	768	32	256	64	0	32	0	384	80	0	30	0	0		1	0	0	320
1700	scripts/Map/世界通用/ai/标准无敌免屠杀.lua	0	768	768	32	256	64	0	32	0	384	80	0	30	0	0		1	0	0	320
1702	scripts/ai/StandardAI.lua	1	468	468	32	128	64	0	32	0	384	80	0	0	0	0		1	0	1	320
1703	scripts/ai/StandardAI.lua	0	768	768	32	256	64	0	32	0	384	80	0	0	0	0		1	0	0	320
1704	scripts/ai/StandardAI.lua	0	768	768	32	256	64	0	32	512	384	80	0	0	0	0		1	0	0	320
1705	scripts/ai/StandardAI.lua	0	768	768	32	256	64	0	32	512	384	80	0	0	0	0		1	0	0	320
1706	scripts/ai/StandardAI.lua	0	768	768	32	256	64	0	32	512	384	80	0	0	0	0		1	0	0	320
1707	scripts/ai/StandardAI.lua	0	768	768	32	256	64	0	32	0	384	80	0	0	0	0		1	0	0	320
1708	scripts/ai/StandardAI.lua	0	768	768	32	256	64	0	32	512	384	80	0	0	0	0		1	0	0	320
1709	scripts/ai/StandardAI.lua	1	768	768	32	256	64	960	32	512	384	80	0	30	0	0		1	0	1	320
1710	scripts/ai/StandardAI.lua	1	768	768	32	256	64	0	32	512	384	80	0	0	0	0		1	0	1	320
1711	scripts/ai/StandardAI.lua	1	768	768	32	256	64	0	32	0	384	80	0	30	0	0		1	0	1	320
1712	scripts/ai/StandardAI.lua	1	768	768	32	256	64	0	32	512	384	80	0	0	0	0		1	0	1	320
1713	scripts/ai/StandardAI.lua	1	768	768	32	256	64	0	32	0	384	80	0	30	0	0		1	0	1	320
1714	scripts/ai/StandardAI.lua	1	768	768	32	256	64	0	32	0	384	80	0	30	0	0		1	0	1	320
1715	scripts/ai/StandardAI.lua	0	768	768	32	256	64	0	32	512	384	80	0	0	0	0		1	0	0	320
1716	scripts/ai/StandardAI.lua	0	768	768	32	256	64	0	32	0	384	80	0	30	0	0		1	0	0	320
1717	scripts/ai/StandardAI.lua	0	768	768	32	256	64	0	32	0	384	80	0	30	0	0		1	0	0	320
1718	scripts/ai/StandardAI.lua	0	768	768	32	256	64	0	32	0	384	80	0	30	0	0		1	0	0	320
1719	scripts/ai/StandardAI.lua	1	768	768	32	256	64	0	32	0	384	80	0	30	0	0		1	0	1	320
1720	scripts/ai/StandardAI.lua	1	768	768	32	256	64	0	32	0	384	80	0	30	0	0		1	0	1	320
1721	scripts/ai/StandardAI.lua	1	768	768	32	256	64	0	32	0	384	80	0	30	0	0		1	0	1	320
1722	scripts/ai/StandardAI.lua	0	768	768	32	256	64	0	32	0	384	80	0	0	0	0		1	0	0	320
1723	scripts/ai/StandardAI.lua	0	768	768	32	256	64	0	32	0	384	80	0	0	0	0		1	0	0	320
1724	scripts/Map/世界通用/ai/标准无敌免屠杀.lua	1	768	768	32	256	64	0	32	0	384	80	0	30	0	0		1	0	1	320
1725	scripts/ai/StandardAI.lua	1	768	768	32	256	64	0	32	0	384	80	0	30	0	0		1	0	1	320
1744	scripts/ai/StandardAI.lua	0	768	768	32	256	64	0	32	512	384	80	0	30	0	0		1	0	0	320
1745	scripts/ai/StandardAI.lua	1	768	768	32	256	64	0	32	0	384	80	0	30	0	0		1	0	1	320
1746	scripts/Map/世界通用/ai/标准无敌免屠杀.lua	0	768	768	32	256	64	0	32	0	384	80	0	30	0	0		1	0	0	320
1747	scripts/ai/StandardAI.lua	0	768	768	32	256	64	0	32	0	384	80	0	30	0	0		0	0	0	320
1748	scripts/ai/StandardAI.lua	0	768	768	32	256	64	0	32	0	384	80	0	30	0	0		1	0	0	320
1749	scripts/Map/世界通用/ai/标准无敌免屠杀.lua	0	768	768	32	256	64	0	32	0	384	80	0	30	0	0		1	0	0	320
1750	scripts/ai/StandardAI.lua	0	768	768	32	256	64	0	32	0	384	80	0	30	0	0		1	0	0	320
1751	scripts/Map/世界通用/ai/标准无敌免屠杀.lua	0	768	768	32	256	64	0	32	0	384	80	0	30	0	0		1	0	0	320
1752	scripts/ai/StandardAI.lua	1	768	768	32	256	64	0	32	512	384	80	0	30	0	0		1	0	1	320
1896	scripts/ai/StandardAI.lua	1	768	768	32	256	64	0	32	0	384	80	0	30	0	0		1	0	1	320
1916	scripts/ai/StandardAI.lua	0	768	768	32	256	64	0	32	0	384	80	0	30	0	0		1	0	0	320
1917	scripts/Map/世界通用/ai/标准无敌免屠杀.lua	0	768	768	32	256	64	0	32	0	384	80	0	30	0	0		1	0	0	320
1918	scripts/Map/世界通用/ai/标准无敌免屠杀.lua	0	768	768	32	256	64	0	32	0	384	80	0	30	0	0		1	0	0	320
1919	scripts/Map/世界通用/ai/标准无敌免屠杀.lua	0	768	768	32	256	64	0	32	0	384	80	0	30	0	0		1	0	0	320
1920	scripts/ai/StandardAI.lua	1	768	768	32	256	64	0	32	0	384	80	0	30	0	0		1	0	1	320
1921	scripts/ai/StandardAI.lua	0	768	768	32	256	64	0	32	512	384	80	0	0	0	0		1	0	0	320
1922	scripts/ai/StandardAI.lua	1	768	768	32	256	64	0	32	512	384	80	0	30	0	0		1	0	1	320
1923	scripts/ai/StandardAI.lua	1	768	768	32	256	64	0	32	512	384	80	0	30	0	0		1	0	1	320
1924	scripts/ai/StandardAI.lua	1	768	768	32	256	64	0	32	0	384	80	0	30	0	0		1	0	1	320
1925	scripts/ai/StandardAI.lua	0	768	768	32	256	64	960	32	512	384	80	0	30	0	0		1	0	0	320
1926	scripts/ai/StandardAI.lua	1	768	768	32	256	64	0	32	512	384	80	0	30	0	0		1	0	1	320
1927	scripts/ai/StandardAI.lua	0	768	768	32	256	64	0	32	512	384	80	0	0	0	0		1	0	0	320
1928	scripts/ai/StandardAI.lua	1	768	768	32	256	64	0	32	0	384	80	0	30	0	0		1	0	1	320
1929	scripts/ai/StandardAI.lua	1	768	768	32	256	64	0	32	0	384	80	0	30	0	0		1	0	1	320
1930	scripts/ai/StandardAI.lua	0	768	768	32	256	64	0	32	0	384	80	0	0	0	0		1	0	0	320
1931	scripts/ai/StandardAI.lua	0	768	768	32	256	64	0	32	0	384	80	0	0	0	0		1	0	0	320
1932	scripts/ai/StandardAI.lua	1	768	768	32	256	64	0	32	0	384	80	0	30	0	0		1	0	1	320
1933	scripts/ai/StandardAI.lua	1	768	768	32	256	64	0	32	0	384	80	0	30	0	0		1	0	1	320
1934	scripts/ai/StandardAI.lua	0	768	768	32	256	64	0	32	512	384	80	0	30	0	0		1	0	0	320
1935	scripts/Map/天策/ai/庞协.lua	0	768	768	32	256	64	0	32	0	384	80	0	30	0	0		1	0	0	320
1949	scripts/Map/世界通用/ai/标准无敌免屠杀.lua	0	768	768	32	256	64	0	32	0	384	80	0	30	0	0		1	0	0	320
1950	scripts/Map/世界通用/ai/标准无敌免屠杀.lua	0	768	768	32	256	64	960	32	0	384	80	0	30	0	0		1	0	0	320
1953	scripts\ai\GuarderAI.lua	1	768	768	32	256	64	0	32	0	384	80	0	30	0	0		0	0	1	320
1954	scripts/Map/世界通用/ai/标准无敌免屠杀.lua	0	768	768	32	256	64	0	32	0	384	80	0	30	0	0		1	0	0	320
1955	scripts/ai/CommonFoolish.lua	0	768	768	32	256	64	960	32	512	384	80	0	30	0	0		1	0	0	320
1956	scripts/ai/CommonFoolish.lua	0	768	768	32	256	64	960	32	512	384	80	0	30	0	0		1	0	0	320
1957	scripts/ai/CommonFoolish.lua	0	768	768	32	256	64	960	32	512	384	80	0	30	0	0		1	0	0	320
1958	scripts/Map/世界通用/ai/标准无敌免屠杀.lua	0	768	768	32	256	64	0	32	0	384	80	0	30	0	0		1	0	0	320
1959	scripts/Map/世界通用/ai/标准无敌免屠杀.lua	0	768	768	32	256	64	0	32	0	384	80	0	30	0	0		1	0	0	320
1960	scripts/Map/世界通用/ai/标准无敌免屠杀.lua	0	768	768	32	256	64	0	32	0	384	80	0	0	0	0		1	0	0	320
1961	scripts/Map/世界通用/ai/标准无敌免屠杀.lua	0	768	768	32	256	64	0	32	0	384	80	0	30	0	0		1	0	0	320
1962	scripts/Map/世界通用/ai/标准无敌免屠杀.lua	0	768	768	32	256	64	960	32	0	384	80	0	30	0	0		1	0	0	320
1963	scripts/Map/世界通用/ai/标准无敌免屠杀.lua	0	768	768	32	256	64	0	32	0	384	80	0	30	0	0		1	0	0	320
1964	scripts/Map/世界通用/ai/标准无敌免屠杀.lua	0	768	768	32	256	64	0	32	0	384	80	0	30	0	0		1	0	0	320
1965	scripts/Map/世界通用/ai/标准无敌免屠杀.lua	0	768	768	32	256	64	0	32	0	384	80	0	30	0	0		0	0	0	320
1966	scripts/Map/世界通用/ai/标准无敌免屠杀.lua	0	768	768	32	256	64	0	32	0	384	80	0	30	0	0		1	0	0	320
1967	scripts/Map/世界通用/ai/标准无敌免屠杀.lua	0	768	768	32	256	64	0	32	0	384	80	0	30	0	0		1	0	0	320
1968	scripts/Map/世界通用/ai/标准无敌免屠杀.lua	0	768	768	32	256	64	0	32	0	384	80	0	30	0	0		1	0	0	320
1969	scripts/Map/世界通用/ai/标准无敌免屠杀.lua	0	768	768	32	256	64	0	32	0	384	80	0	30	0	0		0	0	0	320
2002	scripts/ai/StandardAI.lua	1	768	768	32	256	64	0	32	0	384	80	0	30	0	0		1	0	1	320
2003	scripts/ai/StandardAI.lua	1	768	768	32	256	64	0	32	0	384	80	0	30	0	0		1	0	1	320
2005	scripts/Map/天策/ai/庞协.lua	0	768	768	32	256	64	0	32	512	384	80	0	0	0	0		1	0	0	320
2006	scripts/ai/StandardAI.lua	1	768	768	32	256	64	0	32	0	384	80	0	30	0	0		1	0	1	320
2007	scripts/Map/世界通用/ai/标准无敌免屠杀.lua	0	768	768	32	256	64	0	32	0	384	80	0	30	0	0		1	0	0	320
2008	scripts/ai/StandardAI.lua	0	768	768	32	256	64	0	32	0	384	80	0	30	0	0		1	0	0	320
2055	scripts/ai/StandardAI.lua	0	768	768	32	256	64	0	32	0	384	80	0	30	0	0		1	0	0	320
2056	scripts/ai/StandardAI.lua	0	768	768	32	256	64	0	32	0	384	80	0	30	0	0		1	0	0	320
2057	scripts/ai/StandardAI.lua	0	768	768	32	256	64	0	32	0	384	80	0	30	0	0		1	0	0	320
2058	scripts/ai/StandardAI.lua	0	768	768	32	256	64	0	32	0	384	80	0	30	0	0		1	0	0	320
2059	scripts/Map/世界通用/ai/标准无敌免屠杀.lua	0	768	768	32	256	64	0	32	0	384	80	0	30	0	0		1	0	0	320
2077	scripts/Map/世界通用/ai/标准无敌免屠杀.lua	0	768	768	32	256	64	0	32	0	384	80	0	30	0	0		1	0	0	320
2090	scripts/Map/世界通用/ai/标准无敌免屠杀.lua	0	768	768	32	256	64	0	32	0	384	80	0	30	0	0		1	0	0	320
2095	scripts/ai/CommonFoolish.lua	0	768	768	32	256	64	0	32	0	384	80	0	0	0	0		0	0	0	320
2096	scripts/ai/CommonFoolish.lua	0	768	768	32	256	64	0	32	0	384	80	0	0	0	0		0	0	0	320
2097	scripts/ai/CommonFoolish.lua	0	768	768	32	256	64	0	32	0	384	80	0	0	0	0		0	0	0	320
2098	scripts/ai/CommonFoolish.lua	0	768	768	32	256	64	0	32	0	384	80	0	0	0	0		0	0	0	320
2099	scripts/ai/CommonFoolish.lua	0	768	768	32	256	64	0	32	0	384	80	0	0	0	0		0	0	0	320
2100	scripts/Map/世界通用/ai/标准无敌免屠杀.lua	0	768	768	32	256	64	0	32	0	384	80	0	30	0	0		1	0	0	320
2103	scripts/Map/世界通用/ai/标准无敌免屠杀.lua	0	768	768	32	256	64	0	32	0	384	80	0	30	0	0		1	0	0	320
2104	scripts/ai/CommonFoolish.lua	0	768	768	32	256	64	960	32	512	384	80	0	30	0	0		1	0	0	320
2115	scripts/ai/StandardAI.lua	0	768	768	32	256	64	0	32	0	384	80	0	0	0	0		1	0	0	320
2117	scripts/ai/StandardAI.lua	1	768	768	32	256	64	960	32	0	384	80	0	30	0	0		1	0	1	320
2119	scripts/ai/StandardAI.lua	1	768	768	32	256	64	0	32	0	384	80	0	30	0	0		1	0	1	320
2120	scripts/ai/StandardAI.lua	1	768	768	32	256	64	0	32	0	384	80	0	30	0	0		1	0	1	320
2121	scripts/ai/StandardAI.lua	1	768	768	32	256	64	0	32	0	384	80	0	30	0	0		1	0	1	320
2208	scripts/ai/CommonFoolish.lua	0	768	768	32	256	64	960	32	512	384	80	0	30	0	0		1	0	0	320
2211	scripts/ai/StandardAI.lua	0	768	768	32	256	64	0	32	512	384	80	0	0	0	0		1	0	0	320
2212	scripts/ai/StandardAI.lua	0	768	768	32	256	64	0	32	512	384	80	0	0	0	0		1	0	0	320
2213	scripts/ai/StandardAI.lua	0	768	768	32	256	64	0	32	512	384	80	0	0	0	0		1	0	0	320
2214	scripts/ai/StandardAI.lua	0	768	768	32	256	64	0	32	0	384	80	0	30	0	0		1	0	0	320
2215	scripts/Map/世界通用/ai/标准无敌免屠杀.lua	0	768	768	32	256	64	0	32	0	384	80	0	30	0	0		1	0	0	320
2239	scripts/Map/世界通用/ai/标准无敌免屠杀.lua	0	768	768	32	256	64	0	32	0	384	80	0	30	0	0		1	0	0	320
2241	scripts/Map/世界通用/ai/标准无敌免屠杀.lua	0	768	768	32	256	64	0	32	0	384	80	0	30	0	0		1	0	0	320
2242	scripts/Map/世界通用/ai/标准无敌免屠杀.lua	0	768	768	32	256	64	0	32	0	384	80	0	30	0	0		1	0	0	320
2295	scripts/Map/世界通用/ai/标准无敌免屠杀.lua	0	768	768	32	256	64	0	32	0	384	80	0	30	0	0		1	0	0	320
2344	scripts/Map/世界通用/ai/标准无敌免屠杀.lua	0	768	768	32	256	64	0	32	0	384	80	0	30	0	0		1	0	0	320
2349	scripts/ai/CommonFoolish.lua	0	768	768	32	256	64	960	32	512	384	80	0	30	0	0		1	0	0	320
2352	scripts/Map/世界通用/ai/标准无敌免屠杀.lua	0	768	768	32	256	64	0	32	0	384	80	0	30	0	0		1	0	0	320
2372	scripts/ai/StandardAI.lua	0	768	768	32	256	64	0	32	0	384	80	0	30	0	0		1	0	0	320
2381	scripts/ai/StandardAI.lua	0	768	768	32	256	64	960	32	512	384	80	0	30	0	0		1	0	0	320
2394	scripts/Map/世界通用/ai/标准无敌免屠杀.lua	0	768	768	32	256	64	0	32	0	384	80	0	30	0	0		1	0	0	320
2395	scripts/ai/CommonFoolish.lua	0	768	768	32	256	64	960	32	512	384	80	0	30	0	0		1	0	0	320
2396	scripts/ai/CommonFoolish.lua	0	768	768	32	256	64	960	32	512	384	80	0	30	0	0		1	0	0	320
2397	scripts/ai/CommonFoolish.lua	0	768	768	32	256	64	960	32	512	384	80	0	30	0	0		1	0	0	320
2398	scripts/ai/CommonFoolish.lua	0	768	768	32	256	64	960	32	512	384	80	0	30	0	0		1	0	0	320
2399	scripts/ai/CommonFoolish.lua	0	768	768	32	256	64	960	32	512	384	80	0	30	0	0		1	0	0	320
2400	scripts/ai/CommonFoolish.lua	0	768	768	32	256	64	960	32	512	384	80	0	30	0	0		1	0	0	320
2401	scripts/ai/CommonFoolish.lua	0	768	768	32	256	64	960	32	512	384	80	0	30	0	0		1	0	0	320
2402	scripts/ai/CommonFoolish.lua	0	768	768	32	256	64	960	32	512	384	80	0	30	0	0		1	0	0	320
2403	scripts/ai/CommonFoolish.lua	0	768	768	32	256	64	960	32	512	384	80	0	30	0	0		1	0	0	320
2418	scripts/Map/世界通用/ai/标准无敌免屠杀.lua	0	768	768	32	256	64	0	32	0	384	80	0	30	0	0		1	0	0	320
2419	scripts/Map/世界通用/ai/标准无敌免屠杀.lua	0	768	768	32	256	64	0	32	0	384	80	0	30	0	0		1	0	0	320
2420	scripts/Map/世界通用/ai/标准无敌免屠杀.lua	0	768	768	32	256	64	0	32	0	384	80	0	30	0	0		1	0	0	320
2423	scripts/Map/世界通用/ai/标准无敌免屠杀.lua	0	768	768	32	256	64	0	32	0	384	80	0	30	0	0		1	0	0	320
2431	scripts/ai/StandardAI.lua	1	768	768	32	256	64	0	32	512	384	80	0	30	0	0		1	0	1	320
2432	scripts/Map/世界通用/ai/标准无敌免屠杀.lua	0	768	768	32	256	64	0	32	0	384	80	0	30	0	0		1	0	0	320
2434	scripts/Map/世界通用/ai/标准无敌免屠杀.lua	0	768	768	32	256	64	0	32	0	384	80	0	30	0	0		1	0	0	320
2435	scripts/Map/世界通用/ai/标准无敌免屠杀.lua	0	768	768	32	256	64	0	32	0	384	80	0	30	0	0		1	0	0	320
2451	scripts/Map/世界通用/ai/标准无敌免屠杀.lua	0	768	768	32	256	64	0	32	0	384	80	0	30	0	0		1	0	0	320
2539	scripts/ai/StandardAI.lua	1	768	768	32	256	64	0	32	0	384	80	0	30	0	0		1	0	1	320
2576	scripts/Map/世界通用/ai/标准无敌免屠杀.lua	0	768	768	32	256	64	0	32	0	384	80	0	0	0	0		1	0	0	320
2577	scripts/Map/世界通用/ai/标准无敌免屠杀.lua	0	768	768	32	256	64	0	32	0	384	80	0	30	0	0		1	0	0	320
2589	scripts/Map/世界通用/ai/标准无敌免屠杀.lua	0	768	768	32	256	64	0	32	0	384	80	0	30	0	0		1	0	0	320
3153	scripts/Map/世界通用/ai/标准无敌免屠杀.lua	0	768	768	32	256	64	0	32	0	384	80	0	30	0	0		1	0	0	320
3273	scripts/ai/StandardAI.lua	0	768	768	32	256	64	0	32	0	384	80	0	30	0	0		1	0	0	320
3293	scripts\Map\天策\ai\天枪一营兵士.lua	0	768	768	32	256	64	0	32	0	384	80	0	0	0	0		1	0	0	320
3298	scripts/ai/CommonFoolish.lua	0	768	768	32	256	64	960	32	512	384	80	0	30	0	0		1	0	0	320
3319	scripts/ai/StandardAI.lua	1	768	768	32	256	64	960	32	0	384	80	0	30	0	0		1	0	1	320
3341	scripts/ai/StandardAI.lua	1	768	768	32	256	64	0	32	0	384	80	0	30	0	0		1	0	1	320
3342	scripts/Map/世界通用/ai/标准无敌免屠杀.lua	0	768	768	32	256	64	0	32	0	384	80	0	0	0	0		1	0	0	320
3345	scripts\Map\天策\ai\天枪一营兵士.lua	0	768	768	32	512	64	0	32	0	384	80	0	0	0	0		1	0	0	320
3346	scripts\Map\天策\ai\天枪一营兵士.lua	0	768	768	32	256	64	0	32	0	384	80	0	0	0	0		1	0	0	320
3347	scripts\Map\天策\ai\天枪一营兵士.lua	0	768	768	32	512	64	0	32	0	384	80	0	0	0	0		1	0	0	320
3402	scripts/ai/StandardAI.lua	1	768	768	32	256	64	0	32	512	384	80	0	0	0	0		1	0	1	320
3403	scripts/ai/StandardAI.lua	1	768	768	32	256	64	0	32	0	384	80	0	30	0	0		1	0	1	320
3404	scripts/ai/StandardAI.lua	1	768	768	32	256	64	960	32	512	384	80	0	30	0	0		1	0	1	320
3424	scripts\Map\天策\ai\天策军马.lua	0	768	768	32	256	64	0	32	0	0	80	0	0	0	0		1	0	0	320
3425	scripts/Map/世界通用/ai/标准无敌免屠杀.lua	0	768	768	32	256	64	0	32	0	384	80	0	30	0	0		1	0	0	320
3434	scripts/ai/StandardAI.lua	0	768	768	32	256	64	0	32	0	384	80	0	0	0	0		1	0	0	320
3435	scripts/ai/StandardAI.lua	0	768	768	32	256	64	0	32	0	128	80	0	0	0	0		1	0	0	320
3471	scripts/ai/StandardAI.lua	1	768	768	32	256	64	0	32	0	384	80	0	0	0	0		1	0	1	320
3472	scripts/ai/StandardAI.lua	1	768	768	32	256	64	0	32	0	384	80	0	0	0	0		1	0	1	320
3473	scripts/ai/StandardAI.lua	1	768	768	32	256	64	0	32	0	384	80	0	0	0	0		1	0	1	320
3474	scripts/ai/StandardAI.lua	1	768	768	32	256	64	0	32	0	384	80	0	0	0	0		1	0	1	320
3475	scripts/ai/StandardAI.lua	1	768	768	32	256	64	0	32	0	384	80	0	0	0	0		1	0	1	320
3476	scripts/ai/StandardAI.lua	0	768	768	32	256	64	0	32	512	384	80	0	0	0	0		1	0	0	320
3477	scripts/ai/StandardAI.lua	1	768	768	32	256	64	0	32	0	384	80	0	30	0	0		1	0	1	320
3478	scripts/ai/StandardAI.lua	1	768	768	32	256	64	0	32	0	384	80	0	0	0	0		1	0	1	320
3479	scripts/ai/StandardAI.lua	1	768	768	32	256	64	0	32	0	384	80	0	0	0	0		1	0	1	320
3480	scripts/ai/StandardAI.lua	1	768	768	32	256	64	0	32	0	384	80	0	30	0	0		1	0	1	320
3481	scripts/ai/StandardAI.lua	1	768	768	32	256	80	0	32	512	384	80	0	30	0	0		0	0	1	320
3482	scripts/ai/StandardAI.lua	1	768	768	32	256	64	0	32	0	384	80	0	30	0	0		1	0	1	320
3557	scripts/ai/StandardAI.lua	1	768	768	32	256	64	0	32	512	384	80	0	30	0	0		1	0	1	320
3641	scripts/Map/世界通用/ai/标准无敌免屠杀.lua	0	768	768	32	256	64	0	32	0	384	80	0	30	0	0		1	0	0	320
3642	scripts/Map/世界通用/ai/标准无敌免屠杀.lua	0	768	768	32	256	64	0	32	0	384	80	0	30	0	0		1	0	0	320
3651	scripts/Map/世界通用/ai/标准无敌免屠杀.lua	0	768	768	32	256	64	0	32	0	384	80	0	30	0	0		1	0	0	320
3652	scripts/Map/世界通用/ai/标准无敌免屠杀.lua	1	768	768	32	256	64	0	32	0	384	80	0	30	0	0		1	0	1	320
3653	scripts/Map/世界通用/ai/标准无敌免屠杀.lua	1	768	768	32	256	64	0	32	0	384	80	0	30	0	0		1	0	1	320
3654	scripts/Map/世界通用/ai/标准无敌免屠杀.lua	0	768	768	32	256	64	0	32	0	384	80	0	30	0	0		1	0	0	320
3667	scripts/Map/世界通用/ai/标准无敌免屠杀.lua	1	768	768	32	256	64	0	32	0	384	80	0	30	0	0		1	0	1	320
3668	scripts/Map/世界通用/ai/标准无敌免屠杀.lua	1	768	768	32	256	64	0	32	0	384	80	0	30	0	0		1	0	1	320
3740	scripts/ai/StandardAI.lua	0	768	768	32	256	64	0	32	0	384	80	0	30	0	0		1	0	0	320
3779	scripts/Map/世界通用/ai/标准无敌免屠杀.lua	0	768	768	32	256	64	0	32	0	384	80	0	30	0	0		1	0	0	320
3781	scripts/Map/世界通用/ai/标准无敌免屠杀.lua	0	768	768	32	256	64	0	32	0	384	80	0	30	0	0		1	0	0	320
3782	scripts/Map/世界通用/ai/标准无敌免屠杀.lua	0	768	768	32	256	64	0	32	0	384	80	0	30	0	0		1	0	0	320
3783	scripts/Map/世界通用/ai/标准无敌免屠杀.lua	0	768	768	32	256	64	0	32	0	384	80	0	30	0	0		1	0	0	320
3800	scripts/Map/世界通用/ai/标准无敌免屠杀.lua	1	768	768	32	256	64	0	32	512	384	80	0	0	0	0		1	0	1	320
3813	scripts/ai/StandardAI.lua	0	768	768	32	256	64	0	32	0	384	80	0	0	0	0		1	0	0	320
3827	scripts/Map/世界通用/ai/标准无敌免屠杀.lua	0	768	768	32	256	64	0	32	0	384	80	0	0	0	0		1	0	0	320
3828	scripts/Map/世界通用/ai/标准无敌免屠杀.lua	0	768	768	32	256	64	0	32	0	384	80	0	0	0	0		1	0	0	320
3844	scripts/ai/StandardAI.lua	0	768	768	32	256	64	0	32	0	384	80	0	0	0	0		1	0	0	320
3848	scripts/ai/CommonFoolish.lua	0	768	768	32	256	64	960	32	512	384	80	0	30	0	0		1	0	0	320
3849	scripts/ai/StandardAI.lua	1	768	768	32	256	64	0	32	512	384	80	0	0	0	0		1	0	1	320
3877	scripts/Map/世界通用/ai/标准无敌免屠杀.lua	0	768	768	32	256	64	0	32	0	384	80	0	30	0	0		1	0	0	320
3892	scripts/Map/世界通用/ai/标准无敌免屠杀.lua	0	768	768	32	256	64	0	32	0	384	80	0	0	0	0		1	0	0	320
3897	scripts/ai/CommonFoolish.lua	0	768	768	32	256	64	960	32	512	384	80	0	30	0	0		1	0	0	320
4754	scripts/Map/世界通用/ai/标准无敌免屠杀.lua	0	768	768	32	256	64	0	32	0	384	80	0	30	0	0		1	0	0	320
4756	scripts/Map/世界通用/ai/标准无敌免屠杀.lua	0	768	768	32	256	64	0	32	0	384	80	0	0	0	0		1	0	0	320
4757	scripts/Map/世界通用/ai/标准无敌免屠杀.lua	0	768	768	32	256	64	0	32	0	384	80	0	0	0	0		1	0	0	320
4965	scripts/ai/StandardAI.lua	0	768	768	32	256	64	0	32	0	384	80	0	0	0	0		1	0	0	320
5315	scripts/Map/世界通用/ai/标准无敌免屠杀.lua	0	768	768	32	256	64	0	32	0	384	80	0	30	0	0		1	0	0	320
5945	scripts/Map/世界通用/ai/标准无敌免屠杀.lua	1	768	768	32	256	64	0	32	0	384	80	0	0	0	0		1	0	1	320
5946	scripts\ai\GuarderAI.lua	1	768	768	32	256	64	0	32	0	384	80	0	0	0	0		0	0	1	320
5972	scripts/ai/StandardAI.lua	0	768	768	32	256	64	0	32	0	384	80	0	0	0	0		0	0	0	320
7700	scripts/Map/世界通用/ai/标准无敌免屠杀.lua	0	768	768	32	256	64	0	32	0	384	80	0	0	0	0		1	0	0	320
7708	scripts/Map/世界通用/ai/标准无敌免屠杀.lua	0	768	768	32	256	64	0	32	0	384	80	0	0	0	0		1	0	0	320
18593	scripts/Map/世界通用/ai/标准无敌免屠杀.lua	0	768	768	32	256	64	0	32	0	384	80	0	0	0	0		1	0	0	320
20822	scripts/Map/世界通用/ai/标准无敌免屠杀.lua	0	768	768	32	256	64	0	32	0	384	80	0	0	0	0		1	0	0	320
20823	scripts/Map/世界通用/ai/标准无敌免屠杀.lua	0	768	768	32	256	64	0	32	0	384	80	0	0	0	0		1	0	0	320
20824	scripts/Map/世界通用/ai/标准无敌免屠杀.lua	0	768	768	32	256	64	0	32	0	384	80	0	0	0	0		1	0	0	320
26892	scripts/ai/StandardAI.lua	0	768	768	32	256	64	0	32	0	384	80	0	0	0	0		1	0	0	320
26893	scripts/Map/天策/ai/庞协.lua	0	768	768	32	256	64	0	32	0	384	80	0	0	0	0		1	0	0	320
26894	scripts/Map/天策/ai/庞协.lua	0	768	768	32	256	64	0	32	0	384	80	0	0	0	0		1	0	0	320
26895	scripts/ai/StandardAI.lua	1	768	768	32	256	64	0	32	512	384	80	0	99	0	0		1	0	0	320
26896	scripts/ai/StandardAI.lua	1	768	768	32	256	64	960	32	512	384	80	0	98	0	0		1	0	0	320
26917	scripts/Map/天策/ai/庞协.lua	0	768	768	32	256	64	0	32	0	384	80	0	0	0	0		1	0	0	320
26918	scripts/ai/StandardAI.lua	0	768	768	32	256	64	0	32	0	384	80	0	0	0	0		1	0	0	320
27040	scripts\Map\天策\ai\赛马监控.lua	0	768	768	32	256	64	0	32	0	384	80	0	0	0	0		1	0	0	320
27448	scripts/ai/StandardAI.lua	0	768	768	32	256	64	0	32	0	384	80	0	0	0	0		1	0	0	320
27529	scripts/ai/StandardAI.lua	0	768	768	32	256	64	0	32	0	384	80	0	0	0	0		1	0	0	320
27530	scripts/ai/StandardAI.lua	0	768	768	32	256	64	0	32	0	384	80	0	0	0	0		1	0	0	320
27531	scripts\Map\成都\ai\动物表现\动物逃跑.lua	0	768	768	32	256	64	0	32	0	384	80	0	0	0	0		1	0	0	320
27532	scripts\Map\扬州\ai\乌鸦.lua	0	768	768	32	256	64	0	32	0	384	80	0	0	0	0		1	0	0	320
27534	scripts/ai/StandardAI.lua	0	768	768	32	256	64	0	32	0	384	80	0	0	0	0		1	0	0	320
27558	scripts/ai/StandardAI.lua	0	768	768	32	256	64	0	32	0	384	80	0	0	0	0		1	0	0	320
27559	scripts/ai/StandardAI.lua	0	768	768	32	256	64	0	32	0	384	80	0	0	0	0		1	0	0	320
27560	scripts/ai/StandardAI.lua	0	768	768	32	256	64	0	32	0	384	80	0	0	0	0		1	0	0	320
37349	scripts/ai/StandardAI.lua	0	768	768	32	256	64	0	32	0	384	80	0	0	0	0		1	0	0	320
43658	scripts/Map/世界通用/ai/标准无敌免屠杀.lua	0	768	768	32	256	64	0	32	0	384	80	0	0	0	0		1	0	0	320
55849	scripts/ai/StandardAI.lua	0	768	768	32	256	64	0	32	0	384	80	0	0	0	0		1	0	0	320
55858	scripts/ai/StandardAI.lua	0	768	768	32	256	64	0	32	0	384	80	0	0	0	0		1	0	0	320
55865	scripts/Map/天策/ai/孔明灯总控.lua	0	768	768	32	256	64	0	32	0	384	80	0	0	0	0		1	0	0	320
55874	scripts/Map/天策/ai/演武表现总控.lua	0	768	768	32	256	64	0	32	0	384	80	0	0	0	0		1	0	0	320
55877	scripts/Map/天策/ai/周敬中英勇表现.lua	0	768	768	32	256	64	0	32	0	384	80	0	0	0	0		1	0	0	320
55886	scripts/ai/StandardAI.lua	0	768	768	32	256	64	0	32	512	384	80	0	0	0	0		1	0	0	320
55887	scripts/ai/StandardAI.lua	0	768	768	32	256	64	0	32	512	384	80	0	0	0	0		1	0	0	320
55891	scripts/ai/StandardAI.lua	1	768	768	32	256	64	0	32	0	384	80	0	30	0	0		1	0	1	320
55895	scripts/Map/天策/ai/天策打架总控.lua	0	768	768	32	256	64	0	32	0	384	80	0	0	0	0		1	0	0	320
55927	scripts/ai/StandardAI.lua	0	768	768	32	256	64	0	32	0	384	80	0	0	0	0		1	0	0	320
55937	scripts/Map/天策/ai/说话总控.lua	0	768	768	32	256	64	0	32	0	384	80	0	0	0	0		1	0	0	320
55947	scripts/ai/StandardAI.lua	0	768	768	32	256	64	0	32	0	384	80	0	0	0	0		0	0	0	320
55950	scripts/Map/天策/ai/熊宗生.lua	0	768	768	32	256	64	0	32	0	384	80	0	30	0	0		1	0	0	320
55952	scripts/Map/天策/ai/枪气天策.lua	0	768	768	32	256	64	0	32	0	384	80	0	0	0	0		1	0	0	320
56003	scripts\Map\明教\ai\孔明灯飘啊飘.lua	0	768	768	32	256	64	0	32	0	384	80	0	0	0	0		0	0	0	320
56459	scripts/Map/世界通用/ai/标准无敌免屠杀.lua	1	768	768	32	256	64	0	32	0	384	80	0	30	0	0		1	0	1	320
56460	scripts/Map/世界通用/ai/标准无敌免屠杀.lua	1	768	768	32	256	64	0	32	0	384	80	0	30	0	0		1	0	1	320
56461	scripts/Map/世界通用/ai/标准无敌免屠杀.lua	1	768	768	32	256	64	0	32	0	384	80	0	30	0	0		1	0	1	320
56467	scripts/ai/StandardAI.lua	1	768	768	32	256	64	0	32	0	384	80	0	30	0	0		1	0	1	320
56508	scripts/ai/StandardAI.lua	1	768	768	32	256	64	0	32	0	384	80	0	30	0	0		1	0	1	320
57307	scripts/Map/长歌门/ai/通用需要战斗的剧情NPC.lua	0	768	768	32	256	64	0	32	0	384	80	0	0	0	0		1	0	0	320
57310	scripts/ai/StandardAI.lua	0	768	768	32	256	64	0	32	0	384	80	0	0	0	0		1	0	0	320
57484	scripts/Map/世界通用/ai/标准无敌免屠杀.lua	0	768	768	32	256	64	0	32	0	384	80	0	0	0	0		1	0	0	320
57492	scripts/ai/StandardAI.lua	1	768	768	32	256	64	960	32	512	384	80	0	30	0	0		1	0	1	320
57494	scripts/ai/StandardAI.lua	1	768	768	32	256	64	0	32	0	384	80	0	30	0	0		1	0	1	320
57495	scripts/Map/世界通用/ai/标准无敌免屠杀.lua	1	768	768	32	256	64	0	32	0	384	80	0	30	0	0		1	0	1	320
57529	scripts/ai/StandardAI.lua	1	768	768	32	256	64	0	32	0	384	80	0	0	0	0		1	0	1	320
57530	scripts/ai/StandardAI.lua	0	768	768	32	256	64	960	32	0	384	80	0	30	0	0		0	0	0	320
57531	scripts/ai/StandardAI.lua	0	768	768	32	256	64	0	32	0	384	80	0	0	0	0		1	0	0	320
57532	scripts/ai/StandardAI.lua	0	768	768	32	256	64	0	32	0	384	80	0	0	0	0		1	0	0	320
57533	scripts/ai/StandardAI.lua	0	768	768	32	256	64	0	32	0	384	80	0	0	0	0		1	0	0	320
57534	scripts/ai/StandardAI.lua	0	768	768	32	256	64	0	32	0	384	80	0	0	0	0		1	0	0	320
57536	scripts/ai/StandardAI.lua	0	768	768	32	256	64	0	32	0	384	80	0	0	0	0		1	0	0	320
57537	scripts/ai/StandardAI.lua	0	768	768	32	256	64	0	32	0	384	80	0	0	0	0		1	0	0	320
57538	scripts/ai/StandardAI.lua	0	768	768	32	256	64	0	32	0	384	80	0	0	0	0		1	0	0	320
57582	scripts/Map/世界通用/ai/标准无敌免屠杀.lua	0	768	768	32	256	64	0	32	0	384	80	0	0	0	0		1	0	0	320
57583	scripts/Map/世界通用/ai/标准无敌免屠杀.lua	0	768	768	32	256	64	0	32	0	384	80	0	0	0	0		1	0	0	320
57584	scripts/ai/StandardAI.lua	0	768	768	32	256	64	0	32	0	384	80	0	0	0	0		1	0	0	320
57586	scripts/ai/StandardAI.lua	0	768	768	32	256	64	0	32	0	384	80	0	0	0	0		1	0	0	320
57587	scripts/ai/StandardAI.lua	0	768	768	32	256	64	0	32	0	384	80	0	0	0	0		1	0	0	320
57588	scripts/ai/StandardAI.lua	0	768	768	32	256	64	0	32	0	384	80	0	0	0	0		1	0	0	320
57590	scripts/ai/StandardAI.lua	0	768	768	32	256	64	0	32	0	384	80	0	0	0	0		1	0	0	320
57591	scripts/ai/StandardAI.lua	0	768	768	32	256	64	0	32	0	384	80	0	0	0	0		1	0	0	320
57592	scripts/ai/StandardAI.lua	0	768	768	32	256	64	0	32	0	384	80	0	0	0	0		1	0	0	320
57594	scripts/ai/StandardAI.lua	0	768	768	32	256	64	0	32	0	384	80	0	0	0	0		1	0	0	320
57597	scripts/ai/StandardAI.lua	1	768	768	32	256	64	0	32	0	384	80	0	0	0	0		1	0	1	320
57674	scripts/ai/StandardAI.lua	1	768	768	32	256	64	0	32	512	384	80	0	30	0	0		1	0	1	320
57686	scripts/ai/StandardAI.lua	0	768	768	32	256	64	0	32	0	384	80	0	0	0	0		0	0	0	320
57687	scripts/ai/StandardAI.lua	0	768	768	32	256	64	0	32	0	384	80	0	0	0	0		0	0	0	320
57688	scripts/ai/StandardAI.lua	0	768	768	32	256	64	0	32	0	384	80	0	0	0	0		0	0	0	320
57689	scripts/ai/StandardAI.lua	0	768	768	32	256	64	0	32	0	384	80	0	0	0	0		1	0	0	320
57690	scripts/ai/StandardAI.lua	0	768	768	32	256	64	0	32	0	384	80	0	0	0	0		0	0	0	320
57694	scripts/Map/天策/ai/演武表现总控.lua	0	768	768	32	256	64	0	32	0	384	80	0	0	0	0		1	0	0	320
57763	scripts/ai/StandardAI.lua	0	768	768	32	256	64	0	32	0	384	80	0	0	0	0		1	0	0	320
57781	scripts/ai/StandardAI.lua	0	768	768	32	256	64	0	32	0	384	80	0	0	0	0		0	0	0	320
58185	scripts/ai/StandardAI.lua	0	768	768	32	256	64	0	32	0	384	80	0	0	0	0		1	0	0	320
58193	scripts/ai/StandardAI.lua	0	768	768	32	256	64	0	32	0	384	80	0	0	0	0		1	0	0	320
58298	scripts/ai/StandardAI.lua	0	768	768	32	256	64	0	32	0	384	80	0	0	0	0		1	0	0	320
59320	scripts/ai/StandardAI.lua	0	768	768	32	256	64	0	32	0	384	80	0	0	0	0		1	0	0	320
59321	scripts/ai/StandardAI.lua	0	768	768	32	256	64	0	32	0	384	80	0	0	0	0		1	0	0	320
59373	scripts/ai/StandardAI.lua	0	768	768	32	256	64	0	32	0	384	80	0	0	0	0		1	0	0	320
59378	scripts/ai/StandardAI.lua	0	768	768	32	256	64	0	32	0	384	80	0	0	0	0		1	0	0	320
59830	scripts/ai/StandardAI.lua	0	768	768	32	256	64	0	32	0	384	80	0	0	0	0		0	0	0	320
59847	scripts/Map/世界通用/ai/标准无敌免屠杀.lua	0	768	768	32	256	64	0	32	0	384	80	0	0	0	0		1	0	0	320
59848	scripts/Map/世界通用/ai/标准无敌免屠杀.lua	0	768	768	32	256	64	0	32	0	384	80	0	0	0	0		1	0	0	320
59849	scripts/Map/世界通用/ai/标准无敌免屠杀.lua	0	768	768	32	256	64	0	32	0	384	80	0	0	0	0		1	0	0	320
