AIType	ScriptFile	IsPositive	AlertRange	SearchPlayerDistance	AlertOverTime	AttackRange	EscapeTime	EscapeRange	EscapeInterval	WanderRange	WanderDistance	WanderInterval	PatrolPathID	EscapeLife	PatrolOrderIndex	ReviveTeammate	CustomArguments	IsAutoTurn	NpcSceneType	IsSnarlInFight	DialogIdleTime
15468	scripts\Map\烛龙殿\ai\黑骑士\黑气易伤buff控制.lua	0	768	768	32	256	64	0	32	512	384	80	0	0	0	0		1	0	0	320
15469	scripts\Map\烛龙殿\ai\龙跃殿\鼠王技能控制.lua	0	768	768	32	256	64	0	32	0	384	80	0	0	0	0		1	0	0	320
15470	scripts\Map\烛龙殿\ai\龙跃殿\弹力球控制.lua	0	768	768	32	256	64	0	32	0	384	80	0	0	0	0		1	0	0	320
15471	scripts\Map\烛龙殿\ai\龙跃殿\龙跃殿总控.lua	0	768	768	32	256	64	0	32	0	384	80	0	0	0	0		1	0	0	320
15472	scripts\Map\烛龙殿\ai\龙跃殿\飓风控制改.lua	0	768	768	32	256	64	0	32	0	384	80	0	0	0	0		1	0	0	320
15473	scripts\Map\烛龙殿\ai\龙跃殿\飓风改.lua	0	768	768	32	256	64	0	32	0	384	80	0	0	0	0		1	0	0	320
15474	scripts\Map\烛龙殿\ai\黑骑士\黑气易伤buff控制.lua	1	768	768	32	256	64	0	32	512	384	80	0	0	0	0		1	0	1	320
15475	scripts\Map\烛龙殿\ai\龙跃殿\车轮战控制.lua	0	768	768	32	256	64	0	32	0	384	80	0	0	0	0		1	0	0	320
15476	scripts\Map\烛龙殿\ai\圣蝎殿\地雷.lua	1	768	768	32	256	64	0	32	512	384	80	0	0	0	0		1	0	1	320
15477	scripts\Map\烛龙殿\ai\龙跃殿\弹力球.lua	0	768	768	32	256	64	0	32	0	384	80	0	0	0	0		1	0	0	320
15478	scripts\Map\烛龙殿\ai\龙跃殿\鼠王.lua	0	768	768	32	256	64	0	32	0	384	80	0	0	0	0		1	0	0	320
15479	scripts\Map\烛龙殿\ai\龙跃殿\蝠王.lua	0	768	768	32	256	64	0	32	0	384	80	0	0	0	0		1	0	0	320
15481	scripts\Map\烛龙殿\ai\黑骑士\黑气易伤buff控制.lua	1	768	768	32	256	64	0	32	512	384	80	0	0	0	0		1	0	1	320
15482	scripts\Map\烛龙殿\ai\黑骑士\黑气易伤buff控制.lua	1	768	768	32	256	64	0	32	0	384	80	0	0	0	0		1	0	1	320
15483	scripts/ai/StandardAI.lua	1	768	768	32	256	64	0	32	512	384	80	0	0	0	0		1	0	1	320
15484	scripts/ai/StandardAI.lua	1	768	768	32	256	64	0	32	512	384	80	0	0	0	0		1	0	1	320
15485	scripts\Map\烛龙殿\ai\黑骑士\黑气易伤buff控制.lua	1	768	768	32	256	64	0	32	512	384	80	0	0	0	0		1	0	1	320
15486	scripts\Map\烛龙殿\ai\废墟\废墟蜘蛛.lua	0	768	768	32	256	64	0	32	0	384	80	0	0	0	0		1	0	0	320
15487	scripts\Map\烛龙殿\ai\废墟\小七.lua	1	768	768	32	256	64	0	32	0	384	80	0	0	0	0		1	0	1	320
15488	scripts\Map\烛龙殿\ai\黑骑士\黑气易伤buff控制.lua	1	768	768	32	256	64	0	32	512	384	80	0	0	0	0		1	0	1	320
15493	scripts\Map\烛龙殿\ai\龙跃殿\蝠王抓人技能控制.lua	0	768	768	32	256	64	0	32	0	384	80	0	0	0	0		1	0	0	320
15501	scripts\Map\烛龙殿\ai\圣蝎殿\地雷.lua	1	768	768	32	256	64	0	32	512	384	80	0	0	0	0		1	0	1	320
15502	scripts\Map\烛龙殿\ai\圣蝎殿\地雷.lua	1	768	768	32	256	64	0	32	512	384	80	0	0	0	0		1	0	1	320
15503	scripts\Map\烛龙殿\ai\圣蝎殿\杀戮者.lua	0	768	768	32	256	64	0	32	512	384	80	0	0	0	0		1	0	0	320
15504	scripts\Map\烛龙殿\ai\圣蝎殿\圣蝎殿总控.lua	0	768	768	32	256	64	0	32	512	384	80	0	0	0	0		1	0	0	320
15505	scripts\Map\烛龙殿\ai\黑骑士\结束表现控制.lua	0	768	768	32	256	64	0	32	512	384	80	0	0	0	0		1	0	0	320
15508	scripts\Map\烛龙殿\ai\圣蝎殿\地雷.lua	1	768	768	32	256	64	0	32	512	384	80	0	0	0	0		1	0	1	320
15517	scripts\Map\烛龙殿\ai\圣蝎殿\地雷.lua	1	768	768	32	256	64	0	32	512	384	80	0	0	0	0		1	0	1	320
15518	scripts\Map\烛龙殿\ai\圣蝎殿\地雷控制.lua	0	768	768	32	256	64	0	32	512	384	80	0	0	0	0		1	0	0	320
15652	scripts\Map\烛龙殿\ai\黑骑士\黑骑士.lua	1	768	768	32	256	64	0	32	0	384	80	0	0	0	0		1	0	1	320
15653	scripts\Map\烛龙殿\ai\黑骑士\黑骑士总控.lua	0	768	768	32	256	64	0	32	512	384	80	0	0	0	0		1	0	0	320
15664	scripts\Map\烛龙殿\ai\黑骑士\黑气.lua	0	768	768	32	256	64	0	32	512	384	80	0	0	0	0		1	0	0	320
15665	scripts\Map\烛龙殿\ai\黑骑士\死亡审判.lua	0	768	768	32	256	64	0	32	512	384	80	0	0	0	0		1	0	0	320
15760	scripts\Map\烛龙殿\ai\天蛛殿\天蛛殿总控.lua	0	768	768	32	256	64	0	32	512	384	80	0	0	0	0		1	0	0	320
15777	scripts\Map\烛龙殿\ai\天蛛殿\一阶段刷小怪控制.lua	0	768	768	32	256	64	0	32	512	384	80	0	0	0	0		1	0	0	320
15932	scripts\Map\烛龙殿\ai\天蛛殿\天蛛卫士.lua	0	768	768	32	256	64	0	32	0	384	80	0	0	0	0		1	0	0	320
16098	scripts\Map\烛龙殿\ai\天蛛殿\天蛛殿boss.lua	0	768	768	32	256	64	0	32	512	384	80	0	0	0	0		1	0	0	320
16289	scripts\Map\烛龙殿\ai\天蛛殿\天蛛卫士.lua	0	768	768	32	256	64	0	32	0	384	80	0	0	0	0		1	0	0	320
16290	scripts\Map\烛龙殿\ai\天蛛殿\天蛛巨尸.lua	1	768	768	32	256	64	0	32	0	384	80	0	0	0	0		1	0	0	320
16291	scripts\Map\烛龙殿\ai\天蛛殿\天蛛远程.lua	1	768	768	32	256	64	0	32	0	384	80	0	0	0	0		1	0	0	320
16292	scripts\Map\烛龙殿\ai\天蛛殿\天蛛卫士.lua	1	768	768	32	256	64	0	32	0	384	80	0	0	0	0		1	0	0	320
16293	scripts\Map\烛龙殿\ai\天蛛殿\毒雾.lua	0	768	2000	32	256	64	0	32	512	384	80	0	0	0	0		1	0	0	320
16300	scripts\Map\烛龙殿\ai\天蛛殿\李忘生.lua	1	768	768	32	256	64	0	32	0	384	80	0	0	0	0		1	0	1	320
16301	scripts\Map\烛龙殿\ai\天蛛殿\谢云流.lua	1	768	768	32	256	64	0	32	0	384	80	0	0	0	0		1	0	1	320
16304	scripts\Map\烛龙殿\ai\黑骑士\玄正.lua	1	768	768	32	256	64	0	32	0	384	80	0	0	0	0		1	0	1	320
16306	scripts/ai/StandardAI.lua	1	768	768	32	256	64	0	32	0	384	80	0	0	0	0		1	0	1	320
16308	scripts\Map\烛龙殿\ai\圣蝎殿\叶英.lua	1	768	768	32	256	64	0	32	0	384	80	0	0	0	0		1	0	1	320
16310	scripts\Map\烛龙殿\ai\星宿老仙\东方宇轩.lua	1	768	768	32	256	64	0	32	0	384	80	0	0	0	0		1	0	1	320
16313	scripts\Map\烛龙殿\ai\废墟\叶芷青.lua	1	768	768	32	256	64	0	32	0	384	80	0	0	0	0		1	0	1	320
16314	scripts\Map\烛龙殿\ai\废墟\废墟毒雾区李承恩.lua	1	768	768	32	256	64	0	32	0	384	80	0	0	0	0		1	0	1	320
16316	scripts\Map\烛龙殿\ai\黑骑士\黑气易伤buff控制.lua	1	768	768	32	256	64	0	32	512	384	80	0	0	0	0		1	0	1	320
16319	scripts/ai/StandardAI.lua	0	768	768	32	256	64	0	32	0	384	80	0	0	0	0		1	0	0	320
16361	scripts\Map\烛龙殿\ai\圣蝎殿\地雷.lua	0	768	768	32	256	64	0	32	512	384	80	0	0	0	0		1	0	0	320
16364	scripts\Map\烛龙殿\ai\天蛛殿\毒液.lua	0	768	768	32	256	64	0	32	0	384	80	0	0	0	0		1	0	0	320
16365	scripts\Map\烛龙殿\ai\天蛛殿\精华.lua	0	768	768	32	256	64	0	32	512	384	80	0	0	0	0		1	0	0	320
16366	scripts\Map\烛龙殿\ai\天蛛殿\蜘蛛的毒液精华控制.lua	0	768	768	32	256	64	0	32	512	384	80	0	0	0	0		1	0	0	320
16367	scripts\Map\烛龙殿\ai\黑骑士\黑气易伤buff控制.lua	1	768	768	32	256	64	0	32	512	384	80	0	0	0	0		1	0	1	320
16374	scripts\Map\烛龙殿\ai\黑骑士\黑气易伤buff控制.lua	1	768	768	32	256	64	0	32	512	384	80	0	0	0	0		1	0	1	320
16402	scripts\Map\烛龙殿\ai\废墟\七秀弟子1.lua	1	768	768	32	256	64	0	32	0	384	80	0	0	0	0		1	0	1	320
16403	scripts\Map\烛龙殿\ai\废墟\七秀弟子2.lua	1	768	768	32	256	64	0	32	0	384	80	0	0	0	0		1	0	1	320
16404	scripts\Map\烛龙殿\ai\废墟\废墟蜘蛛.lua	1	1536	1536	32	256	64	0	32	512	384	80	0	0	0	0		1	0	1	320
16406	scripts/ai/DungeonStandardAI.lua	0	768	768	32	256	64	0	32	0	384	80	0	0	0	0		1	1	0	320
16407	scripts\Map\烛龙殿\ai\废墟\废墟蜘蛛.lua	1	1536	1536	32	256	64	0	32	512	384	80	0	0	0	0		1	0	1	320
16408	scripts/ai/DungeonStandardAI.lua	0	768	768	32	256	64	0	32	0	384	80	0	0	0	0		1	1	0	320
16411	scripts\Map\烛龙殿\ai\废墟\废墟蜘蛛.lua	1	1536	1536	32	256	64	0	32	512	384	80	0	0	0	0		1	0	1	320
16412	scripts\Map\烛龙殿\ai\废墟\废墟蜘蛛.lua	1	1536	1536	32	256	64	0	32	512	384	80	0	0	0	0		1	0	1	320
16413	scripts\Map\烛龙殿\ai\废墟\废墟蜘蛛.lua	1	1536	1536	32	256	64	0	32	512	384	80	0	0	0	0		1	0	1	320
16414	scripts/ai/DungeonStandardAI.lua	1	1536	1536	32	256	64	0	32	128	64	80	0	0	0	0		1	1	1	320
16415	scripts/ai/DungeonStandardAI.lua	0	768	768	32	256	64	0	32	0	384	80	0	0	0	0		1	1	0	320
16416	scripts\ai\DungeonStandardAI.lua	1	768	768	32	256	64	0	32	0	0	80	0	0	0	0		1	0	1	320
16417	scripts\Map\烛龙殿\ai\废墟\祭坛boss.lua	1	768	768	32	256	64	0	32	0	384	80	0	0	0	0		1	0	1	320
16419	scripts\Map\烛龙殿\ai\废墟\烛龙殿百人斩控制.lua	0	768	768	32	256	64	0	32	512	384	80	0	0	0	0		1	0	0	320
16420	scripts\Map\烛龙殿\ai\废墟\七秀弟子3.lua	1	768	768	32	256	64	0	32	0	384	80	0	0	0	0		1	0	1	320
16421	scripts\Map\烛龙殿\ai\废墟\七秀弟子4.lua	1	768	768	32	256	64	0	32	0	384	80	0	0	0	0		1	0	1	320
16488	scripts\Map\烛龙殿\ai\黑骑士\黑气易伤buff控制.lua	1	768	768	32	256	64	0	32	512	384	80	0	0	0	0		1	0	1	320
16489	scripts\Map\烛龙殿\ai\星宿老仙\电球爆炸.lua	0	768	768	32	256	64	0	32	0	384	80	0	0	0	0		1	0	0	320
16490	scripts\Map\烛龙殿\ai\黑骑士\黑气易伤buff控制.lua	1	768	768	32	256	64	0	32	512	384	80	0	0	0	0		1	0	1	320
16513	scripts/ai/StandardAI.lua	0	768	768	32	256	64	0	32	0	384	80	0	0	0	0		1	0	0	320
16514	scripts/ai/StandardAI.lua	0	768	768	32	256	64	0	32	0	384	80	0	0	0	0		1	0	0	320
16515	scripts\Map\烛龙殿\ai\龙跃殿\龙跃李承恩.lua	1	768	768	32	256	64	0	32	512	384	80	0	0	0	0		0	0	1	320
16516	scripts\Map\烛龙殿\ai\龙跃殿\龙跃小七.lua	1	768	768	32	256	64	0	32	512	384	80	0	0	0	0		1	0	1	320
16517	scripts\Map\烛龙殿\ai\龙跃殿\龙跃七秀弟子.lua	0	768	768	32	256	64	0	32	512	384	80	0	0	0	0		1	0	0	320
16518	scripts\Map\烛龙殿\ai\龙跃殿\龙跃纯阳弟子.lua	0	768	768	32	256	64	0	32	0	384	80	0	0	0	0		1	0	0	320
16519	scripts\Map\烛龙殿\ai\龙跃殿\龙跃万花弟子.lua	0	768	768	32	256	64	0	32	0	384	80	0	0	0	0		1	0	0	320
16520	scripts/ai/StandardAI.lua	0	768	768	32	256	64	0	32	0	384	80	0	0	0	0		1	0	0	320
16521	scripts\Map\烛龙殿\ai\龙跃殿\龙跃少林弟子.lua	0	768	768	32	256	64	0	32	0	384	80	0	0	0	0		1	0	0	320
16522	scripts\Map\烛龙殿\ai\龙跃殿\龙跃藏剑弟子.lua	0	768	768	32	256	64	0	32	0	384	80	0	0	0	0		1	0	0	320
16523	scripts\Map\烛龙殿\ai\龙跃殿\龙跃殿表现控制.lua	0	768	768	32	256	64	0	32	0	384	80	0	0	0	0		1	0	0	320
16524	scripts\Map\烛龙殿\ai\龙跃殿\星宿老仙训话控制.lua	0	768	768	32	256	64	0	32	0	384	80	0	0	0	0		1	0	0	320
16525	scripts\Map\烛龙殿\ai\龙跃殿\众兄弟出门.lua	0	768	768	32	256	64	0	32	0	384	80	0	0	0	0		1	0	0	320
16526	scripts/ai/StandardAI.lua	0	768	768	32	256	64	0	32	0	384	80	0	0	0	0		1	0	0	320
16527	scripts/ai/StandardAI.lua	0	768	768	32	256	64	0	32	0	384	80	0	0	0	0		1	0	0	320
16529	scripts\Map\烛龙殿\ai\黑骑士\再次蛋痛.lua	0	768	768	32	256	64	0	32	0	384	80	0	0	0	0		1	0	0	320
16530	scripts\Map\烛龙殿\ai\圣蝎殿\放电基座控制.lua	0	768	768	32	256	64	0	32	0	384	80	0	0	0	0		1	0	0	320
16531	scripts\Map\烛龙殿\ai\圣蝎殿\放电基座.lua	0	768	768	32	256	64	0	32	0	384	80	0	0	0	0		1	0	0	320
16532	scripts\Map\烛龙殿\ai\黑骑士\黑气易伤buff控制.lua	0	768	768	32	256	64	0	32	512	384	80	0	0	0	0		1	0	0	320
16533	scripts\Map\烛龙殿\ai\圣蝎殿\贴地电流.lua	0	768	768	32	256	64	0	32	0	384	80	0	0	0	0		1	0	0	320
16534	scripts\Map\烛龙殿\ai\天蛛殿\仇恨连接.lua	0	768	768	32	256	64	0	32	0	384	80	0	0	0	0		1	0	0	320
16543	scripts\Map\烛龙殿\ai\黑骑士\诅咒buff控制.lua	0	768	768	32	256	64	0	32	0	384	80	0	0	0	0		1	0	0	320
16549	scripts\Map\烛龙殿\ai\圣蝎殿\大腿.lua	0	768	768	32	256	64	0	32	0	384	80	0	0	0	0		1	0	0	320
16556	scripts\Map\烛龙殿\ai\圣蝎殿\放电AOE控制.lua	0	768	768	32	256	64	0	32	0	384	80	0	0	0	0		1	0	0	320
16557	scripts\Map\烛龙殿\ai\圣蝎殿\旋转射击控制.lua	0	768	768	32	256	64	0	32	0	384	80	0	0	0	0		1	0	0	320
16558	scripts\Map\烛龙殿\ai\圣蝎殿\防御状态控制.lua	0	768	768	32	256	64	0	32	0	384	80	0	0	0	0		1	0	0	320
16559	scripts\Map\烛龙殿\ai\圣蝎殿\炮弹.lua	0	768	768	32	256	64	0	32	0	384	80	0	0	0	0		1	0	0	320
16563	scripts\Map\烛龙殿\ai\圣蝎殿\电圈.lua	0	768	768	32	256	64	0	32	0	384	80	0	0	0	0		1	0	0	320
16567	scripts\Map\烛龙殿\ai\圣蝎殿\表现电流.lua	0	768	768	32	256	64	0	32	0	384	80	0	0	0	0		1	0	0	320
16583	scripts\Map\烛龙殿\ai\天蛛殿\玩家移动状态叠dot.lua	0	768	768	32	256	64	0	32	0	384	80	0	0	0	0		1	0	0	320
16647	scripts\Map\烛龙殿\ai\废墟\百人队长.lua	0	768	768	32	256	64	0	32	0	384	80	0	0	0	0		1	0	0	320
16649	scripts\Map\烛龙殿\ai\废墟\boss总控.lua	0	768	768	32	256	64	0	32	0	384	80	0	0	0	0		1	0	0	320
16651	scripts\Map\烛龙殿\ai\废墟\boss血量监控.lua	0	768	768	32	256	64	0	32	0	384	80	0	0	0	0		1	0	0	320
16652	scripts\Map\烛龙殿\ai\废墟\旋转技能控制.lua	0	768	768	32	256	64	0	32	0	384	80	0	0	0	0		1	0	0	320
16653	scripts\Map\烛龙殿\ai\废墟\游龙步控制.lua	0	768	768	32	256	64	0	32	0	384	80	0	0	0	0		1	0	0	320
16654	scripts\Map\烛龙殿\ai\废墟\龙出大海技能控制.lua	0	768	768	32	256	64	0	32	0	384	80	0	0	0	0		1	0	0	320
16687	scripts\Map\烛龙殿\ai\废墟\乱舞技能控制.lua	0	768	768	32	256	64	0	32	0	384	80	0	0	0	0		1	0	0	320
16698	scripts\Map\烛龙殿\ai\废墟\寄生蜘蛛控制.lua	0	768	768	32	256	64	0	32	0	384	80	0	0	0	0		1	0	0	320
16699	scripts\Map\烛龙殿\ai\废墟\蜘蛛自爆控制.lua	0	768	768	32	256	64	0	32	0	384	80	0	0	0	0		1	0	0	320
16700	scripts\Map\烛龙殿\ai\废墟\产小蜘蛛控制.lua	0	768	768	32	256	64	0	32	0	384	80	0	0	0	0		1	0	0	320
16703	scripts\Map\烛龙殿\ai\废墟\蜘蛛丝缠绕控制.lua	0	768	768	32	256	64	0	32	0	384	80	0	0	0	0		1	0	0	320
16735	scripts\Map\烛龙殿\ai\废墟\寄生.lua	0	768	768	32	256	64	0	32	0	384	80	0	0	0	0		1	0	0	320
16761	scripts\Map\烛龙殿\ai\星宿老仙\星宿老仙.lua	0	768	768	32	256	64	0	32	0	384	80	0	0	0	0		1	0	0	320
16801	scripts\Map\烛龙殿\ai\星宿老仙\换阶段控制.lua	0	768	768	32	256	64	0	32	0	384	80	0	0	0	0		1	0	0	320
16802	scripts\Map\烛龙殿\ai\星宿老仙\刷电球控制.lua	0	768	768	32	256	64	0	32	0	384	80	0	0	0	0		1	0	0	320
16803	scripts\Map\烛龙殿\ai\星宿老仙\电阶段AOE技能控制.lua	0	768	768	32	256	64	0	32	0	384	80	0	0	0	0		1	0	0	320
16804	scripts\Map\烛龙殿\ai\星宿老仙\星宿总控.lua	0	768	768	32	256	64	0	32	0	384	80	0	0	0	0		1	0	0	320
16817	scripts\Map\烛龙殿\ai\星宿老仙\傻瓜.lua	0	768	768	32	256	64	0	32	512	384	80	0	0	0	0		1	0	0	320
16836	scripts\Map\烛龙殿\ai\星宿老仙\冰状态喷吐控制.lua	0	768	768	32	256	64	0	32	0	384	80	0	0	0	0		1	0	0	320
16837	scripts\Map\烛龙殿\ai\星宿老仙\冰状态刷冰棺控制.lua	0	768	768	32	256	64	0	32	0	384	80	0	0	0	0		1	0	0	320
16838	scripts/ai/StandardAI.lua	0	768	768	32	256	64	0	32	128	64	32	0	0	0	0		1	0	0	320
16839	scripts/ai/StandardAI.lua	0	768	768	32	256	64	0	32	256	128	32	0	0	0	0		1	0	0	320
16840	scripts/ai/StandardAI.lua	1	768	768	32	256	64	0	32	512	384	80	0	0	0	0		1	0	1	320
16841	scripts/ai/StandardAI.lua	0	768	768	32	256	64	0	32	128	64	32	0	0	0	0		1	0	0	320
16842	scripts/ai/StandardAI.lua	0	768	768	32	256	64	0	32	0	384	80	0	0	0	0		1	0	0	320
16843	scripts/ai/StandardAI.lua	0	768	768	32	256	64	0	32	0	384	80	0	0	0	0		1	0	0	320
16844	scripts/ai/StandardAI.lua	0	768	768	32	256	64	0	32	512	384	80	0	0	0	0		1	0	0	320
16845	scripts/ai/StandardAI.lua	0	768	768	32	256	64	0	32	128	64	32	0	0	0	0		1	0	0	320
16846	scripts/ai/StandardAI.lua	0	768	768	32	256	64	0	32	128	64	32	0	0	0	0		1	0	0	320
16847	scripts/ai/StandardAI.lua	0	768	768	32	256	64	0	32	128	64	32	0	0	0	0		1	0	0	320
16848	scripts/ai/StandardAI.lua	0	768	768	32	256	64	0	32	128	64	32	0	0	0	0		1	0	0	320
16849	scripts/ai/StandardAI.lua	0	768	768	32	256	64	0	32	128	64	32	0	0	0	0		1	0	0	320
16850	scripts/ai/DungeonStandardAI.lua	0	768	768	32	256	64	0	32	128	64	32	0	0	0	0		1	1	0	320
16851	scripts/ai/StandardAI.lua	0	768	768	32	256	64	0	32	0	384	80	0	0	0	0		1	0	0	320
16852	scripts/ai/DungeonStandardAI.lua	0	768	768	32	256	64	0	32	128	64	32	0	0	0	0		1	1	0	320
16853	scripts/ai/StandardAI.lua	0	768	768	32	256	64	0	32	128	64	32	0	0	0	0		1	0	0	320
16854	scripts\Map\烛龙殿\ai\星宿老仙\冰棺.lua	0	768	768	32	256	64	0	32	0	384	80	0	0	0	0		1	0	0	320
16855	scripts/ai/StandardAI.lua	0	768	768	32	256	64	0	32	128	64	32	0	0	0	0		1	0	0	320
16856	scripts/ai/StandardAI.lua	0	768	768	32	256	64	0	32	128	64	32	0	0	0	0		1	0	0	320
16857	scripts/ai/DungeonStandardAI.lua	1	1536	1536	32	256	64	0	32	512	384	80	0	0	0	0		1	1	1	320
16858	scripts/ai/DungeonStandardAI.lua	1	1536	1536	32	256	64	0	32	0	0	80	0	0	0	0		1	1	1	320
16859	scripts/ai/DungeonStandardAI.lua	1	1536	1536	32	256	64	0	32	0	0	80	0	0	0	0		1	1	1	320
16860	scripts/ai/DungeonStandardAI.lua	1	1536	1536	32	256	64	0	32	0	0	80	0	0	0	0		1	1	1	320
16861	scripts/ai/DungeonStandardAI.lua	1	1536	1536	32	256	64	0	32	512	384	80	0	0	0	0		1	1	1	320
16862	scripts/ai/DungeonStandardAI.lua	1	1536	1536	32	256	64	0	32	0	0	80	0	0	0	0		1	1	1	320
16863	scripts/ai/DungeonStandardAI.lua	1	1536	1536	32	256	64	0	32	0	0	80	0	0	0	0		1	1	1	320
16868	scripts\Map\烛龙殿\ai\龙跃殿\炮灰少林弟子.lua	0	768	768	32	256	64	0	32	0	384	80	0	0	0	0		1	0	0	320
16869	scripts\Map\烛龙殿\ai\龙跃殿\炮灰纯阳弟子.lua	0	768	768	32	256	64	0	32	0	384	80	0	0	0	0		1	0	0	320
16870	scripts\Map\烛龙殿\ai\龙跃殿\炮灰藏剑弟子.lua	0	768	768	32	256	64	0	32	0	384	80	0	0	0	0		1	0	0	320
16871	scripts\Map\烛龙殿\ai\龙跃殿\炮灰万花弟子.lua	0	768	768	32	256	64	0	32	0	384	80	0	0	0	0		1	0	0	320
16873	scripts/ai/DungeonStandardAI.lua	1	1536	1536	32	256	64	0	32	0	0	80	0	0	0	0		1	1	1	320
16876	scripts/ai/DungeonStandardAI.lua	1	1536	1536	32	256	64	0	32	0	0	80	0	0	0	0		1	1	1	320
16877	scripts/ai/DungeonStandardAI.lua	1	1536	1536	32	256	64	0	32	0	0	80	0	0	0	0		1	1	1	320
16878	scripts/ai/DungeonStandardAI.lua	1	1536	1536	32	256	64	0	32	128	64	80	0	0	0	0		1	1	1	320
16879	scripts/ai/StandardAI.lua	0	768	768	32	256	64	0	32	0	384	80	0	0	0	0		1	0	0	320
16880	scripts/ai/StandardAI.lua	0	768	768	32	256	64	0	32	0	384	80	0	0	0	0		1	0	0	320
16881	scripts/ai/StandardAI.lua	0	768	768	32	256	64	0	32	0	384	80	0	0	0	0		1	0	0	320
16882	scripts/ai/StandardAI.lua	0	768	768	32	256	64	0	32	0	384	80	0	0	0	0		1	0	0	320
16883	scripts/ai/StandardAI.lua	0	768	768	32	256	64	0	32	0	384	80	0	0	0	0		1	0	0	320
16884	scripts/ai/StandardAI.lua	0	768	768	32	256	64	0	32	0	384	80	0	0	0	0		1	0	0	320
16885	scripts/ai/StandardAI.lua	0	768	768	32	256	64	0	32	0	384	80	0	0	0	0		1	0	0	320
16886	scripts/ai/StandardAI.lua	0	768	768	32	256	64	0	32	0	384	80	0	0	0	0		1	0	0	320
16887	scripts/ai/StandardAI.lua	0	768	768	32	256	64	0	32	0	384	80	0	0	0	0		1	0	0	320
16888	scripts/ai/StandardAI.lua	0	768	768	32	256	64	0	32	0	384	80	0	0	0	0		1	0	0	320
16908	scripts\Map\烛龙殿\ai\圣蝎殿\玉蟾宫叶炜.lua	0	0	0	0	0	64	0	32	0	0	80	0	0	0	0		1	1	0	320
16913	scripts/ai/StandardAI.lua	0	768	768	32	256	64	0	32	0	384	80	0	0	0	0		0	0	0	320
16914	scripts/ai/StandardAI.lua	0	768	768	32	256	64	0	32	0	384	80	0	0	0	0		0	0	0	320
16915	scripts\Map\烛龙殿\ai\黑骑士\蛋疼.lua	0	768	768	32	256	64	0	32	0	384	80	0	0	0	0		1	0	0	320
16916	scripts\Map\烛龙殿\ai\黑骑士\蛋疼.lua	0	768	768	32	256	64	0	32	0	384	80	0	0	0	0		1	0	0	320
16917	scripts/ai/StandardAI.lua	0	768	768	32	256	64	0	32	0	384	80	0	0	0	0		1	0	0	320
16921	scripts\Map\烛龙殿\ai\圣蝎殿\司徒一一修理机器.lua	0	768	768	32	256	64	0	32	0	384	80	0	0	0	0		1	0	0	320
16922	scripts\Map\烛龙殿\ai\圣蝎殿\司徒如烟.lua	0	768	768	32	256	64	0	32	0	384	80	0	0	0	0		1	0	0	320
16930	scripts\Map\烛龙殿\ai\圣蝎殿\玉蟾宫叶家表现.lua	0	768	768	32	256	64	0	32	0	384	80	0	0	0	0		1	0	0	320
16931	scripts/ai/StandardAI.lua	0	768	768	32	256	64	0	32	0	384	80	0	0	0	0		1	0	0	320
16932	scripts/ai/StandardAI.lua	0	768	768	32	256	64	0	32	0	384	80	0	0	0	0		1	0	0	320
16933	scripts\Map\烛龙殿\ai\圣蝎殿\玉蟾宫大门控制.lua	0	768	768	32	256	64	0	32	0	384	80	0	0	0	0		1	0	0	320
16934	scripts\Map\烛龙殿\ai\黑骑士\黑气易伤buff控制.lua	1	768	768	32	256	64	0	32	512	384	80	0	0	0	0		1	0	1	320
16940	scripts\Map\烛龙殿\ai\圣蝎殿\玉蟾宫123藏剑弟子.lua	1	768	768	32	256	64	0	32	512	384	80	0	0	0	0		1	0	1	320
16941	scripts\Map\烛龙殿\ai\天蛛殿\老头血量控制.lua	0	768	768	32	256	64	0	32	0	384	80	0	0	0	0		1	0	0	320
16944	scripts\Map\烛龙殿\ai\圣蝎殿\玉蟾宫藏剑弟子.lua	1	768	768	32	256	64	0	32	512	384	80	0	0	0	0		1	0	1	320
16945	scripts/ai/DungeonStandardAI.lua	1	768	768	32	256	64	0	32	512	384	80	0	0	0	0		1	1	1	320
16954	scripts/ai/StandardAI.lua	0	768	768	32	256	64	0	32	0	384	80	0	0	0	0		1	0	0	320
16955	scripts/ai/StandardAI.lua	0	768	768	32	256	64	0	32	0	384	80	0	0	0	0		1	0	0	320
16956	scripts/ai/StandardAI.lua	0	768	768	32	256	64	0	32	0	384	80	0	0	0	0		1	0	0	320
16963	scripts\Map\烛龙殿\ai\天蛛殿\炮灰蜘蛛.lua	0	768	768	32	256	64	0	32	0	384	80	0	0	0	0		1	0	0	320
16974	scripts/ai/StandardAI.lua	0	768	768	32	256	64	0	32	0	384	80	0	0	0	0		1	0	0	320
16975	scripts/ai/StandardAI.lua	0	768	768	32	256	64	0	32	0	384	80	0	0	0	0		1	0	0	320
16976	scripts/ai/StandardAI.lua	0	768	768	32	256	64	0	32	0	384	80	0	0	0	0		1	0	0	320
16977	scripts/ai/StandardAI.lua	0	768	768	32	256	64	0	32	0	384	80	0	0	0	0		1	0	0	320
16978	scripts\Map\烛龙殿\ai\其他\瓷罐.lua	0	768	768	32	256	64	0	32	0	384	80	0	0	0	0		1	0	0	320
16979	scripts/ai/StandardAI.lua	0	768	768	32	256	64	0	32	256	128	32	0	0	0	0		1	0	0	320
16980	scripts/ai/StandardAI.lua	0	768	768	32	256	64	0	32	256	128	32	0	0	0	0		1	0	0	320
16981	scripts/ai/StandardAI.lua	0	768	768	32	256	64	0	32	256	128	32	0	0	0	0		1	0	0	320
16982	scripts/ai/StandardAI.lua	0	768	768	32	256	64	0	32	0	384	80	0	0	0	0		1	0	0	320
16983	scripts/ai/StandardAI.lua	0	768	768	32	256	64	0	32	256	128	80	0	0	0	0		1	0	0	320
16984	scripts/ai/StandardAI.lua	1	768	768	32	256	64	0	32	512	384	80	0	0	0	0		1	0	1	320
16985	scripts/ai/StandardAI.lua	1	768	768	32	256	64	960	32	512	384	80	0	30	0	0		1	0	1	320
16986	scripts/ai/StandardAI.lua	1	768	768	32	256	64	0	32	512	384	80	0	0	0	0		1	0	1	320
16987	scripts/ai/StandardAI.lua	1	768	768	32	256	64	0	32	512	384	80	0	0	0	0		1	0	1	320
16988	scripts/ai/DungeonStandardAI.lua	1	768	768	32	256	64	0	32	512	384	80	0	0	0	0		1	1	1	320
16989	scripts/ai/DungeonStandardAI.lua	1	768	768	32	256	64	0	32	512	384	80	0	0	0	0		1	1	1	320
16990	scripts/ai/DungeonStandardAI.lua	1	768	768	32	256	64	0	32	512	384	80	0	0	0	0		1	1	1	320
16991	scripts\Map\烛龙殿\ai\其他\下马控制.lua	0	768	768	32	256	64	0	32	0	384	80	0	0	0	0		1	0	0	320
16992	scripts/ai/StandardAI.lua	0	768	768	32	256	64	0	32	0	384	80	0	0	0	0		1	0	0	320
16993	scripts/ai/StandardAI.lua	0	768	768	32	256	64	0	32	0	384	80	0	0	0	0		1	0	0	320
16994	scripts/ai/StandardAI.lua	0	768	768	32	256	64	0	32	0	384	80	0	0	0	0		1	0	0	320
16995	scripts/ai/StandardAI.lua	0	768	768	32	256	64	0	32	0	384	80	0	0	0	0		1	0	0	320
16996	scripts/ai/StandardAI.lua	0	768	768	32	256	64	0	32	0	384	80	0	0	0	0		1	0	0	320
16997	scripts/ai/StandardAI.lua	0	768	768	32	256	64	0	32	0	384	80	0	0	0	0		1	0	0	320
16998	scripts/ai/StandardAI.lua	0	768	768	32	256	64	0	32	0	384	80	0	0	0	0		1	0	0	320
16999	scripts/ai/StandardAI.lua	1	768	768	32	256	64	0	32	512	384	80	0	0	0	0		1	0	1	320
17000	scripts/ai/StandardAI.lua	0	768	768	32	256	64	0	32	0	384	80	0	0	0	0		1	0	0	320
17074	scripts\Map\烛龙殿\ai\其他\火炮.lua	0	768	768	32	256	64	0	32	0	384	80	0	0	0	0		1	0	0	320
17075	scripts\Map\烛龙殿\ai\其他\火炮2.lua	0	768	768	32	256	64	0	32	0	384	80	0	0	0	0		1	0	0	320
17076	scripts\Map\烛龙殿\ai\其他\火炮3.lua	0	768	768	32	256	64	0	32	0	384	80	0	0	0	0		1	0	0	320
17077	scripts/ai/StandardAI.lua	0	768	768	32	256	64	0	32	0	384	80	0	0	0	0		1	0	0	320
17078	scripts\Map\烛龙殿\ai\星宿老仙\曲云.lua	1	768	768	32	256	64	0	32	512	384	80	0	0	0	0		1	0	1	320
17079	scripts\Map\烛龙殿\ai\星宿老仙\孙飞亮.lua	1	768	768	32	256	64	0	32	512	384	80	0	0	0	0		1	0	1	320
17080	scripts/ai/StandardAI.lua	1	768	768	32	256	64	0	32	512	384	80	0	0	0	0		1	0	1	320
17081	scripts/ai/StandardAI.lua	1	768	768	32	256	64	0	32	512	384	80	0	0	0	0		1	0	1	320
17087	scripts\Map\烛龙殿\ai\其他\引火蛛.lua	0	768	768	32	256	64	0	32	0	384	80	0	0	0	0		1	0	0	320
17090	scripts/ai/DungeonStandardAI.lua	1	1536	1536	32	256	64	0	32	0	0	80	0	0	0	0		1	1	1	320
17093	scripts\Map\烛龙殿\ai\星宿老仙\表现总控.lua	0	768	768	32	256	64	0	32	512	384	80	0	0	0	0		1	0	0	320
17098	scripts\Map\烛龙殿\ai\星宿老仙\表现总控.lua	0	768	768	32	256	64	0	32	512	384	80	0	0	0	0		1	0	0	320
17114	scripts/ai/CommonFoolish.lua	0	0	0	0	0	0	960	0	0	0	80	0	30	0	0		1	1	0	320
17133	scripts\Map\烛龙殿\ai\废墟\小红蜘蛛.lua	1	768	768	32	256	64	0	32	512	384	80	0	0	0	0		1	0	1	320
17135	scripts\Map\烛龙殿\ai\星宿老仙\万花弟子一队.lua	0	768	768	32	256	64	0	32	0	384	80	0	0	0	0		1	0	0	320
17136	scripts\Map\烛龙殿\ai\星宿老仙\万花弟子二队.lua	0	768	768	32	256	64	0	32	0	384	80	0	0	0	0		1	0	0	320
17137	scripts\Map\烛龙殿\ai\星宿老仙\万花弟子二队.lua	0	768	768	32	256	64	0	32	0	384	80	0	0	0	0		1	0	0	320
17138	scripts\Map\烛龙殿\ai\星宿老仙\万花弟子二队.lua	0	768	768	32	256	64	0	32	0	384	80	0	0	0	0		1	0	0	320
17139	scripts\Map\烛龙殿\ai\星宿老仙\万花弟子一队.lua	0	768	768	32	256	64	0	32	0	384	80	0	0	0	0		1	0	0	320
17140	scripts\Map\烛龙殿\ai\星宿老仙\万花弟子一队.lua	0	768	768	32	256	64	0	32	0	384	80	0	0	0	0		1	0	0	320
17141	scripts\Map\烛龙殿\ai\星宿老仙\万花弟子三队.lua	0	768	768	32	256	64	0	32	0	384	80	0	0	0	0		1	0	0	320
17142	scripts\Map\烛龙殿\ai\星宿老仙\万花弟子三队.lua	0	768	768	32	256	64	0	32	0	384	80	0	0	0	0		1	0	0	320
17149	scripts/ai/StandardAI.lua	0	768	768	32	256	64	0	32	0	384	80	0	0	0	0		1	0	0	320
17150	scripts\Map\烛龙殿\ai\其他\入口对话.lua	0	768	768	32	256	64	0	32	0	384	80	0	0	0	0		1	0	0	320
17151	scripts/ai/StandardAI.lua	0	768	768	32	256	64	0	32	0	384	80	0	0	0	0		1	0	0	320
17152	scripts/ai/StandardAI.lua	0	768	768	32	256	64	0	32	0	384	80	0	0	0	0		1	0	0	320
17153	scripts/ai/StandardAI.lua	0	768	768	32	256	64	0	32	0	384	80	0	0	0	0		1	0	0	320
17155	scripts\Map\烛龙殿\ai\黑骑士\黑气易伤buff控制.lua	0	768	768	32	256	64	0	32	512	384	80	0	0	0	0		1	0	0	320
17182	scripts/ai/StandardAI.lua	0	768	768	32	256	64	0	32	0	384	80	0	0	0	0		1	0	0	320
17183	scripts/ai/StandardAI.lua	0	768	768	32	256	64	0	32	0	384	80	0	0	0	0		1	0	0	320
17184	scripts/ai/StandardAI.lua	0	768	768	32	256	64	0	32	0	384	80	0	0	0	0		1	0	0	320
17185	scripts/ai/StandardAI.lua	0	768	768	32	256	64	0	32	0	384	80	0	0	0	0		1	0	0	320
17187	scripts/ai/CommonFoolish.lua	0	0	0	0	0	0	960	0	0	0	80	0	30	0	0		1	1	0	320
17188	scripts/ai/StandardAI.lua	0	768	768	32	256	64	0	32	0	384	80	0	0	0	0		1	0	0	320
17192	scripts/ai/StandardAI.lua	0	768	768	32	256	64	0	32	0	384	80	0	0	0	0		1	0	0	320
17194	scripts\Map\烛龙殿\ai\黑骑士\黑气易伤buff控制.lua	0	768	768	32	256	64	0	32	512	384	80	0	0	0	0		1	0	0	320
17199	scripts/ai/StandardAI.lua	0	768	768	32	256	64	0	32	0	384	80	0	0	0	0		1	0	0	320
17204	scripts\Map\烛龙殿\ai\其他\少林弟子对话.lua	0	768	768	32	256	64	0	32	0	384	80	0	0	0	0		1	0	0	320
17208	scripts\Map\烛龙殿\ai\龙跃殿\8分钟狂暴.lua	0	768	768	32	256	64	0	32	0	384	80	0	0	0	0		1	0	0	320
17209	scripts\Map\烛龙殿\ai\黑骑士\5分钟狂暴.lua	0	768	768	32	256	64	0	32	0	384	80	0	0	0	0		1	0	0	320
17210	scripts\Map\烛龙殿\ai\圣蝎殿\9分钟狂暴.lua	0	768	768	32	256	64	0	32	0	384	80	0	0	0	0		1	0	0	320
17211	scripts\Map\烛龙殿\ai\废墟\8分钟狂暴.lua	0	768	768	32	256	64	0	32	0	384	80	0	0	0	0		1	0	0	320
17212	scripts/ai/StandardAI.lua	0	768	768	32	256	64	0	32	0	384	80	0	0	0	0		1	0	0	320
17213	scripts/ai/StandardAI.lua	0	768	768	32	256	64	0	32	0	384	80	0	0	0	0		1	0	0	320
17216	scripts\Map\烛龙殿\ai\其他\瓷罐.lua	0	768	768	32	256	64	0	32	0	384	80	0	0	0	0		1	0	0	320
17217	scripts\Map\烛龙殿\ai\其他\受伤万花弟子.lua	0	768	768	32	256	64	0	32	0	384	80	0	0	0	0		1	0	0	320
17218	scripts\Map\烛龙殿\ai\其他\战斗万花弟子.lua	0	768	768	32	256	64	0	32	0	384	80	0	0	0	0		1	0	0	320
17219	scripts/ai/StandardAI.lua	0	768	768	32	256	64	0	32	0	384	80	0	0	0	0		1	0	0	320
17221	scripts/ai/DungeonStandardAI.lua	1	1536	1536	32	256	64	0	32	256	128	32	0	0	0	0		1	1	1	320
17222	scripts\Map\烛龙殿\ai\其他\自爆蜘蛛.lua	1	1536	1536	32	256	64	0	32	256	128	32	0	0	0	0		1	1	1	320
17225	scripts\Map\烛龙殿\ai\废墟\训龙钻控制.lua	0	768	768	32	256	64	0	32	0	384	80	0	0	0	0		1	0	0	320
17261	scripts/ai/StandardAI.lua	0	768	768	32	256	64	0	32	0	384	80	0	0	0	0		1	0	0	320
17262	scripts/ai/StandardAI.lua	0	768	768	32	256	64	0	32	0	384	80	0	0	0	0		1	0	0	320
17263	scripts/ai/StandardAI.lua	0	768	768	32	256	64	0	32	0	384	80	0	0	0	0		1	0	0	320
17264	scripts/ai/StandardAI.lua	0	768	768	32	256	64	0	32	0	384	80	0	0	0	0		1	0	0	320
17265	scripts/ai/StandardAI.lua	0	768	768	32	256	64	0	32	0	384	80	0	0	0	0		1	0	0	320
17266	scripts/ai/StandardAI.lua	0	768	768	32	256	64	0	32	0	384	80	0	0	0	0		1	0	0	320
17267	scripts/ai/StandardAI.lua	0	768	768	32	256	64	0	32	0	384	80	0	0	0	0		1	0	0	320
17268	scripts/ai/StandardAI.lua	0	768	768	32	256	64	0	32	0	384	80	0	0	0	0		1	0	0	320
17269	scripts/ai/StandardAI.lua	0	768	768	32	256	64	0	32	0	384	80	0	0	0	0		1	0	0	320
17270	scripts/ai/StandardAI.lua	0	768	768	32	256	64	0	32	0	384	80	0	0	0	0		1	0	0	320
17280	scripts/ai/StandardAI.lua	1	768	768	32	256	64	0	32	512	384	80	0	0	0	0		1	0	1	320
17410	scripts\Map\25人英雄烛龙殿\ai\废墟\boss总控.lua	0	768	768	32	256	64	0	32	0	384	80	0	0	0	0		1	0	0	320
17473	scripts/ai/StandardAI.lua	0	768	768	32	256	64	0	32	0	384	80	0	0	0	0		1	0	0	320
17474	scripts/ai/StandardAI.lua	0	768	768	32	256	64	0	32	0	384	80	0	0	0	0		1	0	0	320
17524	scripts\Map\烛龙殿\ai\乌蒙贵\龙门渡法.lua	1	768	768	32	256	64	0	32	0	384	80	0	0	0	0		1	0	1	320
17525	scripts\Map\烛龙殿\ai\乌蒙贵\龙门玄正.lua	1	768	768	32	256	64	0	32	0	384	80	0	0	0	0		1	0	1	320
17527	scripts\Map\烛龙殿\ai\乌蒙贵\龙门少林弟子.lua	0	768	768	32	256	64	0	32	0	384	80	0	0	0	0		1	0	0	320
17528	scripts\Map\烛龙殿\ai\乌蒙贵\龙门东方宇轩.lua	0	768	768	32	256	64	0	32	0	384	80	0	0	0	0		1	0	0	320
17529	scripts\Map\烛龙殿\ai\乌蒙贵\龙门曲云.lua	0	768	768	32	256	64	0	32	0	384	80	0	0	0	0		1	0	0	320
17530	scripts\Map\烛龙殿\ai\乌蒙贵\龙门孙飞亮.lua	0	768	768	32	256	64	0	32	0	384	80	0	0	0	0		1	0	0	320
17531	scripts\Map\烛龙殿\ai\乌蒙贵\龙门万花弟子.lua	0	768	768	32	256	64	0	32	0	384	80	0	0	0	0		1	0	0	320
17532	scripts\Map\烛龙殿\ai\乌蒙贵\龙门李承恩.lua	0	768	768	32	256	64	0	32	0	384	80	0	0	0	0		1	0	0	320
17533	scripts\Map\烛龙殿\ai\乌蒙贵\龙门叶芷青.lua	0	768	768	32	256	64	0	32	0	384	80	0	0	0	0		1	0	0	320
17534	scripts\Map\烛龙殿\ai\乌蒙贵\龙门小七.lua	0	768	768	32	256	64	0	32	0	384	80	0	0	0	0		1	0	0	320
17535	scripts\Map\烛龙殿\ai\乌蒙贵\龙门七秀弟子.lua	1	768	768	32	256	64	0	32	0	384	80	0	0	0	0		1	0	1	320
17536	scripts\Map\烛龙殿\ai\乌蒙贵\龙门李忘生.lua	0	768	768	32	256	64	0	32	0	384	80	0	0	0	0		1	0	0	320
17537	scripts\Map\烛龙殿\ai\乌蒙贵\龙门纯阳弟子.lua	0	768	768	32	256	64	0	32	0	384	80	0	0	0	0		1	0	0	320
17538	scripts\Map\烛龙殿\ai\乌蒙贵\龙门叶炜.lua	0	768	768	32	256	64	0	32	0	384	80	0	0	0	0		1	0	0	320
17539	scripts\Map\烛龙殿\ai\乌蒙贵\龙门叶英.lua	0	768	768	32	256	64	0	32	0	384	80	0	0	0	0		1	0	0	320
17540	scripts\Map\烛龙殿\ai\乌蒙贵\龙门藏剑弟子.lua	0	768	768	32	256	64	0	32	0	384	80	0	0	0	0		1	0	0	320
17541	scripts\Map\烛龙殿\ai\乌蒙贵\开门表现控制.lua	0	768	768	32	256	64	0	32	512	384	80	0	0	0	0		1	0	0	320
17572	scripts\Map\烛龙殿\ai\最终决战\乌蒙贵.lua	0	768	768	32	256	64	0	32	0	384	80	0	0	0	0		1	0	0	320
17573	scripts\Map\烛龙殿\ai\乌蒙贵\地宫方乾.lua	0	768	768	32	256	64	0	32	0	384	80	0	0	0	0		1	0	0	320
17574	scripts\Map\烛龙殿\ai\乌蒙贵\地宫魔刹罗.lua	0	768	768	32	256	64	0	32	0	384	80	0	0	0	0		1	0	0	320
17575	scripts\Map\烛龙殿\ai\最终决战\玛索.lua	0	768	768	32	256	64	0	32	0	384	80	0	0	0	0		1	0	0	320
17576	scripts\Map\烛龙殿\ai\乌蒙贵\地宫小邪子.lua	0	768	768	32	256	64	0	32	0	384	80	0	0	0	0		1	0	0	320
17577	scripts\Map\烛龙殿\ai\黑骑士\黑气易伤buff控制.lua	0	768	768	32	256	64	0	32	512	384	80	0	0	0	0		1	0	0	320
17578	scripts\Map\烛龙殿\ai\乌蒙贵\地宫唐书雁.lua	0	768	768	32	256	64	0	32	0	384	80	0	0	0	0		1	0	0	320
17579	scripts\Map\烛龙殿\ai\乌蒙贵\地宫唐老太.lua	0	768	768	32	256	64	0	32	0	384	80	0	0	0	0		1	0	0	320
17580	scripts\Map\烛龙殿\ai\乌蒙贵\地宫表现总控.lua	0	768	768	32	256	64	0	32	512	384	80	0	0	0	0		1	0	0	320
17581	scripts\Map\烛龙殿\ai\乌蒙贵\地宫曲云.lua	0	768	768	32	256	64	0	32	0	384	80	0	0	0	0		1	0	0	320
17582	scripts\Map\烛龙殿\ai\乌蒙贵\地宫孙飞亮.lua	0	768	768	32	256	64	0	32	0	384	80	0	0	0	0		1	0	0	320
17603	scripts\Map\烛龙殿\ai\最终决战\总控.lua	0	768	768	32	256	64	0	32	512	384	80	0	0	0	0		1	0	0	320
17604	scripts\Map\烛龙殿\ai\最终决战\毒拳技能控制.lua	0	768	768	32	256	64	0	32	512	384	80	0	0	0	0		1	0	0	320
17605	scripts\Map\烛龙殿\ai\最终决战\吸魂功技能控制.lua	0	768	768	32	256	64	0	32	512	384	80	0	0	0	0		1	0	0	320
17606	scripts\Map\烛龙殿\ai\最终决战\虚弱控制.lua	0	768	768	32	256	64	0	32	512	384	80	0	0	0	0		1	0	0	320
17607	scripts\Map\烛龙殿\ai\最终决战\一阶段刷怪控制.lua	0	768	768	32	256	64	0	32	512	384	80	0	0	0	0		1	0	0	320
17608	scripts\Map\烛龙殿\ai\最终决战\瞬移控制.lua	0	768	768	32	256	64	0	32	512	384	80	0	0	0	0		1	0	0	320
17698	scripts\Map\烛龙殿\ai\黑骑士\黑气易伤buff控制.lua	0	768	768	32	256	64	0	32	512	384	80	0	0	0	0		1	0	0	320
17699	scripts\Map\烛龙殿\ai\最终决战\玛索寄生蛊控制.lua	0	768	768	32	256	64	0	32	512	384	80	0	0	0	0		1	0	0	320
17700	scripts\Map\烛龙殿\ai\最终决战\玛索的自爆小蛇.lua	0	768	768	32	256	64	0	32	0	384	80	0	0	0	0		1	0	0	320
17702	scripts\Map\烛龙殿\ai\最终决战\玛索招自爆小蛇控制.lua	0	768	768	32	256	64	0	32	512	384	80	0	0	0	0		1	0	0	320
17703	scripts\Map\烛龙殿\ai\最终决战\玛索招眼睛蛇控制.lua	0	768	768	32	256	64	0	32	512	384	80	0	0	0	0		1	0	0	320
17704	scripts\Map\烛龙殿\ai\最终决战\玛索的眼睛蛇.lua	0	768	768	32	256	64	0	32	0	384	80	0	0	0	0		1	0	0	320
17705	scripts\Map\烛龙殿\ai\最终决战\守护机关的怪.lua	0	768	768	32	256	64	0	32	0	384	80	0	0	0	0		1	0	0	320
17706	scripts\Map\烛龙殿\ai\最终决战\守护机关的怪.lua	0	768	768	32	256	64	0	32	0	384	80	0	0	0	0		1	0	0	320
17707	scripts/ai/StandardAI.lua	0	768	768	32	256	64	0	32	0	384	80	0	0	0	0		0	0	0	320
17708	scripts/ai/StandardAI.lua	0	768	768	32	256	64	0	32	0	384	80	0	0	0	0		0	0	0	320
17709	scripts/ai/StandardAI.lua	0	768	768	32	256	64	0	32	0	384	80	0	0	0	0		0	0	0	320
17710	scripts\Map\烛龙殿\ai\最终决战\总开关.lua	0	768	768	32	256	64	0	32	512	384	80	0	0	0	0		1	0	0	320
17731	scripts\Map\烛龙殿\ai\最终决战\天一狂战士.lua	0	768	768	32	256	64	0	32	0	384	80	0	0	0	0		1	0	0	320
17732	scripts\Map\烛龙殿\ai\最终决战\天一饮血刀.lua	0	768	768	32	256	64	0	32	0	384	80	0	0	0	0		1	0	0	320
17734	scripts\Map\烛龙殿\ai\最终决战\阶段控制.lua	0	768	768	32	256	64	0	32	0	384	80	0	0	0	0		1	0	0	320
17735	scripts\Map\25人英雄烛龙殿\ai\最终决战\眼镜蛇毒雾.lua	0	768	768	32	256	64	0	32	0	384	80	0	0	0	0		1	0	0	320
17737	scripts\Map\烛龙殿\ai\最终决战\寄生蛇.lua	0	768	768	32	256	64	0	32	0	384	80	0	0	0	0		1	0	0	320
17740	scripts\Map\烛龙殿\ai\最终决战\三阶段掉落毒球控制.lua	0	768	768	32	256	64	0	32	0	384	80	0	0	0	0		1	0	0	320
17741	scripts\Map\烛龙殿\ai\最终决战\三阶段掉落毒球.lua	0	768	768	32	256	64	0	32	0	384	80	0	0	0	0		1	0	0	320
17742	scripts\Map\烛龙殿\ai\最终决战\三阶段毒蛇图腾控制.lua	0	768	768	32	256	64	0	32	0	384	80	0	0	0	0		1	0	0	320
17743	scripts\Map\烛龙殿\ai\最终决战\三阶段毒蛇图腾.lua	0	768	768	32	256	64	0	32	0	384	80	0	0	0	0		1	0	0	320
17745	scripts/ai/StandardAI.lua	1	256	256	32	256	64	0	32	512	384	80	0	0	0	0		1	0	1	320
17746	scripts/ai/StandardAI.lua	1	256	256	32	256	64	0	32	512	384	80	0	0	0	0		1	0	1	320
17747	scripts/ai/StandardAI.lua	1	256	256	32	256	64	0	32	0	0	80	0	0	0	0		1	0	1	320
17748	scripts/ai/StandardAI.lua	1	256	256	32	256	64	0	32	512	384	80	0	0	0	0		1	0	1	320
17751	scripts/ai/StandardAI.lua	1	256	256	32	256	64	0	32	512	384	80	0	0	0	0		1	0	1	320
17752	scripts/ai/StandardAI.lua	1	256	256	32	256	64	0	32	512	384	80	0	0	0	0		1	0	1	320
17753	scripts/ai/StandardAI.lua	0	768	768	32	256	64	0	32	0	384	80	0	0	0	0		1	0	0	320
17754	scripts/ai/StandardAI.lua	0	768	768	32	256	64	0	32	0	384	80	0	0	0	0		1	0	0	320
17755	scripts/ai/StandardAI.lua	0	768	768	32	256	64	0	32	0	384	80	0	0	0	0		1	0	0	320
17756	scripts/ai/StandardAI.lua	1	256	256	32	256	64	0	32	512	384	80	0	0	0	0		1	0	1	320
17757	scripts/ai/StandardAI.lua	1	256	256	32	256	64	0	32	512	384	80	0	0	0	0		1	0	1	320
17761	scripts\Map\烛龙殿\ai\最终决战\三阶段猛斩技能控制.lua	0	768	768	32	256	64	0	32	0	384	80	0	0	0	0		1	0	0	320
17762	scripts\Map\烛龙殿\ai\最终决战\三阶段毒蛊buff控制.lua	0	768	768	32	256	64	0	32	0	384	80	0	0	0	0		1	0	0	320
17763	scripts\Map\烛龙殿\ai\最终决战\毒圈.lua	0	768	768	32	256	64	0	32	0	384	80	0	0	0	0		1	0	0	320
17764	scripts\Map\烛龙殿\ai\最终决战\天一饮血刀.lua	0	768	768	32	256	64	0	32	0	384	80	0	0	0	0		1	0	0	320
17801	scripts\Map\烛龙殿\ai\最终决战\护体神功AOE.lua	0	768	768	32	256	64	0	32	0	384	80	0	0	0	0		1	0	0	320
17810	scripts\Map\烛龙殿\ai\最终决战\五阶段毒水控制.lua	0	768	768	32	256	64	0	32	0	384	80	0	0	0	0		1	0	0	320
17811	scripts\Map\烛龙殿\ai\最终决战\五阶段毒水.lua	0	768	768	32	256	64	0	32	0	384	80	0	0	0	0		1	0	0	320
17812	scripts\Map\烛龙殿\ai\最终决战\五阶段扩散球技能控制.lua	0	768	768	32	256	64	0	32	0	384	80	0	0	0	0		1	0	0	320
17813	scripts\Map\烛龙殿\ai\最终决战\扩散球.lua	0	768	768	32	256	64	0	32	0	384	80	0	0	0	0		1	0	0	320
17841	scripts\Map\烛龙殿\ai\乌蒙贵\祭龙台李忘生.lua	0	768	768	32	256	64	0	32	0	384	80	0	0	0	0		1	0	0	320
17842	scripts\Map\烛龙殿\ai\乌蒙贵\祭龙台叶芷青.lua	0	768	768	32	256	64	0	32	0	384	80	0	0	0	0		1	0	0	320
17843	scripts\Map\烛龙殿\ai\乌蒙贵\祭龙台玄正.lua	1	768	768	32	256	64	0	32	0	384	80	0	0	0	0		1	0	1	320
17844	scripts\Map\烛龙殿\ai\乌蒙贵\祭龙台叶英.lua	0	768	768	32	256	64	0	32	0	384	80	0	0	0	0		1	0	0	320
17845	scripts\Map\烛龙殿\ai\乌蒙贵\祭龙台东方宇轩.lua	0	768	768	32	256	64	0	32	0	384	80	0	0	0	0		1	0	0	320
17846	scripts\Map\烛龙殿\ai\乌蒙贵\祭龙台李承恩.lua	0	768	768	32	256	64	0	32	0	384	80	0	0	0	0		1	0	0	320
17847	scripts\Map\烛龙殿\ai\乌蒙贵\祭龙台唐老太.lua	0	768	768	32	256	64	0	32	0	384	80	0	0	0	0		1	0	0	320
17848	scripts\Map\烛龙殿\ai\乌蒙贵\祭龙台曲云.lua	0	768	768	32	256	64	0	32	0	384	80	0	0	0	0		1	0	0	320
17849	scripts/ai/CommonFoolish.lua	0	0	0	0	0	0	960	0	0	0	80	0	30	0	0		1	1	0	320
17850	scripts\Map\烛龙殿\ai\乌蒙贵\祭龙台慕容追风.lua	0	768	768	32	256	64	0	32	0	384	80	0	0	0	0		1	0	0	320
17970	scripts\Map\烛龙殿\ai\最终决战\定位距离控制.lua	0	768	768	32	256	64	0	32	512	384	80	0	0	0	0		1	0	0	320
17971	scripts/ai/StandardAI.lua	0	768	768	32	256	64	0	32	0	0	80	0	0	0	0		1	0	0	320
17973	scripts/ai/StandardAI.lua	0	768	768	32	256	64	0	32	0	384	80	0	0	0	0		1	0	0	320
17980	scripts\Map\烛龙殿\ai\乌蒙贵\祭龙台唐书雁.lua	0	768	768	32	256	64	0	32	0	384	80	0	0	0	0		1	0	0	320
17981	scripts\Map\烛龙殿\ai\乌蒙贵\祭龙台方乾.lua	0	768	768	32	256	64	0	32	0	384	80	0	0	0	0		1	0	0	320
17982	scripts\Map\烛龙殿\ai\乌蒙贵\祭龙台魔刹罗.lua	0	768	768	32	256	64	0	32	0	384	80	0	0	0	0		1	0	0	320
17997	scripts/ai/StandardAI.lua	0	768	768	32	256	64	0	32	0	384	80	0	0	0	0		1	0	0	320
17998	scripts\Map\烛龙殿\ai\最终决战\加拉人判断.lua	0	768	768	32	256	64	0	32	0	384	80	0	0	0	0		1	0	0	320
17999	scripts\Map\烛龙殿\ai\最终决战\拉人.lua	1	256	256	32	256	64	0	32	0	0	80	0	0	0	0		1	0	1	320
18031	scripts/ai/StandardAI.lua	0	768	768	32	256	64	0	32	0	384	80	0	0	0	0		1	0	0	320
18032	scripts/ai/StandardAI.lua	0	768	768	32	256	64	0	32	0	384	80	0	0	0	0		1	0	0	320
18033	scripts/ai/StandardAI.lua	0	768	768	32	256	64	0	32	0	384	80	0	0	0	0		1	0	0	320
18034	scripts/ai/StandardAI.lua	0	768	768	32	256	64	0	32	0	384	80	0	0	0	0		1	0	0	320
18035	scripts/ai/StandardAI.lua	0	768	768	32	256	64	0	32	0	384	80	0	0	0	0		1	0	0	320
18036	scripts/ai/StandardAI.lua	0	768	768	32	256	64	0	32	0	384	80	0	0	0	0		1	0	0	320
18037	scripts/ai/StandardAI.lua	0	768	768	32	256	64	0	32	0	384	80	0	0	0	0		1	0	0	320
18108	scripts\Map\烛龙殿\ai\最终决战\五阶段全场AOE.lua	0	768	768	32	256	64	0	32	0	384	80	0	0	0	0		1	0	0	320
18280	scripts/ai/StandardAI.lua	0	768	768	32	256	64	0	32	0	384	80	0	0	0	0		1	0	0	320
18618	scripts\Map\试炼密境\ai\15个精英\雷神电圈.lua	0	768	768	32	256	64	0	32	0	384	80	0	0	0	0		1	0	0	320
18619	scripts\Map\试炼密境\ai\15个精英\雷神电圈.lua	0	768	768	32	256	64	0	32	0	384	80	0	0	0	0		1	0	0	320
105943	scripts/Map/副本通用AI/ai/通用无敌对话AI不转向.lua	0	768	768	32	256	64	0	32	0	384	80	0	0	0	0		1	1	0	320
