AIType	ScriptFile	IsPositive	AlertRange	SearchPlayerDistance	AlertOverTime	AttackRange	EscapeTime	EscapeRange	EscapeInterval	WanderRange	WanderDistance	WanderInterval	PatrolPathID	EscapeLife	PatrolOrderIndex	ReviveTeammate	CustomArguments	IsAutoTurn	NpcSceneType	IsSnarlInFight	DialogIdleTime
106159	scripts/Map/百战异闻录/ai/5人BOSS/罗翼/罗翼.lua	0	768	768	32	256	64	0	32	0	384	80	0	0	0	0		1	0	0	320
106160	scripts/Map/百战异闻录/ai/5人BOSS/罗翼/罗翼总控.lua	0	768	768	32	256	64	0	32	0	384	80	0	0	0	0		1	0	0	320
106161	scripts/Map/百战异闻录/ai/5人BOSS/罗翼/牙刀.lua	0	768	768	32	256	64	0	32	0	384	80	0	0	0	0		1	0	0	320
106162	scripts/Map/百战异闻录/ai/5人BOSS/罗翼/猎犬.lua	0	768	768	32	256	64	0	32	0	384	80	0	0	0	0		1	0	0	320
106240	scripts/Map/百战异闻录/ai/5人BOSS/罗翼/牙刀总控.lua	0	768	768	32	256	64	0	32	0	384	80	0	0	0	0		1	0	0	320
106247	scripts/Map/百战异闻录/ai/5人BOSS/秦雷/秦雷.lua	0	768	768	32	256	64	0	32	0	384	80	0	0	0	0		1	0	0	320
106259	scripts/Map/百战异闻录/ai/5人BOSS/上衫勇刀/上衫勇刀.lua	0	768	768	32	256	64	0	32	0	384	80	0	0	0	0		1	1	0	320
106261	scripts/Map/百战异闻录/ai/5人BOSS/上衫勇刀/钉刺.lua	0	768	768	32	256	64	0	32	0	384	80	0	0	0	0		1	0	0	320
106262	scripts/ai/DungeonStandardAI.lua	1	3840	3840	0	3840	64	0	32	0	384	80	0	0	0	0		1	1	0	320
106267	scripts/Map/百战异闻录/ai/5人BOSS/秦雷/暗狼袭爪子弹.lua	0	768	768	32	256	64	0	32	0	384	80	0	0	0	0		1	0	0	320
106293	scripts/Map/百战异闻录/ai/5人BOSS/秦雷/黑煞落贪狼.lua	0	768	768	32	256	64	0	32	0	384	80	0	0	0	0		1	0	0	320
106294	scripts/Map/百战异闻录/ai/5人BOSS/秦雷/黑煞落贪狼.lua	0	768	768	32	256	64	0	32	0	384	80	0	0	0	0		1	0	0	320
106295	scripts/Map/百战异闻录/ai/5人BOSS/秦雷/叛军弓手.lua	0	768	768	32	256	64	0	32	0	384	80	0	0	0	0		1	0	0	320
106296	scripts/Map/百战异闻录/ai/5人BOSS/秦雷/叛军甲士.lua	0	768	768	32	256	64	0	32	0	384	80	0	0	0	0		1	0	0	320
106299	scripts/Map/百战异闻录/ai/5人BOSS/秦雷/秦雷.lua	0	768	768	32	256	64	0	32	0	384	80	0	0	0	0		1	0	0	320
106300	scripts/Map/百战异闻录/ai/5人BOSS/秦雷/叛军弓手.lua	0	768	768	32	256	64	0	32	0	384	80	0	0	0	0		1	0	0	320
106301	scripts/Map/百战异闻录/ai/5人BOSS/秦雷/叛军甲士.lua	0	768	768	32	256	64	0	32	0	384	80	0	0	0	0		1	0	0	320
106303	scripts/Map/百战异闻录/ai/5人BOSS/秦雷/叛军马车.lua	0	768	768	32	256	64	0	32	0	384	80	0	0	0	0		1	0	0	320
106304	scripts/Map/百战异闻录/ai/5人BOSS/秦雷/叛军马车.lua	0	768	768	32	256	64	0	32	0	384	80	0	0	0	0		1	0	0	320
106306	scripts/Map/百战异闻录/ai/5人BOSS/秦雷/秦雷.lua	0	768	768	32	256	64	0	32	0	384	80	0	0	0	0		1	0	0	320
106307	scripts/Map/百战异闻录/ai/5人BOSS/秦雷/秦雷.lua	0	768	768	32	256	64	0	32	0	384	80	0	0	0	0		1	0	0	320
106308	scripts/Map/百战异闻录/ai/5人BOSS/秦雷/秦雷.lua	0	768	768	32	256	64	0	32	0	384	80	0	0	0	0		1	0	0	320
106352	scripts/Map/百战异闻录/ai/5人BOSS/罗翼/罗翼.lua	0	768	768	32	256	64	0	32	0	384	80	0	0	0	0		1	0	0	320
106353	scripts/Map/百战异闻录/ai/5人BOSS/罗翼/牙刀.lua	0	768	768	32	256	64	0	32	0	384	80	0	0	0	0		1	0	0	320
106354	scripts/Map/百战异闻录/ai/5人BOSS/罗翼/猎犬.lua	0	768	768	32	256	64	0	32	0	384	80	0	0	0	0		1	0	0	320
106355	scripts/Map/百战异闻录/ai/5人BOSS/罗翼/罗翼.lua	0	768	768	32	256	64	0	32	0	384	80	0	0	0	0		1	0	0	320
106356	scripts/Map/百战异闻录/ai/5人BOSS/罗翼/牙刀.lua	0	768	768	32	256	64	0	32	0	384	80	0	0	0	0		1	0	0	320
106357	scripts/Map/百战异闻录/ai/5人BOSS/罗翼/猎犬.lua	0	768	768	32	256	64	0	32	0	384	80	0	0	0	0		1	0	0	320
106358	scripts/Map/百战异闻录/ai/5人BOSS/罗翼/罗翼.lua	0	768	768	32	256	64	0	32	0	384	80	0	0	0	0		1	0	0	320
106359	scripts/Map/百战异闻录/ai/5人BOSS/罗翼/牙刀.lua	0	768	768	32	256	64	0	32	0	384	80	0	0	0	0		1	0	0	320
106360	scripts/Map/百战异闻录/ai/5人BOSS/鬼影小次郎/神策弟子.lua	0	768	768	32	256	64	0	32	0	384	80	0	0	0	0		1	0	0	320
106361	scripts/Map/百战异闻录/ai/5人BOSS/罗翼/罗翼.lua	0	768	768	32	256	64	0	32	0	384	80	0	0	0	0		1	0	0	320
106362	scripts/Map/百战异闻录/ai/5人BOSS/罗翼/牙刀.lua	0	768	768	32	256	64	0	32	0	384	80	0	0	0	0		1	0	0	320
106363	scripts/Map/百战异闻录/ai/5人BOSS/鬼影小次郎/一刀流弟子.lua	0	768	768	32	256	64	0	32	0	384	80	0	0	0	0		1	0	0	320
106391	scripts/ai/StandardAI.lua	0	768	768	32	256	64	0	32	0	384	80	0	0	0	0		1	0	0	320
106430	scripts/Map/百战异闻录/ai/5人BOSS/钱宗龙・杜姬欣/钱宗龙.lua	0	768	768	32	256	64	0	32	0	384	80	0	0	0	0		1	0	0	320
106431	scripts/Map/百战异闻录/ai/5人BOSS/钱宗龙・杜姬欣/杜姬欣.lua	0	768	768	32	256	64	0	32	0	384	80	0	0	0	0		1	0	0	320
106432	scripts/Map/百战异闻录/ai/5人BOSS/钱宗龙・杜姬欣/钱宗龙.lua	0	768	768	32	256	64	0	32	0	384	80	0	0	0	0		1	0	0	320
106433	scripts/Map/百战异闻录/ai/5人BOSS/钱宗龙・杜姬欣/杜姬欣.lua	0	768	768	32	256	64	0	32	0	384	80	0	0	0	0		1	0	0	320
106434	scripts/Map/百战异闻录/ai/5人BOSS/钱宗龙・杜姬欣/钱宗龙.lua	0	768	768	32	256	64	0	32	0	384	80	0	0	0	0		1	0	0	320
106435	scripts/Map/百战异闻录/ai/5人BOSS/钱宗龙・杜姬欣/杜姬欣.lua	0	768	768	32	256	64	0	32	0	384	80	0	0	0	0		1	0	0	320
106436	scripts/Map/百战异闻录/ai/5人BOSS/钱宗龙・杜姬欣/钱宗龙.lua	0	768	768	32	256	64	0	32	0	384	80	0	0	0	0		1	0	0	320
106437	scripts/Map/百战异闻录/ai/5人BOSS/钱宗龙・杜姬欣/杜姬欣.lua	0	768	768	32	256	64	0	32	0	384	80	0	0	0	0		1	0	0	320
106438	scripts/Map/百战异闻录/ai/5人BOSS/钱宗龙・杜姬欣/钱宗龙.lua	0	768	768	32	256	64	0	32	0	384	80	0	0	0	0		1	0	0	320
106439	scripts/Map/百战异闻录/ai/5人BOSS/钱宗龙・杜姬欣/杜姬欣.lua	0	768	768	32	256	64	0	32	0	384	80	0	0	0	0		1	0	0	320
106463	scripts/Map/百战异闻录/ai/5人BOSS/鬼影小次郎/神策弟子.lua	0	768	768	32	256	64	0	32	0	384	80	0	0	0	0		1	0	0	320
106464	scripts/Map/百战异闻录/ai/5人BOSS/鬼影小次郎/鬼影小次郎.lua	0	768	768	32	256	64	0	32	0	384	80	0	0	0	0		1	0	0	320
106465	scripts/Map/百战异闻录/ai/5人BOSS/鬼影小次郎/神策弟子.lua	0	768	768	32	256	64	0	32	0	384	80	0	0	0	0		1	0	0	320
106466	scripts/Map/百战异闻录/ai/5人BOSS/鬼影小次郎/鬼影小次郎.lua	0	768	768	32	256	64	0	32	0	384	80	0	0	0	0		1	0	0	320
106467	scripts/Map/百战异闻录/ai/5人BOSS/鬼影小次郎/神策弟子.lua	0	768	768	32	256	64	0	32	0	384	80	0	0	0	0		1	0	0	320
106468	scripts/Map/百战异闻录/ai/5人BOSS/鬼影小次郎/鬼影小次郎.lua	0	768	768	32	256	64	0	32	0	384	80	0	0	0	0		1	0	0	320
106469	scripts/Map/百战异闻录/ai/5人BOSS/鬼影小次郎/神策弟子.lua	0	768	768	32	256	64	0	32	0	384	80	0	0	0	0		1	0	0	320
106470	scripts/Map/百战异闻录/ai/5人BOSS/鬼影小次郎/鬼影小次郎.lua	0	768	768	32	256	64	0	32	0	384	80	0	0	0	0		1	0	0	320
106471	scripts/Map/百战异闻录/ai/5人BOSS/鬼影小次郎/神策弟子.lua	0	768	768	32	256	64	0	32	0	384	80	0	0	0	0		1	0	0	320
106472	scripts/Map/百战异闻录/ai/5人BOSS/鬼影小次郎/神策弟子.lua	0	768	768	32	256	64	0	32	0	384	80	0	0	0	0		1	0	0	320
106473	scripts/Map/百战异闻录/ai/5人BOSS/鬼影小次郎/鬼影小次郎.lua	0	768	768	32	256	64	0	32	0	384	80	0	0	0	0		1	0	0	320
106474	scripts/Map/百战异闻录/ai/5人BOSS/鬼影小次郎/神策弟子.lua	0	768	768	32	256	64	0	32	0	384	80	0	0	0	0		1	0	0	320
106475	scripts/Map/百战异闻录/ai/5人BOSS/鬼影小次郎/神策弟子.lua	0	768	768	32	256	64	0	32	0	384	80	0	0	0	0		1	0	0	320
106476	scripts/Map/百战异闻录/ai/5人BOSS/鬼影小次郎/神策弟子.lua	0	768	768	32	256	64	0	32	0	384	80	0	0	0	0		1	0	0	320
106501	scripts/Map/百战异闻录/ai/5人BOSS/秦雷/秦雷总控.lua	0	768	768	32	256	64	0	32	0	384	80	0	0	0	0		0	0	0	320
106531	scripts/Map/百战异闻录/ai/5人BOSS/鬼影小次郎/鬼影小次郎总控.lua	0	768	768	32	256	64	0	32	0	384	80	0	0	0	0		1	0	0	320
106544	scripts/Map/百战异闻录/ai/5人BOSS/鬼影小次郎/一刀流弟子.lua	0	768	768	32	256	64	0	32	0	384	80	0	0	0	0		1	0	0	320
106618	scripts/Map/百战异闻录/ai/5人BOSS/鬼影小次郎/初景・白雨.lua	0	768	768	32	256	64	0	32	0	384	80	0	0	0	0		1	0	0	320
106628	scripts/Map/百战异闻录/ai/5人BOSS/鬼影小次郎/武器.lua	0	768	768	32	256	64	0	32	0	384	80	0	0	0	0		1	0	0	320
106650	scripts/Map/百战异闻录/ai/5人BOSS/上衫勇刀/上衫勇刀总控.lua	0	768	768	32	256	64	0	32	0	384	80	0	0	0	0		1	0	0	320
106651	scripts/ai/StandardAI.lua	0	768	768	32	256	64	0	32	0	384	80	0	0	0	0		1	0	0	320
106652	scripts/Map/百战异闻录/ai/5人BOSS/友方角色/陈月.lua	0	768	768	32	256	64	0	32	0	384	80	0	0	0	0		1	0	0	320
106653	scripts/Map/百战异闻录/ai/5人BOSS/友方角色/陈月.lua	0	768	768	32	256	64	0	32	0	384	80	0	0	0	0		1	0	0	320
106654	scripts/Map/百战异闻录/ai/5人BOSS/友方角色/陈月.lua	0	768	768	32	256	64	0	32	0	384	80	0	0	0	0		1	0	0	320
106691	scripts/Map/百战异闻录/ai/RAID/牡丹/牡丹.lua	0	768	768	32	256	64	0	32	0	384	80	0	0	0	0		1	1	0	320
106692	scripts/Map/百战异闻录/ai/RAID/牡丹/牡丹总控.lua	0	768	768	32	256	64	0	32	0	384	80	0	0	0	0		1	0	0	320
106697	scripts/Map/百战异闻录/ai/RAID/牡丹/内力潮汐.lua	0	768	768	32	256	64	960	32	512	0	80	0	30	0	0		1	0	0	320
106698	scripts/Map/百战异闻录/ai/RAID/牡丹/血球.lua	0	768	768	32	256	64	0	32	0	384	80	0	0	0	0		1	0	0	320
106699	scripts/Map/百战异闻录/ai/RAID/牡丹/血球.lua	0	768	768	32	256	64	0	32	0	384	80	0	0	0	0		1	0	0	320
106700	scripts/Map/百战异闻录/ai/RAID/牡丹/血涂风暴.lua	0	768	768	32	256	64	0	32	0	384	80	0	0	0	0		1	0	0	320
106701	scripts/Map/百战异闻录/ai/RAID/牡丹/精英怪.lua	1	768	768	32	256	64	0	32	0	384	80	0	0	0	0		1	1	0	320
106702	scripts/Map/百战异闻录/ai/RAID/牡丹/精英怪.lua	1	768	768	32	256	64	0	32	0	384	80	0	0	0	0		1	1	0	320
106703	scripts/Map/百战异闻录/ai/RAID/牡丹/精英怪.lua	1	768	768	32	256	64	0	32	0	384	80	0	0	0	0		1	1	0	320
106704	scripts/Map/百战异闻录/ai/RAID/牡丹/精英怪.lua	1	768	768	32	256	64	0	32	0	384	80	0	0	0	0		1	1	0	320
106705	scripts/Map/百战异闻录/ai/RAID/牡丹/精英怪.lua	1	768	768	32	256	64	0	32	0	384	80	0	0	0	0		1	1	0	320
106706	scripts/Map/百战异闻录/ai/RAID/牡丹/精英怪.lua	1	768	768	32	256	64	0	32	0	384	80	0	0	0	0		1	1	0	320
106707	scripts/Map/百战异闻录/ai/RAID/牡丹/圣祭门传火者.lua	0	768	768	32	256	64	0	32	0	384	80	0	0	0	0		1	1	0	320
106708	scripts/Map/百战异闻录/ai/RAID/牡丹/圣祭门传火者.lua	0	768	768	32	256	64	0	32	0	384	80	0	0	0	0		1	1	0	320
106710	scripts/Map/百战异闻录/ai/系统辅助/宝物.lua	0	768	768	32	256	64	0	32	0	384	80	0	0	0	0		1	0	0	320
106711	scripts/Map/百战异闻录/ai/系统辅助/奇怪宝箱.lua	0	768	768	32	256	64	0	32	0	384	80	0	0	0	0		1	0	0	320
106714	scripts/Map/百战异闻录/ai/系统辅助/盗宝贼.lua	0	768	768	32	256	64	0	32	0	384	80	0	0	0	0		1	0	0	320
106718	scripts/Map/百战异闻录/ai/5人BOSS/友方角色/毛毛.lua	0	768	768	32	256	64	0	32	0	384	80	0	0	0	0		1	0	0	320
106720	scripts/Map/百战异闻录/ai/5人BOSS/友方角色/毛毛.lua	0	768	768	32	256	64	0	32	0	384	80	0	0	0	0		1	0	0	320
106721	scripts/Map/百战异闻录/ai/5人BOSS/友方角色/毛毛.lua	0	768	768	32	256	64	0	32	0	384	80	0	0	0	0		1	0	0	320
106724	scripts/Map/百战异闻录/ai/5人BOSS/钱宗龙・杜姬欣/钱宗龙总控.lua	0	768	768	32	256	64	0	32	0	384	80	0	0	0	0		1	0	0	320
106725	scripts/Map/百战异闻录/ai/5人BOSS/钱宗龙・杜姬欣/杜姬欣总控.lua	0	768	768	32	256	64	0	32	0	384	80	0	0	0	0		1	0	0	320
106726	scripts/Map/百战异闻录/ai/5人BOSS/华鹤炎/华鹤炎.lua	0	768	768	32	256	64	0	32	0	384	80	0	0	0	0		1	0	0	320
106727	scripts/Map/百战异闻录/ai/5人BOSS/华鹤炎/神策暗卫.lua	0	768	768	32	256	64	0	32	0	384	80	0	0	0	0		1	0	0	320
106731	scripts/Map/百战异闻录/ai/5人BOSS/冯度/冯度.lua	0	768	768	32	256	64	0	32	0	384	80	0	0	0	0		1	0	0	320
106732	scripts/Map/百战异闻录/ai/5人BOSS/冯度/钱袋.lua	0	768	768	32	256	64	0	32	0	384	80	0	0	0	0		1	0	0	320
106733	scripts/Map/百战异闻录/ai/5人BOSS/冯度/骰子.lua	0	768	768	32	256	64	0	32	0	384	80	0	0	0	0		1	0	0	320
106734	scripts/Map/百战异闻录/ai/5人BOSS/友方角色/莫雨.lua	0	768	768	32	256	64	0	32	0	384	80	0	0	0	0		1	0	0	320
106735	scripts/Map/百战异闻录/ai/5人BOSS/冯度/燃烧弹.lua	0	768	768	32	256	64	0	32	0	384	80	0	0	0	0		1	0	0	320
106736	scripts/Map/百战异闻录/ai/5人BOSS/友方角色/莫雨.lua	0	768	768	32	256	64	0	32	0	384	80	0	0	0	0		1	0	0	320
106737	scripts/Map/百战异闻录/ai/5人BOSS/冯度/烟雾弹.lua	0	768	768	32	256	64	0	32	0	384	80	0	0	0	0		1	0	0	320
106739	scripts/Map/百战异闻录/ai/5人BOSS/冯度/冯度.lua	0	768	768	32	256	64	0	32	0	384	80	0	0	0	0		1	0	0	320
106740	scripts/Map/百战异闻录/ai/5人BOSS/冯度/冯度.lua	0	768	768	32	256	64	0	32	0	384	80	0	0	0	0		1	0	0	320
106741	scripts/Map/百战异闻录/ai/5人BOSS/冯度/冯度.lua	0	768	768	32	256	64	0	32	0	384	80	0	0	0	0		1	0	0	320
106742	scripts/Map/百战异闻录/ai/5人BOSS/冯度/冯度.lua	0	768	768	32	256	64	0	32	0	384	80	0	0	0	0		1	0	0	320
106743	scripts/Map/百战异闻录/ai/5人BOSS/冯度/铜钱会弟子.lua	0	768	768	32	256	64	0	32	0	384	80	0	0	0	0		1	0	0	320
106745	scripts/Map/百战异闻录/ai/5人BOSS/冯度/铜钱会弟子.lua	0	768	768	32	256	64	0	32	0	384	80	0	0	0	0		1	0	0	320
106746	scripts/Map/百战异闻录/ai/5人BOSS/华鹤炎/华鹤炎.lua	0	768	768	32	256	64	0	32	0	384	80	0	0	0	0		1	0	0	320
106747	scripts/Map/百战异闻录/ai/5人BOSS/华鹤炎/神策暗卫.lua	0	768	768	32	256	64	0	32	0	384	80	0	0	0	0		1	0	0	320
106748	scripts/Map/百战异闻录/ai/5人BOSS/华鹤炎/神策散兵.lua	0	768	768	32	256	64	0	32	0	384	80	0	0	0	0		1	0	0	320
106749	scripts/Map/百战异闻录/ai/5人BOSS/华鹤炎/华鹤炎.lua	0	768	768	32	256	64	0	32	0	384	80	0	0	0	0		1	0	0	320
106750	scripts/Map/百战异闻录/ai/5人BOSS/华鹤炎/神策暗卫.lua	0	768	768	32	256	64	0	32	0	384	80	0	0	0	0		1	0	0	320
106751	scripts/Map/百战异闻录/ai/5人BOSS/华鹤炎/神策散兵.lua	0	768	768	32	256	64	0	32	0	384	80	0	0	0	0		1	0	0	320
106752	scripts/Map/百战异闻录/ai/5人BOSS/华鹤炎/神策散兵.lua	0	768	768	32	256	64	0	32	0	384	80	0	0	0	0		1	0	0	320
106753	scripts/Map/百战异闻录/ai/5人BOSS/华鹤炎/华鹤炎.lua	0	768	768	32	256	64	0	32	0	384	80	0	0	0	0		1	0	0	320
106754	scripts/Map/百战异闻录/ai/5人BOSS/华鹤炎/神策暗卫.lua	0	768	768	32	256	64	0	32	0	384	80	0	0	0	0		1	0	0	320
106755	scripts/Map/百战异闻录/ai/5人BOSS/华鹤炎/神策散兵.lua	0	768	768	32	256	64	0	32	0	384	80	0	0	0	0		1	0	0	320
106756	scripts/Map/百战异闻录/ai/5人BOSS/华鹤炎/华鹤炎.lua	0	768	768	32	256	64	0	32	0	384	80	0	0	0	0		1	0	0	320
106757	scripts/Map/百战异闻录/ai/5人BOSS/华鹤炎/神策暗卫.lua	0	768	768	32	256	64	0	32	0	384	80	0	0	0	0		1	0	0	320
106758	scripts/Map/百战异闻录/ai/5人BOSS/华鹤炎/神策散兵.lua	0	768	768	32	256	64	0	32	0	384	80	0	0	0	0		1	0	0	320
106759	scripts/Map/百战异闻录/ai/5人BOSS/华鹤炎/华鹤炎总控.lua	0	768	768	32	256	64	0	32	0	384	80	0	0	0	0		1	0	0	320
106760	scripts/Map/百战异闻录/ai/5人BOSS/冯度/冯度总控.lua	0	768	768	32	256	64	0	32	0	384	80	0	0	0	0		1	0	0	320
106761	scripts/Map/百战异闻录/ai/5人BOSS/友方角色/林瑜.lua	0	768	768	32	256	64	0	32	0	384	80	0	0	0	0		1	0	0	320
106762	scripts/Map/百战异闻录/ai/5人BOSS/友方角色/林瑜.lua	0	768	768	32	256	64	0	32	0	384	80	0	0	0	0		1	0	0	320
106763	scripts/Map/百战异闻录/ai/5人BOSS/友方角色/林瑜.lua	0	768	768	32	256	64	0	32	0	384	80	0	0	0	0		1	0	0	320
106764	scripts/Map/百战异闻录/ai/5人BOSS/友方角色/林瑜.lua	0	768	768	32	256	64	0	32	0	384	80	0	0	0	0		1	0	0	320
106771	scripts/Map/百战异闻录/ai/RAID/卫栖梧/卫栖梧.lua	0	768	768	32	256	64	0	32	0	384	80	0	0	0	0		1	0	0	320
106772	scripts/Map/百战异闻录/ai/RAID/卫栖梧/飞云回转刀.lua	0	768	768	32	256	64	0	32	0	384	80	0	0	0	0		1	0	0	320
106773	scripts/Map/百战异闻录/ai/5人BOSS/友方角色/孔真.lua	0	768	768	32	256	64	0	32	0	384	80	0	0	0	0		1	0	0	320
106774	scripts/Map/百战异闻录/ai/5人BOSS/友方角色/孔真.lua	0	768	768	32	256	64	0	32	0	384	80	0	0	0	0		1	0	0	320
106775	scripts/Map/百战异闻录/ai/5人BOSS/友方角色/孔真.lua	0	768	768	32	256	64	0	32	0	384	80	0	0	0	0		1	0	0	320
106776	scripts/Map/百战异闻录/ai/5人BOSS/友方角色/孔真.lua	0	768	768	32	256	64	0	32	0	384	80	0	0	0	0		1	0	0	320
106777	scripts/Map/百战异闻录/ai/RAID/卫栖梧/武器.lua	0	768	768	32	256	64	0	32	0	384	80	0	0	0	0		1	0	0	320
106778	scripts/Map/百战异闻录/ai/RAID/卫栖梧/卫栖梧.lua	0	768	768	32	256	64	0	32	0	384	80	0	0	0	0		1	0	0	320
106779	scripts/Map/百战异闻录/ai/RAID/卫栖梧/卫栖梧.lua	0	768	768	32	256	64	0	32	0	384	80	0	0	0	0		1	0	0	320
106780	scripts/Map/百战异闻录/ai/RAID/卫栖梧/卫栖梧.lua	0	768	768	32	256	64	0	32	0	384	80	0	0	0	0		1	0	0	320
106781	scripts/Map/百战异闻录/ai/RAID/卫栖梧/卫栖梧.lua	0	768	768	32	256	64	0	32	0	384	80	0	0	0	0		1	0	0	320
106782	scripts/Map/百战异闻录/ai/RAID/卫栖梧/卫栖梧总控.lua	0	768	768	32	256	64	0	32	0	384	80	0	0	0	0		1	0	0	320
106800	scripts/Map/百战异闻录/ai/5人BOSS/肖童/肖童.lua	0	768	768	32	256	64	0	32	0	384	80	0	0	0	0		1	0	0	320
106801	scripts/Map/百战异闻录/ai/5人BOSS/肖童/肖童.lua	0	768	768	32	256	64	0	32	0	384	80	0	0	0	0		1	0	0	320
106802	scripts/Map/百战异闻录/ai/5人BOSS/肖童/肖童.lua	0	768	768	32	256	64	0	32	0	384	80	0	0	0	0		1	0	0	320
106803	scripts/Map/百战异闻录/ai/5人BOSS/肖童/肖童.lua	0	768	768	32	256	64	0	32	0	384	80	0	0	0	0		1	0	0	320
106804	scripts/Map/百战异闻录/ai/5人BOSS/肖童/肖童.lua	0	768	768	32	256	64	0	32	0	384	80	0	0	0	0		1	0	0	320
106805	scripts/Map/百战异闻录/ai/5人BOSS/钱宗龙・杜姬欣/内坊反叛弟子.lua	0	768	768	32	256	64	0	32	0	384	80	0	0	0	0		1	0	0	320
106806	scripts/Map/百战异闻录/ai/5人BOSS/钱宗龙・杜姬欣/内坊反叛弟子.lua	0	768	768	32	256	64	0	32	0	384	80	0	0	0	0		1	0	0	320
106815	scripts/Map/百战异闻录/ai/5人BOSS/肖童/万蛇骨.lua	0	768	768	32	256	64	0	32	0	384	80	0	0	0	0		1	0	0	320
106816	scripts/Map/百战异闻录/ai/5人BOSS/肖童/肖童总控.lua	0	768	768	32	256	64	0	32	0	384	80	0	0	0	0		1	0	0	320
106820	scripts/Map/百战异闻录/ai/5人BOSS/钱宗龙・杜姬欣/九微飞花・逆练.lua	0	768	768	32	256	64	0	32	0	384	80	0	0	0	0		1	0	0	320
106834	scripts/ai/StandardAI.lua	0	768	768	32	256	64	0	32	0	384	80	0	0	0	0		1	0	0	320
106836	scripts/Map/百战异闻录/ai/5人BOSS/肖童/蛇.lua	0	768	768	32	256	64	0	32	0	384	80	0	0	0	0		1	0	0	320
106837	scripts/Map/百战异闻录/ai/5人BOSS/肖童/蛇.lua	0	768	768	32	256	64	0	32	0	384	80	0	0	0	0		1	0	0	320
106838	scripts/Map/百战异闻录/ai/5人BOSS/肖童/蛇.lua	0	768	768	32	256	64	0	32	0	384	80	0	0	0	0		1	0	0	320
106839	scripts/Map/百战异闻录/ai/5人BOSS/肖童/蛇.lua	0	768	768	32	256	64	0	32	0	384	80	0	0	0	0		1	0	0	320
106840	scripts/Map/百战异闻录/ai/5人BOSS/肖童/蛇.lua	0	768	768	32	256	64	0	32	0	384	80	0	0	0	0		1	0	0	320
106841	scripts/Map/百战异闻录/ai/5人BOSS/肖童/蛇.lua	0	768	768	32	256	64	0	32	0	384	80	0	0	0	0		1	0	0	320
106842	scripts/Map/百战异闻录/ai/5人BOSS/肖童/蛇.lua	0	768	768	32	256	64	0	32	0	384	80	0	0	0	0		1	0	0	320
106843	scripts/Map/百战异闻录/ai/5人BOSS/肖童/蛇.lua	0	768	768	32	256	64	0	32	0	384	80	0	0	0	0		1	0	0	320
106844	scripts/Map/百战异闻录/ai/5人BOSS/肖童/蛇.lua	0	768	768	32	256	64	0	32	0	384	80	0	0	0	0		1	0	0	320
106845	scripts/Map/百战异闻录/ai/5人BOSS/肖童/罗曼藤.lua	0	768	768	32	256	64	0	32	0	384	80	0	0	0	0		1	0	0	320
106852	scripts/Map/百战异闻录/ai/系统辅助/宝箱与盗贼机制.lua	0	768	768	32	256	64	0	32	0	384	80	0	0	0	0		1	1	0	320
106853	scripts/Map/百战异闻录/ai/5人BOSS/华鹤炎/神策盾卫.lua	0	768	768	32	256	64	0	32	0	384	80	0	0	0	0		1	0	0	320
106865	scripts/Map/百战异闻录/ai/5人BOSS/肖童/毒根.lua	0	768	768	32	256	64	0	32	0	384	80	0	0	0	0		1	0	0	320
106868	scripts/Map/百战异闻录/ai/5人BOSS/肖童/迷心尘.lua	0	768	768	32	256	64	0	32	0	384	80	0	0	0	0		1	0	0	320
106942	scripts/ai/StandardAI.lua	0	768	768	32	256	64	0	32	0	384	80	0	0	0	0		1	0	0	320
107302	scripts/Map/百战异闻录/ai/系统辅助/香蕉皮.lua	0	768	768	32	256	64	0	32	0	384	80	0	0	0	0		1	0	0	320
107308	scripts/Map/百战异闻录/ai/5人BOSS/方宇谦/方宇谦.lua	0	768	768	32	256	64	0	32	0	384	80	0	0	0	0		1	0	0	320
107309	scripts/Map/百战异闻录/ai/5人BOSS/方宇谦/方宇谦.lua	0	768	768	32	256	64	0	32	0	384	80	0	0	0	0		1	0	0	320
107310	scripts/Map/百战异闻录/ai/5人BOSS/方宇谦/方宇谦.lua	0	768	768	32	256	64	0	32	0	384	80	0	0	0	0		1	0	0	320
107311	scripts/Map/百战异闻录/ai/5人BOSS/方宇谦/方宇谦.lua	0	768	768	32	256	64	0	32	0	384	80	0	0	0	0		1	0	0	320
107312	scripts/Map/百战异闻录/ai/5人BOSS/方宇谦/方宇谦.lua	0	768	768	32	256	64	0	32	0	384	80	0	0	0	0		1	0	0	320
107313	scripts/Map/百战异闻录/ai/5人BOSS/方宇谦/流云剑.lua	0	768	768	32	256	64	0	32	0	384	80	0	0	0	0		1	0	0	320
107314	scripts/Map/百战异闻录/ai/5人BOSS/方宇谦/流云剑.lua	0	768	768	32	256	64	0	32	0	384	80	0	0	0	0		1	0	0	320
107315	scripts/Map/百战异闻录/ai/5人BOSS/方宇谦/流云剑.lua	0	768	768	32	256	64	0	32	0	384	80	0	0	0	0		1	0	0	320
107316	scripts/Map/百战异闻录/ai/5人BOSS/方宇谦/流云剑.lua	0	768	768	32	256	64	0	32	0	384	80	0	0	0	0		1	0	0	320
107317	scripts/Map/百战异闻录/ai/5人BOSS/方宇谦/流云剑.lua	0	768	768	32	256	64	0	32	0	384	80	0	0	0	0		1	0	0	320
107318	scripts/Map/百战异闻录/ai/5人BOSS/方宇谦/流星剑.lua	0	768	768	32	256	64	0	32	0	384	80	0	0	0	0		1	0	0	320
107319	scripts/Map/百战异闻录/ai/5人BOSS/方宇谦/流星剑.lua	0	768	768	32	256	64	0	32	0	384	80	0	0	0	0		1	0	0	320
107320	scripts/Map/百战异闻录/ai/5人BOSS/方宇谦/流星剑.lua	0	768	768	32	256	64	0	32	0	384	80	0	0	0	0		1	0	0	320
107321	scripts/Map/百战异闻录/ai/5人BOSS/方宇谦/流星剑.lua	0	768	768	32	256	64	0	32	0	384	80	0	0	0	0		1	0	0	320
107322	scripts/Map/百战异闻录/ai/5人BOSS/方宇谦/流星剑.lua	0	768	768	32	256	64	0	32	0	384	80	0	0	0	0		1	0	0	320
107324	scripts/Map/百战异闻录/ai/5人BOSS/方宇谦/方宇谦总控.lua	0	768	768	32	256	64	0	32	0	384	80	0	0	0	0		1	0	0	320
107358	scripts/ai/StandardAI.lua	0	768	768	32	256	64	0	32	0	384	80	0	0	0	0		1	0	0	320
107365	scripts/Map/百战异闻录/ai/5人BOSS/源明雅/源明雅.lua	0	768	768	32	256	64	0	32	0	384	80	0	0	0	0		1	0	0	320
107366	scripts/Map/百战异闻录/ai/5人BOSS/源明雅/源明雅.lua	0	768	768	32	256	64	0	32	0	384	80	0	0	0	0		1	0	0	320
107367	scripts/Map/百战异闻录/ai/5人BOSS/源明雅/源明雅.lua	0	768	768	32	256	64	0	32	0	384	80	0	0	0	0		1	0	0	320
107368	scripts/Map/百战异闻录/ai/5人BOSS/源明雅/源明雅.lua	0	768	768	32	256	64	0	32	0	384	80	0	0	0	0		1	0	0	320
107369	scripts/Map/百战异闻录/ai/5人BOSS/源明雅/源明雅.lua	0	768	768	32	256	64	0	32	0	384	80	0	0	0	0		1	0	0	320
107370	scripts/Map/百战异闻录/ai/5人BOSS/源明雅/尸魂武者.lua	0	768	768	32	256	64	0	32	0	384	80	0	0	0	0		1	0	0	320
107371	scripts/Map/百战异闻录/ai/5人BOSS/源明雅/尸魂武者.lua	0	768	768	32	256	64	0	32	0	384	80	0	0	0	0		1	0	0	320
107372	scripts/Map/百战异闻录/ai/5人BOSS/源明雅/尸魂武者.lua	0	768	768	32	256	64	0	32	0	384	80	0	0	0	0		1	0	0	320
107373	scripts/Map/百战异闻录/ai/5人BOSS/源明雅/尸魂武者.lua	0	768	768	32	256	64	0	32	0	384	80	0	0	0	0		1	0	0	320
107374	scripts/Map/百战异闻录/ai/5人BOSS/源明雅/尸魂武者.lua	0	768	768	32	256	64	0	32	0	384	80	0	0	0	0		1	0	0	320
107375	scripts/Map/百战异闻录/ai/5人BOSS/源明雅/焰帝狱.lua	0	768	768	32	256	64	0	32	0	384	80	0	0	0	0		1	0	0	320
107376	scripts/Map/百战异闻录/ai/5人BOSS/源明雅/轮入道符.lua	0	768	768	32	256	64	0	32	0	384	80	0	0	0	0		1	0	0	320
107377	scripts/Map/百战异闻录/ai/5人BOSS/源明雅/木生道符.lua	0	768	768	32	256	64	0	32	0	384	80	0	0	0	0		1	0	0	320
107378	scripts/Map/百战异闻录/ai/5人BOSS/源明雅/金玄道符.lua	0	768	768	32	256	64	0	32	0	384	80	0	0	0	0		1	0	0	320
107379	scripts/Map/百战异闻录/ai/5人BOSS/源明雅/五行术灭杀阵.lua	0	768	768	32	256	64	0	32	0	384	80	0	0	0	0		1	0	0	320
107380	scripts/Map/百战异闻录/ai/5人BOSS/源明雅/源明雅总控.lua	0	768	768	32	256	64	0	32	0	384	80	0	0	0	0		1	0	0	320
107381	scripts/Map/百战异闻录/ai/5人BOSS/源明雅/龙蛟道符.lua	0	768	768	32	256	64	0	32	0	384	80	0	0	0	0		1	0	0	320
107396	scripts/Map/百战异闻录/ai/5人BOSS/程沐华/程沐华.lua	0	768	768	32	256	64	0	32	0	384	80	0	0	0	0		1	0	0	320
107397	scripts/Map/百战异闻录/ai/RAID/卫栖梧/卫栖梧替身.lua	0	768	768	32	256	64	0	32	0	384	80	0	0	0	0		1	0	0	320
107398	scripts/Map/百战异闻录/ai/RAID/卫栖梧/卫栖梧替身.lua	0	768	768	32	256	64	0	32	0	384	80	0	0	0	0		1	0	0	320
107433	scripts/Map/百战异闻录/ai/5人BOSS/程沐华/麻沸散.lua	0	768	768	32	256	64	0	32	0	384	80	0	0	0	0		1	0	0	320
107447	scripts/Map/百战异闻录/ai/5人BOSS/韦柔丝/韦柔丝总控.lua	0	768	768	32	256	64	0	32	0	384	80	0	0	0	0		1	0	0	320
107449	scripts/Map/百战异闻录/ai/5人BOSS/韦柔丝/韦柔丝.lua	0	768	768	32	256	64	0	32	0	384	80	0	0	0	0		1	0	0	320
107450	scripts/Map/百战异闻录/ai/5人BOSS/韦柔丝/韦柔丝.lua	0	768	768	32	256	64	0	32	0	384	80	0	0	0	0		1	0	0	320
107451	scripts/Map/百战异闻录/ai/5人BOSS/韦柔丝/韦柔丝.lua	0	768	768	32	256	64	0	32	0	384	80	0	0	0	0		1	0	0	320
107452	scripts/Map/百战异闻录/ai/5人BOSS/韦柔丝/韦柔丝.lua	0	768	768	32	256	64	0	32	0	384	80	0	0	0	0		1	0	0	320
107453	scripts/Map/百战异闻录/ai/5人BOSS/韦柔丝/韦柔丝.lua	0	768	768	32	256	64	0	32	0	384	80	0	0	0	0		1	0	0	320
107501	scripts/Map/百战异闻录/ai/5人BOSS/程沐华/玄珠花蜜种子.lua	0	768	768	32	256	64	0	32	0	384	80	0	0	0	0		1	0	0	320
107581	scripts/Map/百战异闻录/ai/RAID/谢云流/谢云流.lua	0	768	768	32	256	64	0	32	0	384	80	0	0	0	0		1	0	0	320
107582	scripts/Map/百战异闻录/ai/RAID/谢云流/谢云流.lua	0	768	768	32	256	64	0	32	0	384	80	0	0	0	0		1	0	0	320
107583	scripts/Map/百战异闻录/ai/RAID/谢云流/谢云流.lua	0	768	768	32	256	64	0	32	0	384	80	0	0	0	0		1	0	0	320
107584	scripts/Map/百战异闻录/ai/RAID/谢云流/谢云流.lua	0	768	768	32	256	64	0	32	0	384	80	0	0	0	0		1	0	0	320
107585	scripts/Map/百战异闻录/ai/RAID/谢云流/谢云流.lua	0	768	768	32	256	64	0	32	0	384	80	0	0	0	0		1	0	0	320
107586	scripts/Map/百战异闻录/ai/RAID/谢云流/气场.lua	0	768	768	32	256	64	0	32	0	384	80	0	0	0	0		1	0	0	320
107587	scripts/Map/百战异闻录/ai/RAID/谢云流/气场.lua	0	768	768	32	256	64	0	32	0	384	80	0	0	0	0		1	0	0	320
107588	scripts/Map/百战异闻录/ai/RAID/谢云流/气场.lua	0	768	768	32	256	64	0	32	0	384	80	0	0	0	0		1	0	0	320
107589	scripts/Map/百战异闻录/ai/RAID/谢云流/气场.lua	0	768	768	32	256	64	0	32	0	384	80	0	0	0	0		1	0	0	320
107590	scripts/Map/百战异闻录/ai/RAID/谢云流/气场.lua	0	768	768	32	256	64	0	32	0	384	80	0	0	0	0		1	0	0	320
107591	scripts/Map/百战异闻录/ai/RAID/谢云流/气场.lua	0	768	768	32	256	64	0	32	0	384	80	0	0	0	0		1	0	0	320
107592	scripts/Map/百战异闻录/ai/RAID/谢云流/六合独尊.lua	0	768	768	32	256	64	0	32	0	384	80	0	0	0	0		1	0	0	320
107593	scripts/Map/百战异闻录/ai/RAID/谢云流/一闪・幻狼L3尾部标记.lua	0	768	768	32	256	64	0	32	0	384	80	0	0	0	0		1	0	0	320
107594	scripts/Map/百战异闻录/ai/RAID/谢云流/纵断千浪.lua	0	768	768	32	256	64	0	32	0	384	80	0	0	0	0		1	0	0	320
107595	scripts/Map/百战异闻录/ai/RAID/谢云流/百刃斩魔.lua	0	768	768	32	256	64	0	32	0	384	80	0	0	0	0		1	0	0	320
107596	scripts/Map/百战异闻录/ai/RAID/谢云流/气场.lua	0	768	768	32	256	64	0	32	0	384	80	0	0	0	0		1	0	0	320
107597	scripts/Map/百战异闻录/ai/RAID/谢云流/气场.lua	0	768	768	32	256	64	0	32	0	384	80	0	0	0	0		1	0	0	320
107598	scripts/Map/百战异闻录/ai/RAID/谢云流/气场.lua	0	768	768	32	256	64	0	32	0	384	80	0	0	0	0		1	0	0	320
107599	scripts/Map/百战异闻录/ai/RAID/谢云流/气场.lua	0	768	768	32	256	64	0	32	0	384	80	0	0	0	0		1	0	0	320
107600	scripts/Map/百战异闻录/ai/RAID/谢云流/气场.lua	0	768	768	32	256	64	0	32	0	384	80	0	0	0	0		1	0	0	320
107601	scripts/Map/百战异闻录/ai/RAID/谢云流/气场.lua	0	768	768	32	256	64	0	32	0	384	80	0	0	0	0		1	0	0	320
107602	scripts/Map/百战异闻录/ai/RAID/谢云流/气场.lua	0	768	768	32	256	64	0	32	0	384	80	0	0	0	0		1	0	0	320
107603	scripts/Map/百战异闻录/ai/RAID/谢云流/气场.lua	0	768	768	32	256	64	0	32	0	384	80	0	0	0	0		1	0	0	320
107604	scripts/Map/百战异闻录/ai/RAID/谢云流/气场.lua	0	768	768	32	256	64	0	32	0	384	80	0	0	0	0		1	0	0	320
107605	scripts/Map/百战异闻录/ai/RAID/谢云流/气场.lua	0	768	768	32	256	64	0	32	0	384	80	0	0	0	0		1	0	0	320
107606	scripts/Map/百战异闻录/ai/RAID/谢云流/气场.lua	0	768	768	32	256	64	0	32	0	384	80	0	0	0	0		1	0	0	320
107607	scripts/Map/百战异闻录/ai/RAID/谢云流/气场.lua	0	768	768	32	256	64	0	32	0	384	80	0	0	0	0		1	0	0	320
107608	scripts/Map/百战异闻录/ai/RAID/谢云流/气场.lua	0	768	768	32	256	64	0	32	0	384	80	0	0	0	0		1	0	0	320
107609	scripts/Map/百战异闻录/ai/RAID/谢云流/气场.lua	0	768	768	32	256	64	0	32	0	384	80	0	0	0	0		1	0	0	320
107610	scripts/Map/百战异闻录/ai/RAID/谢云流/气场.lua	0	768	768	32	256	64	0	32	0	384	80	0	0	0	0		1	0	0	320
107611	scripts/Map/百战异闻录/ai/RAID/谢云流/气场.lua	0	768	768	32	256	64	0	32	0	384	80	0	0	0	0		1	0	0	320
107612	scripts/Map/百战异闻录/ai/RAID/谢云流/气场.lua	0	768	768	32	256	64	0	32	0	384	80	0	0	0	0		1	0	0	320
107613	scripts/Map/百战异闻录/ai/RAID/谢云流/气场.lua	0	768	768	32	256	64	0	32	0	384	80	0	0	0	0		1	0	0	320
107614	scripts/Map/百战异闻录/ai/RAID/谢云流/气场.lua	0	768	768	32	256	64	0	32	0	384	80	0	0	0	0		1	0	0	320
107615	scripts/Map/百战异闻录/ai/RAID/谢云流/气场.lua	0	768	768	32	256	64	0	32	0	384	80	0	0	0	0		1	0	0	320
107616	scripts/Map/百战异闻录/ai/RAID/谢云流/气场.lua	0	768	768	32	256	64	0	32	0	384	80	0	0	0	0		1	0	0	320
107617	scripts/Map/百战异闻录/ai/RAID/谢云流/气场.lua	0	768	768	32	256	64	0	32	0	384	80	0	0	0	0		1	0	0	320
107618	scripts/Map/百战异闻录/ai/RAID/谢云流/气场.lua	0	768	768	32	256	64	0	32	0	384	80	0	0	0	0		1	0	0	320
107619	scripts/Map/百战异闻录/ai/RAID/谢云流/气场.lua	0	768	768	32	256	64	0	32	0	384	80	0	0	0	0		1	0	0	320
107629	scripts/Map/百战异闻录/ai/5人BOSS/程沐华/程沐华总控.lua	0	768	768	32	256	64	0	32	0	384	80	0	0	0	0		1	0	0	320
107649	scripts/Map/百战异闻录/ai/5人BOSS/韦柔丝/兔死狐悲总控.lua	0	768	768	32	256	64	0	32	0	384	80	0	0	0	0		1	0	0	320
107650	scripts/Map/百战异闻录/ai/5人BOSS/韦柔丝/兔死狐悲.lua	0	768	768	32	256	64	0	32	0	384	80	0	0	0	0		1	0	0	320
107651	scripts\Map\百战异闻录\ai\5人BOSS\韦柔丝\龙象般若功.lua	0	768	768	32	256	64	960	32	512	0	80	0	30	0	0		1	0	0	320
107652	scripts\Map\百战异闻录\ai\5人BOSS\韦柔丝\龙象般若功碰撞检测.lua	0	768	768	32	256	64	0	32	0	384	80	0	0	0	0		1	0	0	320
107655	scripts\Map\百战异闻录\ai\5人BOSS\韦柔丝\血雾.lua	0	768	768	32	256	64	960	32	512	0	80	0	30	0	0		1	0	0	320
107708	scripts/Map/百战异闻录/ai/5人BOSS/韦柔丝/血龙甩尾葬魂钉释放.lua	0	768	768	32	256	64	960	32	512	0	80	0	30	0	0		1	0	0	320
107711	scripts/Map/百战异闻录/ai/RAID/谢云流/气场总控.lua	0	768	768	32	256	64	0	32	0	384	80	0	0	0	0		1	0	0	320
107712	scripts/Map/百战异闻录/ai/RAID/谢云流/谢云流总控.lua	0	768	768	32	256	64	0	32	0	384	80	0	0	0	0		1	0	0	320
107846	scripts/Map/百战异闻录/ai/5人BOSS/源明雅/轮入道符.lua	0	768	768	32	256	64	0	32	0	384	80	0	0	0	0		1	0	0	320
107847	scripts/Map/百战异闻录/ai/5人BOSS/源明雅/轮入道符.lua	0	768	768	32	256	64	0	32	0	384	80	0	0	0	0		1	0	0	320
107869	scripts/Map/百战异闻录/ai/RAID/陆寻/陆寻.lua	0	768	768	32	256	64	0	32	0	384	80	0	0	0	0		1	0	0	320
107870	scripts/Map/百战异闻录/ai/RAID/陆寻/陆寻.lua	0	768	768	32	256	64	0	32	0	384	80	0	0	0	0		1	0	0	320
107871	scripts/Map/百战异闻录/ai/RAID/陆寻/陆寻.lua	0	768	768	32	256	64	0	32	0	384	80	0	0	0	0		1	0	0	320
107872	scripts/Map/百战异闻录/ai/RAID/陆寻/陆寻.lua	0	768	768	32	256	64	0	32	0	384	80	0	0	0	0		1	0	0	320
107873	scripts/Map/百战异闻录/ai/RAID/陆寻/陆寻.lua	0	768	768	32	256	64	0	32	0	384	80	0	0	0	0		1	0	0	320
107874	scripts/Map/百战异闻录/ai/RAID/陆寻/陆寻总控.lua	0	768	768	32	256	64	0	32	0	384	80	0	0	0	0		1	0	0	320
107875	scripts/Map/百战异闻录/ai/RAID/陆寻/冥府滑行残留.lua	0	768	768	32	256	64	0	32	0	384	80	0	0	0	0		1	0	0	320
107876	scripts/Map/百战异闻录/ai/RAID/陆寻/冥府滑行漩涡.lua	0	768	768	32	256	64	0	32	0	384	80	0	0	0	0		1	0	0	320
107877	scripts/Map/百战异闻录/ai/RAID/陆寻/冥气波动.lua	0	768	768	32	256	64	0	32	0	384	80	0	0	0	0		1	0	0	320
107878	scripts/Map/百战异闻录/ai/RAID/陆寻/九渊寒刺.lua	0	768	768	32	256	64	0	32	0	384	80	0	0	0	0		1	0	0	320
107879	scripts/Map/百战异闻录/ai/RAID/陆寻/玄正.lua	0	768	768	32	256	64	0	32	0	384	80	0	0	0	0		1	0	0	320
107880	scripts/Map/百战异闻录/ai/RAID/陆寻/奔狼踏月式.lua	0	768	768	32	256	64	0	32	0	384	80	0	0	0	0		1	0	0	320
107887	scripts/Map/百战异闻录/ai/RAID/陆寻/枪断晴川残留.lua	0	768	768	32	256	64	0	32	0	384	80	0	0	0	0		1	0	0	320
107898	scripts/ai/StandardAI.lua	0	768	768	32	256	64	0	32	0	384	80	0	0	0	0		1	0	0	320
107900	scripts/Map/百战异闻录/ai/RAID/陆寻/黑蜂蛊迷雾.lua	0	768	768	32	256	64	0	32	0	384	80	0	0	0	0		1	0	0	320
107904	scripts/Map/百战异闻录/ai/5人BOSS/程沐华/程沐华.lua	0	768	768	32	256	64	0	32	0	384	80	0	0	0	0		1	0	0	320
107905	scripts/Map/百战异闻录/ai/系统控制相关/新版骰子使者.lua	0	768	768	32	256	64	0	32	0	384	80	0	0	0	0		1	0	0	320
107911	scripts/Map/百战异闻录/ai/RAID/陆寻/冥气波动.lua	0	768	768	32	256	64	0	32	0	384	80	0	0	0	0		1	0	0	320
107912	scripts/Map/百战异闻录/ai/RAID/陆寻/冥气波动.lua	0	768	768	32	256	64	0	32	0	384	80	0	0	0	0		1	0	0	320
107917	scripts/Map/百战异闻录/ai/系统控制相关/百战异闻录玩家精神耐力控制.lua	0	768	768	32	256	64	0	32	0	384	80	0	0	0	0		1	0	0	320
107967	scripts/Map/百战异闻录/ai/5人BOSS/鬼影小次郎/中景・朝日.lua	0	768	768	32	256	64	0	32	0	384	80	0	0	0	0		1	0	0	320
107969	scripts/ai/StandardAI.lua	0	768	768	32	256	64	0	32	0	384	80	0	0	0	0		1	0	0	320
108000	scripts/Map/百战异闻录/ai/RAID/提多罗吒/提多罗吒.lua	0	768	768	32	256	64	0	32	0	384	80	0	0	0	0		1	0	0	320
108001	scripts/Map/百战异闻录/ai/RAID/提多罗吒/提多罗吒.lua	0	768	768	32	256	64	0	32	0	384	80	0	0	0	0		1	0	0	320
108002	scripts/Map/百战异闻录/ai/RAID/提多罗吒/提多罗吒.lua	0	768	768	32	256	64	0	32	0	384	80	0	0	0	0		1	0	0	320
108003	scripts/Map/百战异闻录/ai/RAID/提多罗吒/提多罗吒.lua	0	768	768	32	256	64	0	32	0	384	80	0	0	0	0		1	0	0	320
108004	scripts/Map/百战异闻录/ai/RAID/提多罗吒/提多罗吒.lua	0	768	768	32	256	64	0	32	0	384	80	0	0	0	0		1	0	0	320
108005	scripts/Map/百战异闻录/ai/RAID/提多罗吒/提多罗吒总控.lua	0	768	768	32	256	64	0	32	0	384	80	0	0	0	0		1	0	0	320
108006	scripts/Map/百战异闻录/ai/RAID/提多罗吒/震动音波.lua	0	768	768	32	256	64	0	32	0	384	80	0	0	0	0		1	0	0	320
108007	scripts/Map/百战异闻录/ai/RAID/提多罗吒/碎岩弹.lua	0	768	768	32	256	64	0	32	0	384	80	0	0	0	0		1	0	0	320
108008	scripts/ai/StandardAI.lua	0	768	768	32	256	64	0	32	0	384	80	0	0	0	0		1	0	0	320
108009	scripts/Map/百战异闻录/ai/RAID/提多罗吒/木人.lua	0	768	768	32	256	64	0	32	0	384	80	0	0	0	0		1	0	0	320
108010	scripts/Map/百战异闻录/ai/RAID/提多罗吒/木人.lua	0	768	768	32	256	64	0	32	0	384	80	0	0	0	0		1	0	0	320
108011	scripts/Map/百战异闻录/ai/RAID/提多罗吒/木人.lua	0	768	768	32	256	64	0	32	0	384	80	0	0	0	0		1	0	0	320
108012	scripts/Map/百战异闻录/ai/RAID/提多罗吒/木人.lua	0	768	768	32	256	64	0	32	0	384	80	0	0	0	0		1	0	0	320
108013	scripts/Map/百战异闻录/ai/RAID/提多罗吒/乐器.lua	0	768	768	32	256	64	0	32	0	384	80	0	0	0	0		1	0	0	320
108014	scripts/Map/百战异闻录/ai/RAID/提多罗吒/乐器.lua	0	768	768	32	256	64	0	32	0	384	80	0	0	0	0		1	0	0	320
108015	scripts/Map/百战异闻录/ai/RAID/提多罗吒/乐器.lua	0	768	768	32	256	64	0	32	0	384	80	0	0	0	0		1	0	0	320
108016	scripts/Map/百战异闻录/ai/RAID/提多罗吒/乐器.lua	0	768	768	32	256	64	0	32	0	384	80	0	0	0	0		1	0	0	320
108017	scripts/Map/百战异闻录/ai/RAID/提多罗吒/华秋儿.lua	0	768	768	32	256	64	0	32	0	384	80	0	0	0	0		1	0	0	320
108018	scripts/Map/百战异闻录/ai/RAID/提多罗吒/道海.lua	0	768	768	32	256	64	0	32	0	384	80	0	0	0	0		1	0	0	320
108019	scripts/Map/百战异闻录/ai/5人BOSS/程沐华/程沐华.lua	0	768	768	32	256	64	0	32	0	384	80	0	0	0	0		1	0	0	320
108020	scripts/Map/百战异闻录/ai/5人BOSS/程沐华/程沐华.lua	0	768	768	32	256	64	0	32	0	384	80	0	0	0	0		1	0	0	320
108021	scripts/Map/百战异闻录/ai/5人BOSS/程沐华/程沐华.lua	0	768	768	32	256	64	0	32	0	384	80	0	0	0	0		1	0	0	320
108022	scripts/Map/百战异闻录/ai/RAID/提多罗吒/护法铜人.lua	0	768	768	32	256	64	0	32	0	384	80	0	0	0	0		1	0	0	320
108024	scripts/Map/百战异闻录/ai/RAID/提多罗吒/木人控制.lua	0	768	768	32	256	64	0	32	0	384	80	0	0	0	0		1	0	0	320
108029	scripts/ai/StandardAI.lua	0	768	768	32	256	64	0	32	0	384	80	0	0	0	0		1	0	0	320
108030	scripts/ai/StandardAI.lua	0	768	768	32	256	64	0	32	0	384	80	0	0	0	0		1	0	0	320
108031	scripts/Map/百战异闻录/ai/RAID/提多罗吒/护法铜人.lua	0	768	768	32	256	64	0	32	0	384	80	0	0	0	0		1	0	0	320
108032	scripts/Map/百战异闻录/ai/RAID/提多罗吒/护法铜人.lua	0	768	768	32	256	64	0	32	0	384	80	0	0	0	0		1	0	0	320
108033	scripts/Map/百战异闻录/ai/RAID/提多罗吒/碎岩弹控制.lua	0	768	768	32	256	64	0	32	0	384	80	0	0	0	0		1	0	0	320
108035	scripts/Map/百战异闻录/ai/5人BOSS/上衫勇刀/上衫勇刀.lua	0	768	768	32	256	64	0	32	0	384	80	0	0	0	0		1	1	0	320
108036	scripts/Map/百战异闻录/ai/5人BOSS/上衫勇刀/上衫勇刀.lua	0	768	768	32	256	64	0	32	0	384	80	0	0	0	0		1	1	0	320
108037	scripts/Map/百战异闻录/ai/5人BOSS/上衫勇刀/上衫勇刀.lua	0	768	768	32	256	64	0	32	0	384	80	0	0	0	0		1	1	0	320
108038	scripts/Map/百战异闻录/ai/5人BOSS/上衫勇刀/上衫勇刀.lua	0	768	768	32	256	64	0	32	0	384	80	0	0	0	0		1	1	0	320
108043	scripts/ai/CommonFoolish.lua	0	768	768	32	256	64	0	32	0	384	80	0	0	0	0		1	1	0	320
108044	scripts/ai/CommonFoolish.lua	0	768	768	32	256	64	0	32	0	384	80	0	0	0	0		1	0	0	320
108045	scripts/ai/StandardAI.lua	0	768	768	32	256	64	0	32	0	384	80	0	0	0	0		1	0	0	320
108046	scripts/Map/百战异闻录/ai/RAID/提多罗吒/音爆.lua	0	768	768	32	256	64	0	32	0	384	80	0	0	0	0		1	0	0	320
108047	scripts/Map/百战异闻录/ai/RAID/牡丹/牡丹.lua	0	768	768	32	256	64	0	32	0	384	80	0	0	0	0		1	1	0	320
108048	scripts/Map/百战异闻录/ai/RAID/牡丹/牡丹.lua	0	768	768	32	256	64	0	32	0	384	80	0	0	0	0		1	1	0	320
108049	scripts/Map/百战异闻录/ai/RAID/牡丹/牡丹.lua	0	768	768	32	256	64	0	32	0	384	80	0	0	0	0		1	1	0	320
108050	scripts/Map/百战异闻录/ai/RAID/牡丹/牡丹.lua	0	768	768	32	256	64	0	32	0	384	80	0	0	0	0		1	1	0	320
108051	scripts/Map/百战异闻录/ai/RAID/牡丹/精英怪.lua	1	768	768	32	256	64	0	32	0	384	80	0	0	0	0		1	1	0	320
108052	scripts/Map/百战异闻录/ai/RAID/牡丹/精英怪.lua	1	768	768	32	256	64	0	32	0	384	80	0	0	0	0		1	1	0	320
108053	scripts/Map/百战异闻录/ai/RAID/牡丹/精英怪.lua	1	768	768	32	256	64	0	32	0	384	80	0	0	0	0		1	1	0	320
108054	scripts/Map/百战异闻录/ai/RAID/牡丹/精英怪.lua	1	768	768	32	256	64	0	32	0	384	80	0	0	0	0		1	1	0	320
108055	scripts/Map/百战异闻录/ai/RAID/牡丹/精英怪.lua	1	768	768	32	256	64	0	32	0	384	80	0	0	0	0		1	1	0	320
108056	scripts/Map/百战异闻录/ai/RAID/牡丹/精英怪.lua	1	768	768	32	256	64	0	32	0	384	80	0	0	0	0		1	1	0	320
108057	scripts/Map/百战异闻录/ai/RAID/牡丹/精英怪.lua	1	768	768	32	256	64	0	32	0	384	80	0	0	0	0		1	1	0	320
108058	scripts/Map/百战异闻录/ai/RAID/牡丹/精英怪.lua	1	768	768	32	256	64	0	32	0	384	80	0	0	0	0		1	1	0	320
108059	scripts/Map/百战异闻录/ai/RAID/牡丹/精英怪.lua	1	768	768	32	256	64	0	32	0	384	80	0	0	0	0		1	1	0	320
108060	scripts/Map/百战异闻录/ai/RAID/牡丹/精英怪.lua	1	768	768	32	256	64	0	32	0	384	80	0	0	0	0		1	1	0	320
108061	scripts/Map/百战异闻录/ai/RAID/牡丹/精英怪.lua	1	768	768	32	256	64	0	32	0	384	80	0	0	0	0		1	1	0	320
108062	scripts/Map/百战异闻录/ai/RAID/牡丹/精英怪.lua	1	768	768	32	256	64	0	32	0	384	80	0	0	0	0		1	1	0	320
108063	scripts/Map/百战异闻录/ai/RAID/牡丹/圣祭门传火者.lua	0	768	768	32	256	64	0	32	0	384	80	0	0	0	0		1	1	0	320
108064	scripts/Map/百战异闻录/ai/RAID/牡丹/圣祭门传火者.lua	0	768	768	32	256	64	0	32	0	384	80	0	0	0	0		1	1	0	320
108065	scripts/Map/百战异闻录/ai/RAID/牡丹/圣祭门传火者.lua	0	768	768	32	256	64	0	32	0	384	80	0	0	0	0		1	1	0	320
108066	scripts/Map/百战异闻录/ai/RAID/牡丹/圣祭门传火者.lua	0	768	768	32	256	64	0	32	0	384	80	0	0	0	0		1	1	0	320
108067	scripts/Map/百战异闻录/ai/RAID/牡丹/牡丹分身.lua	0	768	768	32	256	64	0	32	0	384	80	0	0	0	0		1	1	0	320
108068	scripts/Map/百战异闻录/ai/RAID/牡丹/血球.lua	0	768	768	32	256	64	0	32	0	384	80	0	0	0	0		1	0	0	320
108069	scripts/Map/百战异闻录/ai/RAID/牡丹/血球.lua	0	768	768	32	256	64	0	32	0	384	80	0	0	0	0		1	0	0	320
108070	scripts/Map/百战异闻录/ai/RAID/牡丹/牡丹.lua	0	768	768	32	256	64	0	32	0	384	80	0	0	0	0		1	1	0	320
108071	scripts/Map/百战异闻录/ai/RAID/牡丹/血球.lua	0	768	768	32	256	64	0	32	0	384	80	0	0	0	0		1	0	0	320
108072	scripts/Map/百战异闻录/ai/RAID/牡丹/血球.lua	0	768	768	32	256	64	0	32	0	384	80	0	0	0	0		1	0	0	320
108073	scripts/Map/百战异闻录/ai/RAID/牡丹/圣祭门传火者.lua	0	768	768	32	256	64	0	32	0	384	80	0	0	0	0		1	1	0	320
108074	scripts/Map/百战异闻录/ai/RAID/牡丹/圣祭门传火者.lua	0	768	768	32	256	64	0	32	0	384	80	0	0	0	0		1	1	0	320
108075	scripts/Map/百战异闻录/ai/RAID/牡丹/精英怪.lua	1	768	768	32	256	64	0	32	0	384	80	0	0	0	0		1	1	0	320
108076	scripts/Map/百战异闻录/ai/RAID/牡丹/精英怪.lua	1	768	768	32	256	64	0	32	0	384	80	0	0	0	0		1	1	0	320
108077	scripts/Map/百战异闻录/ai/RAID/牡丹/精英怪.lua	1	768	768	32	256	64	0	32	0	384	80	0	0	0	0		1	1	0	320
108078	scripts/Map/百战异闻录/ai/RAID/牡丹/精英怪.lua	1	768	768	32	256	64	0	32	0	384	80	0	0	0	0		1	1	0	320
108079	scripts/Map/百战异闻录/ai/RAID/牡丹/精英怪.lua	1	768	768	32	256	64	0	32	0	384	80	0	0	0	0		1	1	0	320
108080	scripts/Map/百战异闻录/ai/RAID/牡丹/精英怪.lua	1	768	768	32	256	64	0	32	0	384	80	0	0	0	0		1	1	0	320
108081	scripts/ai/StandardAI.lua	0	768	768	32	256	64	0	32	0	384	80	0	0	0	0		1	0	0	320
108082	scripts/ai/StandardAI.lua	0	768	768	32	256	64	0	32	0	384	80	0	0	0	0		1	0	0	320
108095	scripts/Map/百战异闻录/ai/5人BOSS/华鹤炎/月燕沟壑.lua	0	768	768	32	256	64	0	32	0	384	80	0	0	0	0		1	0	0	320
108096	scripts/Map/百战异闻录/ai/系统控制相关/百战异闻录系统总控.lua	0	768	768	32	256	64	0	32	0	384	80	0	0	0	0		1	0	0	320
108097	scripts/Map/百战异闻录/ai/系统控制相关/玩家个人临时技能记录Npc.lua	0	768	768	32	256	64	0	32	0	384	80	0	0	0	0		1	0	0	320
108098	scripts\Map\百战异闻录\ai\5人BOSS\鬼影小次郎\一闪・天诛残留减速圈.lua	0	768	768	32	256	64	0	32	0	384	80	0	0	0	0		1	0	0	320
108103	scripts/Map/百战异闻录/ai/5人BOSS/韦柔丝/幻影释放血龙甩尾.lua	0	768	768	32	256	64	0	32	0	384	80	0	0	0	0		1	0	0	320
108150	scripts/Map/百战异闻录/ai/RAID/卫栖梧/机关.lua	0	768	768	32	256	64	0	32	0	384	80	0	0	0	0		1	0	0	320
108200	scripts\Map\百战异闻录\ai\5人BOSS\上衫勇刀\石块.lua	0	768	768	32	256	64	0	32	0	384	80	0	0	0	0		1	0	0	320
108201	scripts/Map/百战异闻录/ai/5人BOSS/方宇谦/气浪.lua	0	768	768	32	256	64	0	32	0	384	80	0	0	0	0		1	0	0	320
108212	scripts/Map/百战异闻录/ai/RAID/陆寻/影骑.lua	0	768	768	32	256	64	0	32	0	384	80	0	0	0	0		0	0	0	320
108219	scripts\Map\百战异闻录\ai\RAID\谢云流\地裂.lua	0	768	768	32	256	64	0	32	0	384	80	0	0	0	0		1	0	0	320
108221	scripts/Map/百战异闻录/ai/RAID/陆寻/殿顶破碎区.lua	0	768	768	32	256	64	0	32	0	384	80	0	0	0	0		1	0	0	320
108242	scripts\Map\长安\ai\城市木桩.lua	0	768	768	32	256	64	0	32	0	384	80	0	0	0	0		0	0	0	320
108244	scripts/Map/百战异闻录/ai/5人BOSS/源明雅/五行灭杀阵・阵眼.lua	0	768	768	32	256	64	0	32	0	384	80	0	0	0	0		1	0	0	320
108262	scripts/Map/百战异闻录/ai/5人BOSS/源明雅/木灵蔓.lua	0	768	768	32	256	64	0	32	0	384	80	0	0	0	0		1	0	0	320
108275	scripts/Map/百战异闻录/ai/RAID/持国回忆录/管风.lua	0	768	768	32	256	64	0	32	0	384	80	0	0	0	0		1	0	0	320
108276	scripts/Map/百战异闻录/ai/RAID/持国回忆录/龙卷风.lua	0	768	768	32	256	64	0	32	0	384	80	0	0	0	0		1	0	0	320
108277	scripts/ai/DungeonStandardAI.lua	1	9680	9680	32	256	64	0	32	0	384	80	0	0	0	0		1	1	1	320
108278	scripts/Map/百战异闻录/ai/RAID/持国回忆录/武逸青.lua	0	768	768	32	256	64	0	32	0	384	80	0	0	0	0		1	0	0	320
108279	scripts/Map/百战异闻录/ai/RAID/持国回忆录/胡鞑.lua	0	768	768	32	256	64	0	32	0	384	80	0	0	0	0		1	0	0	320
108283	scripts/ai/DungeonStandardAI.lua	1	9768	9768	32	256	64	0	32	0	384	80	0	0	0	0		1	1	1	320
108285	scripts/Map/百战异闻录/ai/RAID/持国回忆录/毒液圈.lua	0	768	768	32	256	64	0	32	0	384	80	0	0	0	0		1	0	0	320
108288	scripts/Map/百战异闻录/ai/RAID/持国回忆录/武逸青.lua	0	768	768	32	256	64	0	32	0	384	80	0	0	0	0		1	0	0	320
108290	scripts/Map/百战异闻录/ai/RAID/持国回忆录/持国回忆录总控.lua	0	768	768	32	256	64	0	32	0	384	80	0	0	0	0		1	0	0	320
108291	scripts/Map/百战异闻录/ai/RAID/持国回忆录/胡鞑.lua	0	768	768	32	256	64	0	32	0	384	80	0	0	0	0		1	0	0	320
108292	scripts/Map/百战异闻录/ai/RAID/持国回忆录/武逸青.lua	0	768	768	32	256	64	0	32	0	384	80	0	0	0	0		1	0	0	320
108293	scripts/Map/百战异闻录/ai/RAID/持国回忆录/胡鞑.lua	0	768	768	32	256	64	0	32	0	384	80	0	0	0	0		1	0	0	320
108294	scripts/Map/百战异闻录/ai/RAID/持国回忆录/武逸青.lua	0	768	768	32	256	64	0	32	0	384	80	0	0	0	0		1	0	0	320
108295	scripts/Map/百战异闻录/ai/RAID/持国回忆录/胡鞑.lua	0	768	768	32	256	64	0	32	0	384	80	0	0	0	0		1	0	0	320
108296	scripts/Map/百战异闻录/ai/RAID/持国回忆录/武逸青.lua	0	768	768	32	256	64	0	32	0	384	80	0	0	0	0		1	0	0	320
108297	scripts/Map/百战异闻录/ai/RAID/持国回忆录/胡鞑.lua	0	768	768	32	256	64	0	32	0	384	80	0	0	0	0		1	0	0	320
108304	scripts/Map/百战异闻录/ai/RAID/持国回忆录/地鼠念土甲.lua	0	768	768	32	256	64	0	32	0	384	80	0	0	0	0		1	0	0	320
108305	scripts/Map/百战异闻录/ai/RAID/持国回忆录/黑缚屏障.lua	0	768	768	32	256	64	0	32	0	384	80	0	0	0	0		1	0	0	320
108328	scripts/Map/百战异闻录/ai/RAID/持国回忆录/萧沙.lua	0	768	768	32	256	64	0	32	0	384	80	0	0	0	0		1	0	0	320
108329	scripts/Map/百战异闻录/ai/RAID/持国回忆录/萧沙.lua	0	768	768	32	256	64	0	32	0	384	80	0	0	0	0		1	0	0	320
108330	scripts/Map/百战异闻录/ai/RAID/持国回忆录/萧沙.lua	0	768	768	32	256	64	0	32	0	384	80	0	0	0	0		1	0	0	320
108347	scripts/Map/百战异闻录/ai/RAID/持国回忆录/慧痴.lua	0	768	768	32	256	64	0	32	0	384	80	0	0	0	0		1	0	0	320
108348	scripts/Map/百战异闻录/ai/RAID/持国回忆录/巨大的力量.lua	0	768	768	32	256	64	0	32	0	384	80	0	0	0	0		1	0	0	320
108349	scripts/Map/百战异闻录/ai/RAID/持国回忆录/分散的内力.lua	0	768	768	32	256	64	0	32	0	384	80	0	0	0	0		1	0	0	320
108350	scripts/Map/百战异闻录/ai/RAID/持国回忆录/暗龙火冲.lua	0	768	768	32	256	64	0	32	0	384	80	0	0	0	0		1	0	0	320
108351	scripts/Map/百战异闻录/ai/RAID/持国回忆录/风刃.lua	0	768	768	32	256	64	0	32	0	384	80	0	0	0	0		1	0	0	320
108416	scripts/Map/百战异闻录/ai/5人BOSS/肖童/猛毒冲击.lua	0	768	768	32	256	64	0	32	0	384	80	0	0	0	0		1	0	0	320
108618	scripts\Map\百战异闻录\ai\RAID\谢云流\落石.lua	0	768	768	32	256	64	0	32	0	384	80	0	0	0	0		1	0	0	320
108909	scripts/Map/百战异闻录/ai/RAID/持国回忆录/龙息火环.lua	0	768	768	32	256	64	0	32	0	384	80	0	0	0	0		1	0	0	320
108911	scripts\Map\百战异闻录\ai\RAID\谢云流\李忘生.lua	0	768	768	32	256	64	0	32	0	384	80	0	0	0	0		1	0	0	320
108912	scripts/ai/StandardAI.lua	0	768	768	160	256	48	512	16	0	0	16	0	0	1	0		0	0	0	320
108913	scripts/ai/StandardAI.lua	0	768	768	160	256	48	512	16	0	0	16	0	0	1	0		0	0	0	320
108966	scripts/Map/百战异闻录/ai/NPC对话集合/韦柔丝对话控制器（延迟版）.lua	0	768	768	32	256	64	0	32	0	384	80	0	0	0	0		1	1	0	320
109132	scripts/Map/百战异闻录/ai/系统控制相关/新版骰子使者.lua	0	768	768	32	256	64	0	32	0	384	80	0	0	0	0		1	0	0	320
109133	scripts/Map/百战异闻录/ai/系统控制相关/骰子表现.lua	0	768	768	32	256	64	0	32	0	384	80	0	0	0	0		1	0	0	320
109180	scripts/ai/StandardAI.lua	0	768	768	32	256	64	0	32	0	384	80	0	0	0	0		1	0	0	320
109181	scripts/Map/百战异闻录/ai/奖励关/刷怪总控.lua	0	768	768	32	256	64	0	32	0	384	80	0	0	0	0		1	0	0	320
109801	scripts/ai/StandardAI_CanSwim.lua	1	768	768	32	256	64	0	32	0	384	80	0	0	0	0		1	1	0	320
109839	scripts/Map/百战异闻录/ai/系统控制相关/玩家内部系统个人总控.lua	0	768	768	32	256	64	0	32	0	384	80	0	0	0	0		1	0	0	320
109976	scripts/Map/百战异闻录/ai/RAID/提多罗吒/铁甲木人.lua	0	768	768	32	256	64	0	32	0	384	80	0	0	0	0		1	0	0	320
109978	scripts/Map/百战异闻录/ai/RAID/提多罗吒/绝音甲人.lua	0	768	768	32	256	64	0	32	0	384	80	0	0	0	0		1	1	0	320
109980	scripts/Map/百战异闻录/ai/NPC对话集合/冯度对话控制器（延迟版） .lua	0	768	768	32	256	64	0	32	0	384	80	0	0	0	0		1	1	0	320
109981	scripts/Map/百战异闻录/ai/NPC对话集合/华鹤炎对话控制器（延迟版).lua	0	768	768	32	256	64	0	32	0	384	80	0	0	0	0		1	1	0	320
109982	scripts/Map/百战异闻录/ai/NPC对话集合/秦雷对话控制器（延迟版).lua	0	768	768	32	256	64	0	32	0	384	80	0	0	0	0		1	1	0	320
109983	scripts/Map/百战异闻录/ai/NPC对话集合/肖童对话控制器（延迟版).lua	0	768	768	32	256	64	0	32	0	384	80	0	0	0	0		1	1	0	320
109984	scripts/Map/百战异闻录/ai/NPC对话集合/上杉勇刀对话控制器（延迟版）.lua	0	768	768	32	256	64	0	32	0	384	80	0	0	0	0		1	1	0	320
109985	scripts/Map/百战异闻录/ai/NPC对话集合/鬼影小次郎对话控制器（延迟版）.lua	0	768	768	32	256	64	0	32	0	384	80	0	0	0	0		1	1	0	320
109986	scripts/Map/百战异闻录/ai/NPC对话集合/钱宗龙对话控制器（延迟版）.lua	0	768	768	32	256	64	0	32	0	384	80	0	0	0	0		1	1	0	320
109987	scripts/Map/百战异闻录/ai/NPC对话集合/杜姬欣对话控制器（延迟版） .lua	0	768	768	32	256	64	0	32	0	384	80	0	0	0	0		1	1	0	320
110006	scripts/Map/百战异闻录/ai/系统控制相关/百战异闻录仓库总控.lua	0	768	768	32	256	64	0	32	0	384	80	0	0	0	0		1	0	0	320
110041	scripts/Map/百战异闻录/ai/RAID/提多罗吒/保护罩.lua	0	768	768	32	256	64	0	32	0	384	80	0	0	0	0		1	0	0	320
110101	scripts/ai/CommonFoolish.lua	0	768	0	32	256	64	0	32	0	384	80	0	0	0	0		1	1	0	320
110102	scripts/ai/CommonFoolish.lua	0	768	0	32	256	64	0	32	0	384	80	0	0	0	0		1	1	0	320
110103	scripts/ai/CommonFoolish.lua	0	768	0	32	256	64	0	32	0	384	80	0	0	0	0		1	1	0	320
110104	scripts/ai/CommonFoolish.lua	0	768	0	32	256	64	0	32	0	384	80	0	0	0	0		1	1	0	320
110105	scripts/ai/CommonFoolish.lua	0	768	0	32	256	64	0	32	0	384	80	0	0	0	0		1	1	0	320
110328	scripts/Map/百战异闻录/ai/RAID/持国回忆录/血雾迷象.lua	1	9680	9680	32	256	64	0	32	0	384	80	0	0	0	0		1	1	1	320
110449	scripts/Map/百战异闻录/ai/RAID/持国回忆录/蝠王鼠王战斗切换控制.lua	0	768	768	32	256	64	0	32	0	384	80	0	0	0	0		1	0	0	320
110723	scripts/ai/StandardAI.lua	0	768	768	32	256	64	0	32	0	384	80	0	0	0	0		1	0	0	320
110943	scripts/Map/百战异闻录/ai/5人BOSS/韦柔丝/啥也不干.lua	0	768	768	32	256	64	0	32	0	384	80	0	0	0	0		1	1	0	320
110977	scripts/Map/百战异闻录/ai/系统控制相关/百战异闻录仓库总控.lua	0	768	768	32	256	64	0	32	0	384	80	0	0	0	0		1	0	0	320
111037	scripts/Map/百战异闻录/ai/RAID/陆寻/暗噬.lua	0	768	768	32	256	64	0	32	0	384	80	0	0	0	0		1	0	0	320
111257	scripts/Map/百战异闻录/ai/RAID/提多罗吒/柱子击退.lua	0	768	768	32	256	64	0	32	0	384	80	0	0	0	0		1	0	0	320
111455	scripts/Map/百战异闻录/ai/系统辅助/通用无敌对话AI.lua	0	768	768	32	256	64	0	32	0	384	80	0	0	0	0		1	0	0	320
111456	scripts/Map/百战异闻录/ai/5人BOSS/方宇谦/方宇谦.lua	0	768	768	32	256	64	0	32	0	384	80	0	0	0	0		1	0	0	320
111457	scripts/ai/StandardAI.lua	0	768	768	32	256	64	0	32	0	384	80	0	0	0	0		1	0	0	320
111559	scripts/Map/百战异闻录/ai/5人BOSS/源明雅/龙蛟道符矩形.lua	0	768	768	32	256	64	0	32	0	384	80	0	0	0	0		1	0	0	320
111563	scripts/ai/StandardAI.lua	0	768	768	32	256	64	0	32	0	384	80	0	0	0	0		1	0	0	320
111565	scripts/ai/StandardAI.lua	0	768	768	32	256	64	0	32	0	384	80	0	0	0	0		1	0	0	320
111566	scripts/ai/StandardAI.lua	0	768	768	32	256	64	0	32	0	384	80	0	0	0	0		1	0	0	320
111715	scripts/ai/StandardAI.lua	0	768	768	32	256	64	0	32	0	384	80	0	0	0	0		1	0	0	320
111716	scripts/ai/StandardAI.lua	0	768	768	32	256	64	0	32	0	384	80	0	0	0	0		1	0	0	320
111717	scripts/ai/StandardAI.lua	0	768	768	32	256	64	0	32	0	384	80	0	0	0	0		1	0	0	320
111718	scripts/ai/StandardAI.lua	0	768	768	32	256	64	0	32	0	384	80	0	0	0	0		1	0	0	320
111720	scripts/ai/StandardAI.lua	0	768	768	32	256	64	0	32	0	384	80	0	0	0	0		1	0	0	320
111721	scripts/ai/StandardAI.lua	0	768	768	32	256	64	0	32	0	384	80	0	0	0	0		1	0	0	320
111722	scripts/ai/StandardAI.lua	0	768	768	32	256	64	0	32	0	384	80	0	0	0	0		1	0	0	320
111723	scripts/ai/StandardAI.lua	0	768	768	32	256	64	0	32	0	384	80	0	0	0	0		1	0	0	320
111724	scripts/ai/StandardAI.lua	0	768	768	32	256	64	0	32	0	384	80	0	0	0	0		1	0	0	320
111725	scripts/ai/StandardAI.lua	0	768	768	32	256	64	0	32	0	384	80	0	0	0	0		1	0	0	320
111726	scripts/ai/StandardAI.lua	0	768	768	32	256	64	0	32	0	384	80	0	0	0	0		1	0	0	320
111733	scripts/ai/StandardAI.lua	0	768	768	32	256	64	0	32	0	384	80	0	0	0	0		1	0	0	320
111734	scripts/ai/StandardAI.lua	0	768	768	32	256	64	0	32	0	384	80	0	0	0	0		1	0	0	320
111735	scripts/ai/StandardAI.lua	0	768	768	32	256	64	0	32	0	384	80	0	0	0	0		1	0	0	320
112156	scripts/Map/黑山林海_雷域大泽/ai/周边/功能Npc/通用无敌对话AI.lua	0	768	768	32	256	64	0	32	0	384	80	0	0	0	0		1	0	0	320
112163	scripts/ai/StandardAI.lua	0	768	768	32	256	64	0	32	0	384	80	0	0	0	0		1	0	0	320
112164	scripts/Map/百战异闻录/ai/教学关/剑圣战斗幻影.lua	0	768	768	32	256	64	0	32	0	384	80	0	0	0	0		1	0	0	320
112165	scripts/Map/百战异闻录/ai/教学关/剑圣战斗技能总控.lua	0	768	768	32	256	64	0	32	0	384	80	0	0	0	0		1	0	0	320
112196	scripts/ai/StandardAI.lua	0	768	768	32	256	64	0	32	0	384	80	0	0	0	0		1	0	0	320
112197	scripts/ai/StandardAI.lua	0	768	768	32	256	64	0	32	0	384	80	0	0	0	0		1	0	0	320
112199	scripts/ai/DungeonStandardAI.lua	1	9768	9768	32	256	64	0	32	0	384	80	0	0	0	0		1	1	1	320
112200	scripts/ai/DungeonStandardAI.lua	1	9768	9768	32	256	64	0	32	0	384	80	0	0	0	0		1	1	1	320
112201	scripts/ai/DungeonStandardAI.lua	1	9768	9768	32	256	64	0	32	0	384	80	0	0	0	0		1	1	1	320
112202	scripts/ai/DungeonStandardAI.lua	1	9768	9768	32	256	64	0	32	0	384	80	0	0	0	0		1	1	1	320
112203	scripts/ai/DungeonStandardAI.lua	1	9768	9768	32	256	64	0	32	0	384	80	0	0	0	0		1	1	1	320
112205	scripts/ai/DungeonStandardAI.lua	1	9680	9680	32	256	64	0	32	0	384	80	0	0	0	0		1	1	1	320
112206	scripts/ai/DungeonStandardAI.lua	1	9680	9680	32	256	64	0	32	0	384	80	0	0	0	0		1	1	1	320
112207	scripts/ai/DungeonStandardAI.lua	1	9680	9680	32	256	64	0	32	0	384	80	0	0	0	0		1	1	1	320
112208	scripts/ai/DungeonStandardAI.lua	1	9680	9680	32	256	64	0	32	0	384	80	0	0	0	0		1	1	1	320
112209	scripts/ai/DungeonStandardAI.lua	1	9680	9680	32	256	64	0	32	0	384	80	0	0	0	0		1	1	1	320
112680	scripts/Map/百战异闻录/ai/系统辅助/奇怪的包裹.lua	0	768	768	32	256	64	0	32	0	384	80	0	0	0	0		1	0	0	320
112687	scripts/Map/百战异闻录/ai/系统辅助/定期产生包裹总控.lua	0	768	768	32	256	64	0	32	0	384	80	0	0	0	0		1	0	0	320
113448	scripts/Map/百战异闻录/ai/RAID/陆寻/横戈平潮汐纹.lua	0	768	768	32	256	64	0	32	0	384	80	0	0	0	0		1	0	0	320
113538	scripts/Map/百战异闻录/ai/系统辅助/下马总控.lua	0	768	768	32	256	64	0	32	0	384	80	0	0	0	0		1	0	0	320
113544	scripts/Map/百战异闻录/ai/系统辅助/选牌系统总控.lua	0	768	768	32	256	64	0	32	0	384	80	0	0	0	0		1	0	0	320
113565	scripts/Map/百战异闻录/ai/5人BOSS/罗翼/猎犬.lua	0	768	768	32	256	64	0	32	0	384	80	0	0	0	0		1	0	0	320
113567	scripts/Map/百战异闻录/ai/系统辅助/精耐上限判断总控.lua	0	768	768	32	256	64	0	32	0	384	80	0	0	0	0		1	0	0	320
113572	scripts/Map/百战异闻录/ai/RAID/持国回忆录/黑缚屏障.lua	0	768	768	32	256	64	0	32	0	384	80	0	0	0	0		1	0	0	320
113573	scripts/Map/百战异闻录/ai/RAID/持国回忆录/黑缚屏障.lua	0	768	768	32	256	64	0	32	0	384	80	0	0	0	0		1	0	0	320
113574	scripts/Map/百战异闻录/ai/RAID/持国回忆录/地鼠念土甲.lua	0	768	768	32	256	64	0	32	0	384	80	0	0	0	0		1	0	0	320
113575	scripts/Map/百战异闻录/ai/RAID/持国回忆录/地鼠念土甲.lua	0	768	768	32	256	64	0	32	0	384	80	0	0	0	0		1	0	0	320
113628	scripts/Map/百战异闻录/ai/系统控制相关/玩家挂件判断总控.lua	0	768	768	32	256	64	0	32	0	384	80	0	0	0	0		1	0	0	320
113640	scripts/ai/CommonFoolish.lua	0	768	768	32	256	64	0	32	0	384	80	0	0	0	0		1	1	0	320
113641	scripts/ai/CommonFoolish.lua	0	768	768	32	256	64	0	32	0	384	80	0	0	0	0		1	1	0	320
113642	scripts/ai/CommonFoolish.lua	0	768	768	32	256	64	0	32	0	384	80	0	0	0	0		1	1	0	320
113643	scripts/ai/CommonFoolish.lua	0	768	768	32	256	64	0	32	0	384	80	0	0	0	0		1	1	0	320
113644	scripts/ai/CommonFoolish.lua	0	768	768	32	256	64	0	32	0	384	80	0	0	0	0		1	1	0	320
113645	scripts/ai/CommonFoolish.lua	0	768	768	32	256	64	0	32	0	384	80	0	0	0	0		1	1	0	320
113646	scripts/ai/CommonFoolish.lua	0	768	768	32	256	64	0	32	0	384	80	0	0	0	0		1	1	0	320
113647	scripts/ai/CommonFoolish.lua	0	768	768	32	256	64	0	32	0	384	80	0	0	0	0		1	1	0	320
113648	scripts/ai/CommonFoolish.lua	0	768	768	32	256	64	0	32	0	384	80	0	0	0	0		1	1	0	320
113649	scripts/ai/CommonFoolish.lua	0	768	768	32	256	64	0	32	0	384	80	0	0	0	0		1	1	0	320
113650	scripts/ai/CommonFoolish.lua	0	768	768	32	256	64	0	32	0	384	80	0	0	0	0		1	1	0	320
113651	scripts/ai/CommonFoolish.lua	0	768	768	32	256	64	0	32	0	384	80	0	0	0	0		1	1	0	320
113652	scripts/ai/CommonFoolish.lua	0	768	768	32	256	64	0	32	0	384	80	0	0	0	0		1	1	0	320
113653	scripts/ai/CommonFoolish.lua	0	768	768	32	256	64	0	32	0	384	80	0	0	0	0		1	1	0	320
113654	scripts/ai/CommonFoolish.lua	0	768	768	32	256	64	0	32	0	384	80	0	0	0	0		1	1	0	320
113655	scripts/ai/CommonFoolish.lua	0	768	768	32	256	64	0	32	0	384	80	0	0	0	0		1	1	0	320
113656	scripts/ai/CommonFoolish.lua	0	768	768	32	256	64	0	32	0	384	80	0	0	0	0		1	1	0	320
113657	scripts/ai/CommonFoolish.lua	0	768	768	32	256	64	0	32	0	384	80	0	0	0	0		1	1	0	320
113658	scripts/ai/CommonFoolish.lua	0	768	768	32	256	64	0	32	0	384	80	0	0	0	0		1	1	0	320
113659	scripts/ai/CommonFoolish.lua	0	768	768	32	256	64	0	32	0	384	80	0	0	0	0		1	1	0	320
113660	scripts/ai/CommonFoolish.lua	0	768	768	32	256	64	0	32	0	384	80	0	0	0	0		1	1	0	320
113661	scripts/ai/CommonFoolish.lua	0	768	768	32	256	64	0	32	0	384	80	0	0	0	0		1	1	0	320
113662	scripts/ai/CommonFoolish.lua	0	768	768	32	256	64	0	32	0	384	80	0	0	0	0		1	1	0	320
113663	scripts/ai/CommonFoolish.lua	0	768	768	32	256	64	0	32	0	384	80	0	0	0	0		1	1	0	320
113664	scripts/ai/CommonFoolish.lua	0	768	768	32	256	64	0	32	0	384	80	0	0	0	0		1	1	0	320
113665	scripts/ai/CommonFoolish.lua	0	768	768	32	256	64	0	32	0	384	80	0	0	0	0		1	1	0	320
113666	scripts/ai/CommonFoolish.lua	0	768	768	32	256	64	0	32	0	384	80	0	0	0	0		1	1	0	320
113667	scripts/ai/CommonFoolish.lua	0	768	768	32	256	64	0	32	0	384	80	0	0	0	0		1	1	0	320
113668	scripts/ai/CommonFoolish.lua	0	768	768	32	256	64	0	32	0	384	80	0	0	0	0		1	1	0	320
113669	scripts/ai/CommonFoolish.lua	0	768	768	32	256	64	0	32	0	384	80	0	0	0	0		1	1	0	320
113670	scripts/ai/CommonFoolish.lua	0	768	768	32	256	64	0	32	0	384	80	0	0	0	0		1	1	0	320
113671	scripts/ai/CommonFoolish.lua	0	768	768	32	256	64	0	32	0	384	80	0	0	0	0		1	1	0	320
113672	scripts/ai/CommonFoolish.lua	0	768	768	32	256	64	0	32	0	384	80	0	0	0	0		1	1	0	320
113673	scripts/ai/CommonFoolish.lua	0	768	768	32	256	64	0	32	0	384	80	0	0	0	0		1	1	0	320
113674	scripts/ai/CommonFoolish.lua	0	768	768	32	256	64	0	32	0	384	80	0	0	0	0		1	1	0	320
113675	scripts/ai/CommonFoolish.lua	0	768	768	32	256	64	0	32	0	384	80	0	0	0	0		1	1	0	320
113676	scripts/ai/CommonFoolish.lua	0	768	768	32	256	64	0	32	0	384	80	0	0	0	0		1	1	0	320
113677	scripts/ai/CommonFoolish.lua	0	768	768	32	256	64	0	32	0	384	80	0	0	0	0		1	1	0	320
113678	scripts/ai/CommonFoolish.lua	0	768	768	32	256	64	0	32	0	384	80	0	0	0	0		1	1	0	320
113679	scripts/ai/CommonFoolish.lua	0	768	768	32	256	64	0	32	0	384	80	0	0	0	0		1	1	0	320
113680	scripts/ai/CommonFoolish.lua	0	768	768	32	256	64	0	32	0	384	80	0	0	0	0		1	1	0	320
113681	scripts/ai/CommonFoolish.lua	0	768	768	32	256	64	0	32	0	384	80	0	0	0	0		1	1	0	320
113682	scripts/ai/CommonFoolish.lua	0	768	768	32	256	64	0	32	0	384	80	0	0	0	0		1	1	0	320
113683	scripts/ai/CommonFoolish.lua	0	768	768	32	256	64	0	32	0	384	80	0	0	0	0		1	1	0	320
113684	scripts/ai/CommonFoolish.lua	0	768	768	32	256	64	0	32	0	384	80	0	0	0	0		1	1	0	320
113685	scripts/ai/CommonFoolish.lua	0	768	768	32	256	64	0	32	0	384	80	0	0	0	0		1	1	0	320
113686	scripts/ai/CommonFoolish.lua	0	768	768	32	256	64	0	32	0	384	80	0	0	0	0		1	1	0	320
113687	scripts/ai/CommonFoolish.lua	0	768	768	32	256	64	0	32	0	384	80	0	0	0	0		1	1	0	320
113688	scripts/ai/CommonFoolish.lua	0	768	768	32	256	64	0	32	0	384	80	0	0	0	0		1	1	0	320
113689	scripts/ai/CommonFoolish.lua	0	768	768	32	256	64	0	32	0	384	80	0	0	0	0		1	1	0	320
113690	scripts/ai/CommonFoolish.lua	0	768	768	32	256	64	0	32	0	384	80	0	0	0	0		1	1	0	320
113691	scripts/ai/CommonFoolish.lua	0	768	768	32	256	64	0	32	0	384	80	0	0	0	0		1	1	0	320
113692	scripts/ai/CommonFoolish.lua	0	768	768	32	256	64	0	32	0	384	80	0	0	0	0		1	1	0	320
113693	scripts/ai/CommonFoolish.lua	0	768	768	32	256	64	0	32	0	384	80	0	0	0	0		1	1	0	320
113694	scripts/ai/CommonFoolish.lua	0	768	768	32	256	64	0	32	0	384	80	0	0	0	0		1	1	0	320
113695	scripts/ai/CommonFoolish.lua	0	768	768	32	256	64	0	32	0	384	80	0	0	0	0		1	1	0	320
113696	scripts/ai/CommonFoolish.lua	0	768	768	32	256	64	0	32	0	384	80	0	0	0	0		1	1	0	320
113697	scripts/ai/CommonFoolish.lua	0	768	768	32	256	64	0	32	0	384	80	0	0	0	0		1	1	0	320
113698	scripts/ai/CommonFoolish.lua	0	768	768	32	256	64	0	32	0	384	80	0	0	0	0		1	1	0	320
113699	scripts/ai/CommonFoolish.lua	0	768	768	32	256	64	0	32	0	384	80	0	0	0	0		1	1	0	320
113700	scripts/ai/CommonFoolish.lua	0	768	768	32	256	64	0	32	0	384	80	0	0	0	0		1	1	0	320
113701	scripts/ai/CommonFoolish.lua	0	768	768	32	256	64	0	32	0	384	80	0	0	0	0		1	1	0	320
113702	scripts/ai/CommonFoolish.lua	0	768	768	32	256	64	0	32	0	384	80	0	0	0	0		1	1	0	320
113703	scripts/ai/CommonFoolish.lua	0	768	768	32	256	64	0	32	0	384	80	0	0	0	0		1	1	0	320
113704	scripts/ai/CommonFoolish.lua	0	768	768	32	256	64	0	32	0	384	80	0	0	0	0		1	1	0	320
113705	scripts/ai/CommonFoolish.lua	0	768	768	32	256	64	0	32	0	384	80	0	0	0	0		1	1	0	320
113706	scripts/ai/CommonFoolish.lua	0	768	768	32	256	64	0	32	0	384	80	0	0	0	0		1	1	0	320
113707	scripts/ai/CommonFoolish.lua	0	768	768	32	256	64	0	32	0	384	80	0	0	0	0		1	1	0	320
113708	scripts/ai/CommonFoolish.lua	0	768	768	32	256	64	0	32	0	384	80	0	0	0	0		1	1	0	320
113709	scripts/ai/CommonFoolish.lua	0	768	768	32	256	64	0	32	0	384	80	0	0	0	0		1	1	0	320
113710	scripts/ai/CommonFoolish.lua	0	768	768	32	256	64	0	32	0	384	80	0	0	0	0		1	1	0	320
113711	scripts/ai/CommonFoolish.lua	0	768	768	32	256	64	0	32	0	384	80	0	0	0	0		1	1	0	320
113712	scripts/ai/CommonFoolish.lua	0	768	768	32	256	64	0	32	0	384	80	0	0	0	0		1	1	0	320
113713	scripts/ai/CommonFoolish.lua	0	768	768	32	256	64	0	32	0	384	80	0	0	0	0		1	1	0	320
113714	scripts/ai/CommonFoolish.lua	0	768	768	32	256	64	0	32	0	384	80	0	0	0	0		1	1	0	320
113715	scripts/ai/CommonFoolish.lua	0	768	768	32	256	64	0	32	0	384	80	0	0	0	0		1	1	0	320
113716	scripts/ai/CommonFoolish.lua	0	768	768	32	256	64	0	32	0	384	80	0	0	0	0		1	1	0	320
113717	scripts/ai/CommonFoolish.lua	0	768	768	32	256	64	0	32	0	384	80	0	0	0	0		1	1	0	320
113718	scripts/ai/CommonFoolish.lua	0	768	768	32	256	64	0	32	0	384	80	0	0	0	0		1	1	0	320
113719	scripts/ai/CommonFoolish.lua	0	768	768	32	256	64	0	32	0	384	80	0	0	0	0		1	1	0	320
113720	scripts/ai/CommonFoolish.lua	0	768	768	32	256	64	0	32	0	384	80	0	0	0	0		1	1	0	320
113721	scripts/ai/CommonFoolish.lua	0	768	768	32	256	64	0	32	0	384	80	0	0	0	0		1	1	0	320
113722	scripts/ai/CommonFoolish.lua	0	768	768	32	256	64	0	32	0	384	80	0	0	0	0		1	1	0	320
113723	scripts/ai/CommonFoolish.lua	0	768	768	32	256	64	0	32	0	384	80	0	0	0	0		1	1	0	320
113724	scripts/ai/CommonFoolish.lua	0	768	768	32	256	64	0	32	0	384	80	0	0	0	0		1	1	0	320
113725	scripts/ai/CommonFoolish.lua	0	768	768	32	256	64	0	32	0	384	80	0	0	0	0		1	1	0	320
113726	scripts/ai/CommonFoolish.lua	0	768	768	32	256	64	0	32	0	384	80	0	0	0	0		1	1	0	320
113727	scripts/ai/CommonFoolish.lua	0	768	768	32	256	64	0	32	0	384	80	0	0	0	0		1	1	0	320
113728	scripts/ai/CommonFoolish.lua	0	768	768	32	256	64	0	32	0	384	80	0	0	0	0		1	1	0	320
113729	scripts/ai/CommonFoolish.lua	0	768	768	32	256	64	0	32	0	384	80	0	0	0	0		1	1	0	320
113775	scripts/Map/百战异闻录/ai/系统控制相关/定向转移总控.lua	0	768	768	32	256	64	0	32	0	384	80	0	0	0	0		1	0	0	320
122113	scripts/Map/百战异闻录/ai/5人BOSS/肖童/毒坑.lua	0	768	768	32	256	64	0	32	0	384	80	0	0	0	0		1	0	0	320
122160	scripts/Map/百战异闻录/ai/5人BOSS/源明雅/地热.lua	0	768	768	32	256	64	0	32	0	384	80	0	0	0	0		1	0	0	320
122162	scripts/Map/百战异闻录/ai/5人BOSS/秦雷/地裂.lua	0	768	768	32	256	64	0	32	0	384	80	0	0	0	0		1	0	0	320
122189	scripts/Map/百战异闻录/ai/RAID/阿基修斯/阿基修斯总控.lua	0	768	768	32	256	64	0	32	0	384	80	0	0	0	0		1	0	0	320
122190	scripts/Map/百战异闻录/ai/RAID/阿基修斯/阿基修斯技能总控.lua	0	768	768	32	256	64	0	32	0	384	80	0	0	0	0		1	0	0	320
122191	scripts/Map/百战异闻录/ai/RAID/阿基修斯/阿基修斯.lua	0	768	768	32	256	64	0	32	0	384	80	0	0	0	0		1	0	0	320
122228	scripts/ai/StandardAI.lua	0	768	768	32	256	64	0	32	0	384	80	0	0	0	0		1	0	0	320
122243	scripts/Map/百战异闻录/ai/RAID/阿基修斯/鳖卡.lua	0	768	768	32	256	64	0	32	0	384	80	0	0	0	0		0	0	0	320
122295	scripts/Map/百战异闻录/ai/5人BOSS/罗翼/胖水贼.lua	0	768	768	32	256	64	0	32	0	384	80	0	0	0	0		1	0	0	320
122308	scripts/Map/百战异闻录/ai/5人BOSS/罗翼/掷斧水贼.lua	0	768	768	32	256	64	0	32	0	384	80	0	0	0	0		1	0	0	320
122388	scripts/Map/百战异闻录/ai/5人BOSS/罗翼/掷斧水贼总控.lua	0	768	768	32	256	64	0	32	0	384	80	0	0	0	0		1	1	0	320
122391	scripts/Map/百战异闻录/ai/RAID/阿基修斯/技能释放通用AI.lua	0	768	768	32	256	64	0	32	0	384	80	0	0	0	0		1	0	0	320
122400	scripts\Map\百战异闻录\ai\RAID\谢云流\落石总控.lua	0	768	768	32	256	64	0	32	0	384	80	0	0	0	0		1	0	0	320
122401	scripts/Map/百战异闻录/ai/5人BOSS/肖童/肖童总控.lua	0	768	768	32	256	64	0	32	0	384	80	0	0	0	0		1	0	0	320
122402	scripts\Map\百战异闻录\ai\RAID\谢云流\落石残留.lua	0	768	768	32	256	64	0	32	0	384	80	0	0	0	0		1	0	0	320
122405	scripts/Map/百战异闻录/ai/5人BOSS/冯度/自爆盒子.lua	0	768	768	32	256	64	0	32	0	384	80	0	0	0	0		1	0	0	320
122410	scripts/Map/百战异闻录/ai/5人BOSS/冯度/铜钱会大弟子.lua	0	768	768	32	256	64	0	32	0	384	80	0	0	0	0		1	0	0	320
122411	scripts/Map/百战异闻录/ai/5人BOSS/冯度/香蕉皮.lua	0	768	768	32	256	64	0	32	0	384	80	0	0	0	0		1	0	0	320
122473	scripts/Map/百战异闻录/ai/5人BOSS/华鹤炎/神策弓手.lua	0	768	768	32	256	64	0	32	0	384	80	0	0	0	0		1	0	0	320
122722	scripts/Map/百战异闻录/ai/RAID/阿基修斯/阿基修斯_钉板.lua	0	768	768	32	256	64	0	32	0	384	80	0	0	0	0		1	0	0	320
122727	scripts/Map/百战异闻录/ai/RAID/阿基修斯/水球.lua	0	768	768	32	256	64	0	32	0	384	80	0	0	0	0		1	1	0	320
122741	scripts/Map/百战异闻录/ai/5人BOSS/钱南撰/钱南撰.lua	0	768	768	32	256	64	0	32	0	384	80	0	0	0	0		1	1	0	320
122742	scripts/Map/百战异闻录/ai/5人BOSS/钱南撰/钱南撰.lua	0	768	768	32	256	64	0	32	0	384	80	0	0	0	0		1	1	0	320
122743	scripts/Map/百战异闻录/ai/5人BOSS/钱南撰/钱南撰.lua	0	768	768	32	256	64	0	32	0	384	80	0	0	0	0		1	1	0	320
122744	scripts/Map/百战异闻录/ai/5人BOSS/钱南撰/钱南撰.lua	0	768	768	32	256	64	0	32	0	384	80	0	0	0	0		1	1	0	320
122745	scripts/Map/百战异闻录/ai/5人BOSS/钱南撰/钱南撰.lua	0	768	768	32	256	64	0	32	0	384	80	0	0	0	0		1	1	0	320
122746	scripts/Map/百战异闻录/ai/5人BOSS/钱南撰/范围总控.lua	0	768	768	32	256	64	0	32	0	384	80	0	0	0	0		1	0	0	320
122747	scripts/Map/百战异闻录/ai/5人BOSS/钱南撰/技能总控.lua	0	768	768	32	256	64	0	32	0	384	80	0	0	0	0		1	0	0	320
122748	scripts/ai/StandardAI.lua	0	768	768	32	256	64	0	32	0	384	80	0	0	0	0		1	0	0	320
122749	scripts/Map/百战异闻录/ai/5人BOSS/钱南撰/宝物.lua	0	768	768	32	256	64	0	32	0	384	80	0	0	0	0		1	0	0	320
122750	scripts/Map/百战异闻录/ai/5人BOSS/钱南撰/铜钱会弟子.lua	0	768	768	32	256	64	0	32	0	384	80	0	0	0	0		1	0	0	320
122753	scripts/Map/百战异闻录/ai/RAID/提多罗吒/特殊音爆.lua	0	768	768	32	256	64	0	32	0	384	80	0	0	0	0		1	0	0	320
122754	scripts/ai/StandardAI.lua	0	768	768	32	256	64	0	32	0	384	80	0	0	0	0		1	0	0	320
122755	scripts/ai/StandardAI.lua	0	768	768	32	256	64	0	32	0	384	80	0	0	0	0		1	0	0	320
122756	scripts/ai/StandardAI.lua	0	768	768	32	256	64	0	32	0	384	80	0	0	0	0		1	0	0	320
122757	scripts/Map/百战异闻录/ai/RAID/提多罗吒/回血木人.lua	0	768	768	32	256	64	0	32	0	384	80	0	0	0	0		1	0	0	320
122758	scripts/ai/StandardAI.lua	0	768	768	32	256	64	0	32	0	384	80	0	0	0	0		1	0	0	320
122759	scripts/ai/StandardAI.lua	0	768	768	32	256	64	0	32	0	384	80	0	0	0	0		1	0	0	320
122761	scripts/Map/百战异闻录/ai/奖励关/灵霄峡/火啸营刀兵.lua	1	1536	1536	32	256	64	0	32	0	384	80	0	0	0	0		1	1	1	320
122762	scripts/Map/百战异闻录/ai/奖励关/灵霄峡/火啸营弓兵.lua	1	1792	1792	32	256	64	0	32	0	384	80	0	0	0	0		1	1	1	320
122764	scripts/Map/百战异闻录/ai/奖励关/灵霄峡/火啸营精锐.lua	1	768	768	32	256	64	0	32	0	384	80	0	0	0	0		1	0	1	320
122765	scripts/Map/百战异闻录/ai/奖励关/日轮山城/月部刃众.lua	1	1536	1536	32	256	64	0	32	0	384	80	0	0	0	0		1	1	1	320
122766	scripts/Map/百战异闻录/ai/奖励关/日轮山城/月部中忍.lua	1	1792	1792	32	256	64	0	32	0	384	80	0	0	0	0		1	1	1	320
122767	scripts/Map/百战异闻录/ai/奖励关/日轮山城/月部上忍.lua	1	768	768	32	256	64	0	32	0	384	80	0	0	0	0		1	0	1	320
122782	scripts/Map/百战异闻录/ai/奖励关/灵霄峡/殷不为.lua	1	768	768	32	256	64	0	32	0	384	80	0	0	0	0		1	0	1	320
122862	scripts/Map/百战异闻录/ai/奖励关/日轮山城/猿飞菖蒲.lua	1	768	768	32	256	64	0	32	0	384	80	0	0	0	0		1	0	1	320
122863	scripts/Map/百战异闻录/ai/奖励关/日轮山城/分身.lua	1	768	768	32	256	64	0	32	0	384	80	0	0	0	0		1	0	1	320
122865	scripts/Map/百战异闻录/ai/奖励关/日轮山城/冰葬杀阵.lua	0	768	768	32	256	64	0	32	0	384	80	0	0	0	0		1	0	0	320
122902	scripts/Map/百战异闻录/ai/RAID/牡丹/残留火坑.lua	0	768	768	32	256	64	0	32	0	384	80	0	0	0	0		1	1	0	320
122910	scripts/Map/百战异闻录/ai/5人BOSS/肖童/肖童.lua	0	768	768	32	256	64	0	32	0	384	80	0	0	0	0		1	0	0	320
122911	scripts/Map/百战异闻录/ai/5人BOSS/肖童/蛇.lua	0	768	768	32	256	64	0	32	0	384	80	0	0	0	0		1	0	0	320
122912	scripts/Map/百战异闻录/ai/5人BOSS/肖童/蛇.lua	0	768	768	32	256	64	0	32	0	384	80	0	0	0	0		1	0	0	320
122913	scripts/Map/百战异闻录/ai/5人BOSS/肖童/蛇.lua	0	768	768	32	256	64	0	32	0	384	80	0	0	0	0		1	0	0	320
122914	scripts/Map/百战异闻录/ai/5人BOSS/肖童/罗曼藤.lua	0	768	768	32	256	64	0	32	0	384	80	0	0	0	0		1	0	0	320
122915	scripts/Map/百战异闻录/ai/5人BOSS/方宇谦/方宇谦.lua	0	768	768	32	256	64	0	32	0	384	80	0	0	0	0		1	0	0	320
122916	scripts/Map/百战异闻录/ai/5人BOSS/方宇谦/流云剑.lua	0	768	768	32	256	64	0	32	0	384	80	0	0	0	0		1	0	0	320
122917	scripts/Map/百战异闻录/ai/5人BOSS/方宇谦/流星剑.lua	0	768	768	32	256	64	0	32	0	384	80	0	0	0	0		1	0	0	320
122918	scripts/Map/百战异闻录/ai/5人BOSS/鬼影小次郎/鬼影小次郎.lua	0	768	768	32	256	64	0	32	0	384	80	0	0	0	0		1	0	0	320
122919	scripts/Map/百战异闻录/ai/5人BOSS/鬼影小次郎/神策弟子.lua	0	768	768	32	256	64	0	32	0	384	80	0	0	0	0		1	0	0	320
122920	scripts/Map/百战异闻录/ai/5人BOSS/鬼影小次郎/神策弟子.lua	0	768	768	32	256	64	0	32	0	384	80	0	0	0	0		1	0	0	320
122921	scripts/Map/百战异闻录/ai/5人BOSS/鬼影小次郎/一刀流弟子.lua	0	768	768	32	256	64	0	32	0	384	80	0	0	0	0		1	0	0	320
122940	scripts/Map/百战异闻录/ai/奖励关/刷怪总控.lua	0	768	768	32	256	64	0	32	0	384	80	0	0	0	0		1	0	0	320
122963	scripts/Map/百战异闻录/ai/RAID/卫栖梧/卫栖梧.lua	0	768	768	32	256	64	0	32	0	384	80	0	0	0	0		1	0	0	320
122964	scripts/Map/百战异闻录/ai/RAID/卫栖梧/卫栖梧替身.lua	0	768	768	32	256	64	0	32	0	384	80	0	0	0	0		1	0	0	320
123021	scripts/Map/百战异闻录/ai/RAID/陆寻/陆寻.lua	0	768	768	32	256	64	0	32	0	384	80	0	0	0	0		1	0	0	320
123022	scripts/Map/百战异闻录/ai/RAID/陆寻/影骑.lua	0	768	768	32	256	64	0	32	0	384	80	0	0	0	0		0	0	0	320
123023	scripts/Map/百战异闻录/ai/RAID/陆寻/冥气波动.lua	0	768	768	32	256	64	0	32	0	384	80	0	0	0	0		1	0	0	320
123029	scripts/Map/百战异闻录/ai/5人BOSS/钱宗龙・杜姬欣/钱宗龙.lua	0	768	768	32	256	64	0	32	0	384	80	0	0	0	0		1	0	0	320
123030	scripts/Map/百战异闻录/ai/5人BOSS/钱宗龙・杜姬欣/杜姬欣.lua	0	768	768	32	256	64	0	32	0	384	80	0	0	0	0		1	0	0	320
123031	scripts/Map/百战异闻录/ai/5人BOSS/钱宗龙・杜姬欣/内坊反叛弟子.lua	0	768	768	32	256	64	0	32	0	384	80	0	0	0	0		1	0	0	320
123035	scripts/Map/百战异闻录/ai/5人BOSS/秦雷/秦雷.lua	0	768	768	32	256	64	0	32	0	384	80	0	0	0	0		1	0	0	320
123036	scripts/Map/百战异闻录/ai/5人BOSS/秦雷/叛军甲士.lua	0	768	768	32	256	64	0	32	0	384	80	0	0	0	0		1	0	0	320
123037	scripts/Map/百战异闻录/ai/5人BOSS/秦雷/叛军弓手.lua	0	768	768	32	256	64	0	32	0	384	80	0	0	0	0		1	0	0	320
123038	scripts/Map/百战异闻录/ai/5人BOSS/秦雷/叛军马车.lua	0	768	768	32	256	64	0	32	0	384	80	0	0	0	0		1	0	0	320
123046	scripts/Map/百战异闻录/ai/5人BOSS/华鹤炎/华鹤炎.lua	0	768	768	32	256	64	0	32	0	384	80	0	0	0	0		1	0	0	320
123047	scripts/Map/百战异闻录/ai/5人BOSS/华鹤炎/神策暗卫.lua	0	768	768	32	256	64	0	32	0	384	80	0	0	0	0		1	0	0	320
123048	scripts/Map/百战异闻录/ai/5人BOSS/华鹤炎/神策盾卫.lua	0	768	768	32	256	64	0	32	0	384	80	0	0	0	0		1	0	0	320
123049	scripts/Map/百战异闻录/ai/5人BOSS/华鹤炎/神策散兵.lua	0	768	768	32	256	64	0	32	0	384	80	0	0	0	0		1	0	0	320
123054	scripts/Map/百战异闻录/ai/5人BOSS/罗翼/罗翼.lua	0	768	768	32	256	64	0	32	0	384	80	0	0	0	0		1	0	0	320
123055	scripts/Map/百战异闻录/ai/5人BOSS/罗翼/牙刀.lua	0	768	768	32	256	64	0	32	0	384	80	0	0	0	0		1	0	0	320
123056	scripts/Map/百战异闻录/ai/5人BOSS/罗翼/猎犬.lua	0	768	768	32	256	64	0	32	0	384	80	0	0	0	0		1	0	0	320
123057	scripts/Map/百战异闻录/ai/5人BOSS/罗翼/猎犬.lua	0	768	768	32	256	64	0	32	0	384	80	0	0	0	0		1	0	0	320
123071	scripts/Map/百战异闻录/ai/RAID/阿基修斯/阿基修斯.lua	0	768	768	32	256	64	0	32	0	384	80	0	0	0	0		1	0	0	320
123072	scripts/Map/百战异闻录/ai/RAID/阿基修斯/阿基修斯.lua	0	768	768	32	256	64	0	32	0	384	80	0	0	0	0		1	0	0	320
123075	scripts/Map/百战异闻录/ai/5人BOSS/程沐华/程沐华.lua	0	768	768	32	256	64	0	32	0	384	80	0	0	0	0		1	0	0	320
123076	scripts/Map/百战异闻录/ai/5人BOSS/程沐华/玄珠花蜜种子.lua	0	768	768	32	256	64	0	32	0	384	80	0	0	0	0		1	0	0	320
123089	scripts/Map/百战异闻录/ai/5人BOSS/源明雅/源明雅.lua	0	768	768	32	256	64	0	32	0	384	80	0	0	0	0		1	0	0	320
123090	scripts/Map/百战异闻录/ai/5人BOSS/源明雅/尸魂武者.lua	0	768	768	32	256	64	0	32	0	384	80	0	0	0	0		1	0	0	320
123091	scripts/Map/百战异闻录/ai/5人BOSS/源明雅/轮入道符.lua	0	768	768	32	256	64	0	32	0	384	80	0	0	0	0		1	0	0	320
123092	scripts/Map/百战异闻录/ai/5人BOSS/源明雅/木灵蔓.lua	0	768	768	32	256	64	0	32	0	384	80	0	0	0	0		1	0	0	320
123093	scripts/Map/百战异闻录/ai/RAID/阿基修斯/阿基修斯玩家水下移动监控总控.lua	0	768	768	32	256	64	0	32	0	384	80	0	0	0	0		1	0	0	320
123096	scripts/Map/百战异闻录/ai/5人BOSS/韦柔丝/韦柔丝.lua	0	768	768	32	256	64	0	32	0	384	80	0	0	0	0		1	0	0	320
123100	scripts/Map/百战异闻录/ai/5人BOSS/上衫勇刀/上衫勇刀.lua	0	768	768	32	256	64	0	32	0	384	80	0	0	0	0		1	1	0	320
123102	scripts/ai/DungeonStandardAI.lua	1	3840	3840	0	3840	64	0	32	0	384	80	0	0	0	0		1	1	0	320
123104	scripts/Map/百战异闻录/ai/RAID/卫栖梧/机关.lua	0	768	768	32	256	64	0	32	0	384	80	0	0	0	0		1	0	0	320
123115	scripts/Map/百战异闻录/ai/RAID/谢云流/谢云流.lua	0	768	768	32	256	64	0	32	0	384	80	0	0	0	0		1	0	0	320
123116	scripts/Map/百战异闻录/ai/RAID/谢云流/气场.lua	0	768	768	32	256	64	0	32	0	384	80	0	0	0	0		1	0	0	320
123117	scripts/Map/百战异闻录/ai/RAID/谢云流/气场.lua	0	768	768	32	256	64	0	32	0	384	80	0	0	0	0		1	0	0	320
123118	scripts/Map/百战异闻录/ai/RAID/谢云流/气场.lua	0	768	768	32	256	64	0	32	0	384	80	0	0	0	0		1	0	0	320
123119	scripts/Map/百战异闻录/ai/RAID/谢云流/气场.lua	0	768	768	32	256	64	0	32	0	384	80	0	0	0	0		1	0	0	320
123120	scripts/Map/百战异闻录/ai/RAID/谢云流/气场.lua	0	768	768	32	256	64	0	32	0	384	80	0	0	0	0		1	0	0	320
123121	scripts/Map/百战异闻录/ai/RAID/谢云流/气场.lua	0	768	768	32	256	64	0	32	0	384	80	0	0	0	0		1	0	0	320
123132	scripts/Map/百战异闻录/ai/5人BOSS/冯度/冯度.lua	0	768	768	32	256	64	0	32	0	384	80	0	0	0	0		1	0	0	320
123133	scripts/Map/百战异闻录/ai/5人BOSS/冯度/铜钱会弟子.lua	0	768	768	32	256	64	0	32	0	384	80	0	0	0	0		1	0	0	320
123134	scripts/Map/百战异闻录/ai/奖励关/灵霄峡/灵霄峡范围总控.lua	0	768	768	32	256	64	0	32	0	384	80	0	0	0	0		1	0	0	320
123135	scripts/Map/百战异闻录/ai/奖励关/灵霄峡/殷不为技能总控.lua	0	768	768	32	256	64	0	32	0	384	80	0	0	0	0		1	0	0	320
123136	scripts/Map/副本通用AI/ai/通用无敌对话AI不转向.lua	1	768	768	32	256	64	0	32	0	384	80	0	0	0	0		1	0	1	320
123137	scripts/Map/百战异闻录/ai/RAID/提多罗吒/提多罗吒.lua	0	768	768	32	256	64	0	32	0	384	80	0	0	0	0		1	0	0	320
123138	scripts/Map/百战异闻录/ai/RAID/持国回忆录/武逸青.lua	0	768	768	32	256	64	0	32	0	384	80	0	0	0	0		1	0	0	320
123140	scripts/Map/百战异闻录/ai/RAID/阿基修斯/阿基修斯深海漩涡总控.lua	0	768	768	32	256	64	0	32	0	384	80	0	0	0	0		1	0	0	320
123142	scripts/Map/百战异闻录/ai/奖励关/刷怪总控.lua	0	768	768	32	256	64	0	32	0	384	80	0	0	0	0		1	0	0	320
123143	scripts/Map/百战异闻录/ai/奖励关/日轮山城/日轮山城范围总控.lua	0	768	768	32	256	64	0	32	0	384	80	0	0	0	0		1	0	0	320
123144	scripts/Map/百战异闻录/ai/奖励关/日轮山城/猿飞菖蒲技能总控.lua	0	768	768	32	256	64	0	32	0	384	80	0	0	0	0		1	0	0	320
123145	scripts/Map/副本通用AI/ai/通用无敌对话AI不转向.lua	1	768	768	32	256	64	0	32	0	384	80	0	0	0	0		1	0	1	320
123146	scripts/Map/百战异闻录/ai/奖励关/日轮山城/螺旋手里剑.lua	0	768	768	32	256	64	0	32	0	384	80	0	0	0	0		1	0	0	320
123147	scripts/Map/百战异闻录/ai/RAID/阿基修斯/海潮之精.lua	0	768	768	32	256	64	0	32	0	384	80	0	0	0	0		1	0	0	320
123151	scripts/Map/百战异闻录/ai/RAID/阿基修斯/阿基修斯钉板总控.lua	0	768	768	32	256	64	0	32	0	384	80	0	0	0	0		1	0	0	320
123153	scripts/Map/百战异闻录/ai/RAID/阿基修斯/水龙卷.lua	0	768	768	32	256	64	0	32	0	384	80	0	0	0	0		1	1	0	320
123155	scripts/ai/CommonFoolish.lua	0	768	0	32	256	64	0	32	0	384	80	0	0	0	0		1	1	0	320
123156	scripts/Map/百战异闻录/ai/RAID/阿基修斯/阿基修斯.lua	0	768	768	32	256	64	0	32	0	384	80	0	0	0	0		1	0	0	320
123157	scripts/Map/百战异闻录/ai/RAID/阿基修斯/阿基修斯.lua	0	768	768	32	256	64	0	32	0	384	80	0	0	0	0		1	0	0	320
123158	scripts/Map/百战异闻录/ai/RAID/阿基修斯/阿基修斯.lua	0	768	768	32	256	64	0	32	0	384	80	0	0	0	0		1	0	0	320
123163	scripts/Map/百战异闻录/ai/RAID/阿基修斯/有裂纹的铁板.lua	0	768	768	32	256	64	0	32	0	384	80	0	0	0	0		1	0	0	320
123165	scripts/Map/副本通用AI/ai/通用无敌对话AI不转向.lua	1	768	768	32	256	64	0	32	0	384	80	0	0	0	0		1	0	1	320
123166	scripts/Map/副本通用AI/ai/通用无敌对话AI不转向.lua	1	768	768	32	256	64	0	32	0	384	80	0	0	0	0		1	0	1	320
123167	scripts/Map/副本通用AI/ai/通用无敌对话AI不转向.lua	1	768	768	32	256	64	0	32	0	384	80	0	0	0	0		1	0	1	320
123168	scripts/Map/副本通用AI/ai/通用无敌对话AI不转向.lua	1	768	768	32	256	64	0	32	0	384	80	0	0	0	0		1	0	1	320
123169	scripts/Map/副本通用AI/ai/通用无敌对话AI不转向.lua	1	768	768	32	256	64	0	32	0	384	80	0	0	0	0		1	0	1	320
123170	scripts/Map/副本通用AI/ai/通用无敌对话AI不转向.lua	1	768	768	32	256	64	0	32	0	384	80	0	0	0	0		1	0	1	320
123171	scripts/Map/副本通用AI/ai/通用无敌对话AI不转向.lua	1	768	768	32	256	64	0	32	0	384	80	0	0	0	0		1	0	1	320
123172	scripts/Map/副本通用AI/ai/通用无敌对话AI不转向.lua	1	768	768	32	256	64	0	32	0	384	80	0	0	0	0		1	0	1	320
123173	scripts/Map/副本通用AI/ai/通用无敌对话AI不转向.lua	1	768	768	32	256	64	0	32	0	384	80	0	0	0	0		1	0	1	320
123174	scripts/Map/副本通用AI/ai/通用无敌对话AI不转向.lua	1	768	768	32	256	64	0	32	0	384	80	0	0	0	0		1	0	1	320
123182	scripts/Map/百战异闻录/ai/5人BOSS/钱南撰/钱南撰.lua	0	768	768	32	256	64	0	32	0	384	80	0	0	0	0		1	1	0	320
123183	scripts/Map/百战异闻录/ai/5人BOSS/钱南撰/铜钱会弟子.lua	0	768	768	32	256	64	0	32	0	384	80	0	0	0	0		1	0	0	320
123184	scripts/Map/百战异闻录/ai/5人BOSS/钱南撰/铜钱会弟子.lua	0	768	768	32	256	64	0	32	0	384	80	0	0	0	0		1	0	0	320
123190	scripts/Map/副本通用AI/ai/通用无敌对话AI不转向.lua	1	768	768	32	256	64	0	32	0	384	80	0	0	0	0		1	0	1	320
123191	scripts/Map/副本通用AI/ai/通用无敌对话AI不转向.lua	1	768	768	32	256	64	0	32	0	384	80	0	0	0	0		1	0	1	320
123192	scripts/Map/副本通用AI/ai/通用无敌对话AI不转向.lua	1	768	768	32	256	64	0	32	0	384	80	0	0	0	0		1	0	1	320
123193	scripts/Map/副本通用AI/ai/通用无敌对话AI不转向.lua	1	768	768	32	256	64	0	32	0	384	80	0	0	0	0		1	0	1	320
123194	scripts/Map/副本通用AI/ai/通用无敌对话AI不转向.lua	1	768	768	32	256	64	0	32	0	384	80	0	0	0	0		1	0	1	320
123195	scripts/Map/副本通用AI/ai/通用无敌对话AI不转向.lua	1	768	768	32	256	64	0	32	0	384	80	0	0	0	0		1	0	1	320
123196	scripts/Map/副本通用AI/ai/通用无敌对话AI不转向.lua	1	768	768	32	256	64	0	32	0	384	80	0	0	0	0		1	0	1	320
123197	scripts/Map/副本通用AI/ai/通用无敌对话AI不转向.lua	1	768	768	32	256	64	0	32	0	384	80	0	0	0	0		1	0	1	320
123198	scripts/Map/副本通用AI/ai/通用无敌对话AI不转向.lua	1	768	768	32	256	64	0	32	0	384	80	0	0	0	0		1	0	1	320
123199	scripts/Map/副本通用AI/ai/通用无敌对话AI不转向.lua	1	768	768	32	256	64	0	32	0	384	80	0	0	0	0		1	0	1	320
123200	scripts/Map/副本通用AI/ai/通用无敌对话AI不转向.lua	1	768	768	32	256	64	0	32	0	384	80	0	0	0	0		1	0	1	320
123201	scripts/Map/副本通用AI/ai/通用无敌对话AI不转向.lua	1	768	768	32	256	64	0	32	0	384	80	0	0	0	0		1	0	1	320
123211	scripts/ai/StandardAI.lua	0	768	768	32	256	64	0	32	0	384	80	0	0	0	0		1	0	0	320
123212	scripts/ai/StandardAI.lua	0	768	768	32	256	64	0	32	0	384	80	0	0	0	0		1	0	0	320
123213	scripts/ai/CommonFoolish.lua	0	768	768	32	256	64	0	32	0	384	80	0	0	0	0		1	1	0	320
123214	scripts/ai/CommonFoolish.lua	0	768	768	32	256	64	0	32	0	384	80	0	0	0	0		1	1	0	320
123215	scripts/ai/CommonFoolish.lua	0	768	768	32	256	64	0	32	0	384	80	0	0	0	0		1	1	0	320
123216	scripts/ai/CommonFoolish.lua	0	768	768	32	256	64	0	32	0	384	80	0	0	0	0		1	1	0	320
123217	scripts/ai/CommonFoolish.lua	0	768	768	32	256	64	0	32	0	384	80	0	0	0	0		1	1	0	320
123218	scripts/ai/CommonFoolish.lua	0	768	768	32	256	64	0	32	0	384	80	0	0	0	0		1	1	0	320
123219	scripts/ai/CommonFoolish.lua	0	768	768	32	256	64	0	32	0	384	80	0	0	0	0		1	1	0	320
123220	scripts/ai/CommonFoolish.lua	0	768	768	32	256	64	0	32	0	384	80	0	0	0	0		1	1	0	320
123221	scripts/ai/CommonFoolish.lua	0	768	768	32	256	64	0	32	0	384	80	0	0	0	0		1	1	0	320
123222	scripts/ai/CommonFoolish.lua	0	768	768	32	256	64	0	32	0	384	80	0	0	0	0		1	1	0	320
123223	scripts/ai/CommonFoolish.lua	0	768	768	32	256	64	0	32	0	384	80	0	0	0	0		1	1	0	320
123224	scripts/ai/CommonFoolish.lua	0	768	768	32	256	64	0	32	0	384	80	0	0	0	0		1	1	0	320
123225	scripts/ai/CommonFoolish.lua	0	768	768	32	256	64	0	32	0	384	80	0	0	0	0		1	1	0	320
123226	scripts/ai/CommonFoolish.lua	0	768	768	32	256	64	0	32	0	384	80	0	0	0	0		1	1	0	320
123227	scripts/ai/CommonFoolish.lua	0	768	768	32	256	64	0	32	0	384	80	0	0	0	0		1	1	0	320
123228	scripts/ai/CommonFoolish.lua	0	768	768	32	256	64	0	32	0	384	80	0	0	0	0		1	1	0	320
123229	scripts/ai/CommonFoolish.lua	0	768	768	32	256	64	0	32	0	384	80	0	0	0	0		1	1	0	320
123230	scripts/ai/CommonFoolish.lua	0	768	768	32	256	64	0	32	0	384	80	0	0	0	0		1	1	0	320
123231	scripts/ai/CommonFoolish.lua	0	768	768	32	256	64	0	32	0	384	80	0	0	0	0		1	1	0	320
123232	scripts/ai/CommonFoolish.lua	0	768	768	32	256	64	0	32	0	384	80	0	0	0	0		1	1	0	320
123233	scripts/ai/CommonFoolish.lua	0	768	768	32	256	64	0	32	0	384	80	0	0	0	0		1	1	0	320
123234	scripts/ai/CommonFoolish.lua	0	768	768	32	256	64	0	32	0	384	80	0	0	0	0		1	1	0	320
123235	scripts/ai/CommonFoolish.lua	0	768	768	32	256	64	0	32	0	384	80	0	0	0	0		1	1	0	320
123236	scripts/ai/CommonFoolish.lua	0	768	768	32	256	64	0	32	0	384	80	0	0	0	0		1	1	0	320
123237	scripts/ai/CommonFoolish.lua	0	768	768	32	256	64	0	32	0	384	80	0	0	0	0		1	1	0	320
123238	scripts/ai/CommonFoolish.lua	0	768	768	32	256	64	0	32	0	384	80	0	0	0	0		1	1	0	320
123239	scripts/ai/CommonFoolish.lua	0	768	768	32	256	64	0	32	0	384	80	0	0	0	0		1	1	0	320
123240	scripts/ai/CommonFoolish.lua	0	768	768	32	256	64	0	32	0	384	80	0	0	0	0		1	1	0	320
123241	scripts/ai/CommonFoolish.lua	0	768	768	32	256	64	0	32	0	384	80	0	0	0	0		1	1	0	320
123242	scripts/ai/CommonFoolish.lua	0	768	768	32	256	64	0	32	0	384	80	0	0	0	0		1	1	0	320
123243	scripts/ai/CommonFoolish.lua	0	768	768	32	256	64	0	32	0	384	80	0	0	0	0		1	1	0	320
123244	scripts/ai/CommonFoolish.lua	0	768	768	32	256	64	0	32	0	384	80	0	0	0	0		1	1	0	320
123245	scripts/ai/CommonFoolish.lua	0	768	768	32	256	64	0	32	0	384	80	0	0	0	0		1	1	0	320
123246	scripts/ai/CommonFoolish.lua	0	768	768	32	256	64	0	32	0	384	80	0	0	0	0		1	1	0	320
123247	scripts/ai/CommonFoolish.lua	0	768	768	32	256	64	0	32	0	384	80	0	0	0	0		1	1	0	320
123248	scripts/ai/CommonFoolish.lua	0	768	768	32	256	64	0	32	0	384	80	0	0	0	0		1	1	0	320
123249	scripts/ai/CommonFoolish.lua	0	768	768	32	256	64	0	32	0	384	80	0	0	0	0		1	1	0	320
123250	scripts/ai/CommonFoolish.lua	0	768	768	32	256	64	0	32	0	384	80	0	0	0	0		1	1	0	320
123251	scripts/ai/CommonFoolish.lua	0	768	768	32	256	64	0	32	0	384	80	0	0	0	0		1	1	0	320
123252	scripts/ai/CommonFoolish.lua	0	768	768	32	256	64	0	32	0	384	80	0	0	0	0		1	1	0	320
123253	scripts/ai/CommonFoolish.lua	0	768	768	32	256	64	0	32	0	384	80	0	0	0	0		1	1	0	320
123254	scripts/ai/CommonFoolish.lua	0	768	768	32	256	64	0	32	0	384	80	0	0	0	0		1	1	0	320
123255	scripts/ai/CommonFoolish.lua	0	768	768	32	256	64	0	32	0	384	80	0	0	0	0		1	1	0	320
123256	scripts/ai/CommonFoolish.lua	0	768	768	32	256	64	0	32	0	384	80	0	0	0	0		1	1	0	320
123257	scripts/ai/CommonFoolish.lua	0	768	768	32	256	64	0	32	0	384	80	0	0	0	0		1	1	0	320
123258	scripts/ai/CommonFoolish.lua	0	768	768	32	256	64	0	32	0	384	80	0	0	0	0		1	1	0	320
123259	scripts/ai/CommonFoolish.lua	0	768	768	32	256	64	0	32	0	384	80	0	0	0	0		1	1	0	320
123260	scripts/ai/CommonFoolish.lua	0	768	768	32	256	64	0	32	0	384	80	0	0	0	0		1	1	0	320
123261	scripts/ai/CommonFoolish.lua	0	768	768	32	256	64	0	32	0	384	80	0	0	0	0		1	1	0	320
123262	scripts/ai/CommonFoolish.lua	0	768	768	32	256	64	0	32	0	384	80	0	0	0	0		1	1	0	320
123263	scripts/ai/CommonFoolish.lua	0	768	768	32	256	64	0	32	0	384	80	0	0	0	0		1	1	0	320
123264	scripts/ai/CommonFoolish.lua	0	768	768	32	256	64	0	32	0	384	80	0	0	0	0		1	1	0	320
123265	scripts/ai/CommonFoolish.lua	0	768	768	32	256	64	0	32	0	384	80	0	0	0	0		1	1	0	320
123266	scripts/ai/CommonFoolish.lua	0	768	768	32	256	64	0	32	0	384	80	0	0	0	0		1	1	0	320
123267	scripts/ai/CommonFoolish.lua	0	768	768	32	256	64	0	32	0	384	80	0	0	0	0		1	1	0	320
123268	scripts/ai/CommonFoolish.lua	0	768	768	32	256	64	0	32	0	384	80	0	0	0	0		1	1	0	320
123269	scripts/ai/CommonFoolish.lua	0	768	768	32	256	64	0	32	0	384	80	0	0	0	0		1	1	0	320
123270	scripts/ai/CommonFoolish.lua	0	768	768	32	256	64	0	32	0	384	80	0	0	0	0		1	1	0	320
123271	scripts/ai/CommonFoolish.lua	0	768	768	32	256	64	0	32	0	384	80	0	0	0	0		1	1	0	320
123272	scripts/ai/CommonFoolish.lua	0	768	768	32	256	64	0	32	0	384	80	0	0	0	0		1	1	0	320
123273	scripts/ai/CommonFoolish.lua	0	768	768	32	256	64	0	32	0	384	80	0	0	0	0		1	1	0	320
123274	scripts/ai/CommonFoolish.lua	0	768	768	32	256	64	0	32	0	384	80	0	0	0	0		1	1	0	320
123275	scripts/ai/CommonFoolish.lua	0	768	768	32	256	64	0	32	0	384	80	0	0	0	0		1	1	0	320
123276	scripts/ai/CommonFoolish.lua	0	768	768	32	256	64	0	32	0	384	80	0	0	0	0		1	1	0	320
123277	scripts/ai/CommonFoolish.lua	0	768	768	32	256	64	0	32	0	384	80	0	0	0	0		1	1	0	320
123278	scripts/ai/CommonFoolish.lua	0	768	768	32	256	64	0	32	0	384	80	0	0	0	0		1	1	0	320
123279	scripts/ai/CommonFoolish.lua	0	768	768	32	256	64	0	32	0	384	80	0	0	0	0		1	1	0	320
123280	scripts/ai/CommonFoolish.lua	0	768	768	32	256	64	0	32	0	384	80	0	0	0	0		1	1	0	320
123281	scripts/ai/CommonFoolish.lua	0	768	768	32	256	64	0	32	0	384	80	0	0	0	0		1	1	0	320
123282	scripts/ai/CommonFoolish.lua	0	768	768	32	256	64	0	32	0	384	80	0	0	0	0		1	1	0	320
123289	scripts/Map/百战异闻录/ai/RAID/持国回忆录/血龙出渊_圆形.lua	0	768	768	32	256	64	0	32	0	384	80	0	0	0	0		1	0	0	320
123290	scripts/Map/百战异闻录/ai/RAID/持国回忆录/血龙出渊_矩形.lua	0	768	768	32	256	64	0	32	0	384	80	0	0	0	0		1	0	0	320
123292	scripts/Map/百战异闻录/ai/5人BOSS/韦柔丝/灵狐截刃血球.lua	0	768	768	32	256	64	0	32	0	384	80	0	0	0	0		1	1	0	320
123293	scripts/Map/百战异闻录/ai/RAID/持国回忆录/胡鞑.lua	0	768	768	32	256	64	0	32	0	384	80	0	0	0	0		1	0	0	320
123294	scripts/Map/百战异闻录/ai/RAID/持国回忆录/萧沙.lua	0	768	768	32	256	64	0	32	0	384	80	0	0	0	0		1	0	0	320
123295	scripts/ai/DungeonStandardAI.lua	1	9768	9768	32	256	64	0	32	0	384	80	0	0	0	0		1	1	1	320
123296	scripts/ai/DungeonStandardAI.lua	1	9680	9680	32	256	64	0	32	0	384	80	0	0	0	0		1	1	1	320
123297	scripts/Map/百战异闻录/ai/RAID/持国回忆录/黑缚屏障.lua	0	768	768	32	256	64	0	32	0	384	80	0	0	0	0		1	0	0	320
123298	scripts/Map/百战异闻录/ai/RAID/持国回忆录/地鼠念土甲.lua	0	768	768	32	256	64	0	32	0	384	80	0	0	0	0		1	0	0	320
123302	scripts/Map/百战异闻录/ai/5人BOSS/韦柔丝/啥也不干.lua	0	768	768	32	256	64	0	32	0	384	80	0	0	0	0		1	0	0	320
123304	scripts/Map/百战异闻录/ai/RAID/阿基修斯/漩涡之眼.lua	0	768	768	32	256	64	0	32	0	384	80	0	0	0	0		1	1	0	320
123317	scripts/Map/百战异闻录/ai/奖励关/日轮山城/寒冰手里剑.lua	0	768	768	32	256	64	0	32	0	384	80	0	0	0	0		1	0	0	320
123418	scripts/Map/百战异闻录/ai/RAID/阿基修斯/无敌AI.lua	0	768	768	32	256	64	0	32	0	384	80	0	0	0	0		1	1	0	320
123500	scripts/Map/百战异闻录/ai/RAID/阿基修斯/无敌AI.lua	0	768	768	32	256	64	0	32	0	384	80	0	0	0	0		1	1	0	320
