AIType	ScriptFile	IsPositive	AlertRange	SearchPlayerDistance	AlertOverTime	AttackRange	EscapeTime	EscapeRange	EscapeInterval	WanderRange	WanderDistance	WanderInterval	PatrolPathID	EscapeLife	PatrolOrderIndex	ReviveTeammate	CustomArguments	IsAutoTurn	NpcSceneType	IsSnarlInFight	DialogIdleTime
99369	scripts\Map\达摩洞\ai\3号_武雪散\武雪散.lua	0	768	768	32	256	64	0	32	0	384	80	0	0	0	0		1	1	0	320
99381	scripts\Map\达摩洞\ai\3号_武雪散\鬼门针.lua	0	768	1260	32	256	64	0	32	0	384	80	0	0	0	0		0	1	0	320
99389	scripts/Map/达摩洞/ai/2号_宓桃/旋转飞刃.lua	0	768	768	32	256	64	0	32	0	384	80	0	0	0	0		1	0	0	320
99390	scripts/Map/达摩洞/ai/2号_宓桃/曼陀罗.lua	0	768	768	32	256	64	0	32	0	384	80	0	0	0	0		1	0	0	320
99413	scripts/Map/达摩洞/ai/5号_哑头陀/哑头陀.lua	0	768	768	32	256	64	0	32	0	384	80	0	0	0	0		1	1	0	320
99414	scripts\Map\达摩洞\ai\3号_武雪散\断脉总控.lua	0	768	768	32	256	64	0	32	0	384	80	0	0	0	0		1	0	0	320
99484	scripts\Map\达摩洞\ai\3号_武雪散\白霜落.lua	0	768	768	32	256	64	0	32	0	384	80	0	0	0	0		1	1	0	320
99509	scripts/Map/达摩洞/ai/1号_血斗士/1号_血斗士.lua	0	768	768	32	256	64	0	32	0	384	80	0	0	0	0		1	1	0	320
99510	scripts/Map/达摩洞/ai/1号_血斗士/1号_血斗士技能总控.lua	0	768	768	32	256	64	0	32	0	384	80	0	0	0	0		1	1	0	320
99511	scripts/Map/达摩洞/ai/1号_血斗士/1号_血斗士总控.lua	0	768	768	32	256	64	0	32	0	384	80	0	0	0	0		1	1	0	320
99520	scripts/Map/达摩洞/ai/6号_岳琳/岳琳.lua	0	768	768	32	256	64	0	32	0	384	80	0	0	0	0		1	1	0	320
99523	scripts\Map\达摩洞\ai\3号_武雪散\银丝千织固定点.lua	0	768	768	32	256	64	0	32	0	384	80	0	0	0	0		1	1	0	320
99524	scripts\Map\达摩洞\ai\5号_哑头陀\哑头陀范围总控.lua	0	768	768	32	256	64	0	32	0	384	80	0	0	0	0		1	1	0	320
99525	scripts\Map\达摩洞\ai\5号_哑头陀\增长天王技能总控.lua	0	768	768	32	256	64	0	32	0	384	80	0	0	0	0		1	1	0	320
99526	scripts/Map/达摩洞/ai/5号_哑头陀/广目天王技能总控.lua	0	768	768	32	256	64	0	32	0	384	80	0	0	0	0		1	1	0	320
99527	scripts/Map/达摩洞/ai/5号_哑头陀/持国天王技能总控.lua	0	768	768	32	256	64	0	32	0	384	80	0	0	0	0		1	1	0	320
99528	scripts\Map\达摩洞\ai\5号_哑头陀\增长天王.lua	0	768	768	32	256	64	0	32	0	384	80	0	0	0	0		1	1	0	320
99529	scripts\Map\达摩洞\ai\5号_哑头陀\广目天王.lua	0	768	768	32	256	64	0	32	0	384	80	0	0	0	0		1	1	0	320
99530	scripts\Map\达摩洞\ai\5号_哑头陀\持国天王.lua	0	768	768	32	256	64	0	32	0	384	80	0	0	0	0		1	1	0	320
99531	scripts\Map\达摩洞\ai\5号_哑头陀\多闻天王.lua	0	768	768	32	256	64	0	32	0	384	80	0	0	0	0		1	1	0	320
99532	scripts/Map/达摩洞/ai/1号_血斗士/1号_血斗士崇拜值总控.lua	0	768	768	32	256	64	0	32	0	384	80	0	0	0	0		1	1	0	320
99540	scripts\Map\达摩洞\ai\3号_武雪散\飞针.lua	0	768	768	32	256	64	0	32	0	384	80	0	0	0	0		1	1	0	320
99542	scripts/Map/达摩洞/ai/2号_宓桃/飞轮回刃.lua	0	768	768	32	256	64	0	32	0	384	80	0	0	0	0		1	0	0	320
99545	scripts\Map\达摩洞\ai\3号_武雪散\银丝千织移动点.lua	0	768	768	32	256	64	0	32	0	384	80	0	0	0	0		1	1	0	320
99548	scripts\Map\达摩洞\ai\3号_武雪散\小怪.lua	1	768	768	32	256	64	0	32	0	384	80	0	0	0	0		1	1	1	320
99561	scripts\Map\达摩洞\ai\3号_武雪散\武雪散技能总控.lua	0	768	768	32	256	64	0	32	0	384	80	0	0	0	0		1	0	0	320
99562	scripts\Map\达摩洞\ai\3号_武雪散\武雪散范围总控.lua	0	768	768	32	256	64	0	32	0	384	80	0	0	0	0		1	0	0	320
99570	scripts\Map\达摩洞\ai\3号_武雪散\穿脊牵肌总控.lua	0	768	768	32	256	64	0	32	0	384	80	0	0	0	0		1	0	0	320
99571	scripts/Map/达摩洞/ai/1号_血斗士/1号_血斗士通知型预警NPC.lua	0	768	768	32	256	64	0	32	0	384	80	0	0	0	0		1	0	0	320
99572	scripts\Map\达摩洞\ai\5号_哑头陀\万剑阵_子剑.lua	1	19200	19200	4	19200	64	0	32	0	384	80	0	0	0	0		1	1	1	320
99574	scripts\Map\达摩洞\ai\5号_哑头陀\木人・鸠盘茶.lua	1	19200	19200	4	19200	64	0	32	0	384	80	0	0	0	0		1	1	1	320
99610	scripts/Map/达摩洞/ai/1号_血斗士/1号_血斗士蜂虫_区域控制版本.lua	0	768	768	32	256	64	0	32	0	384	80	0	0	0	0		1	0	0	320
99611	scripts\Map\达摩洞\ai\5号_哑头陀\木人・龙王.lua	1	19200	19200	4	19200	64	0	32	0	384	80	0	0	0	0		1	1	1	320
99613	scripts/ai/CommonFoolish.lua	0	768	768	32	256	64	0	32	0	384	80	0	0	0	0		1	1	0	320
99626	scripts\Map\达摩洞\ai\5号_哑头陀\逐珠龙.lua	1	19200	19200	4	19200	64	0	32	0	384	80	0	0	0	0		1	1	1	320
99627	scripts/Map/达摩洞/ai/6号_岳琳/技能替身.lua	0	768	768	32	256	64	0	32	0	384	80	0	0	0	0		1	1	0	320
99643	scripts\Map\达摩洞\ai\3号_武雪散\武雪散刀墙总控.lua	0	768	768	32	256	64	0	32	0	384	80	0	0	0	0		1	0	0	320
99644	scripts/Map/达摩洞/ai/4号_猿飞/猿飞.lua	0	768	768	32	256	64	0	32	0	384	80	0	0	0	0		1	1	0	320
99645	scripts/Map/达摩洞/ai/4号_猿飞/猿飞出平台总控.lua	0	768	768	32	256	64	0	32	0	384	80	0	0	0	0		1	1	0	320
99646	scripts/Map/达摩洞/ai/4号_猿飞/猿飞范围总控.lua	0	768	768	32	256	64	0	32	0	384	80	0	0	0	0		1	1	0	320
99647	scripts/Map/达摩洞/ai/4号_猿飞/猿飞技能总控.lua	0	768	768	32	256	64	0	32	0	384	80	0	0	0	0		1	1	0	320
99648	scripts/Map/达摩洞/ai/4号_猿飞/猿飞阶段总控.lua	0	768	768	32	256	64	0	32	0	384	80	0	0	0	0		1	1	0	320
99649	scripts/Map/达摩洞/ai/4号_猿飞/猿飞气劲.lua	0	768	768	32	256	64	0	32	0	384	80	0	0	0	0		1	0	0	320
99650	scripts\Map\达摩洞\ai\5号_哑头陀\充能核心.lua	0	768	768	32	256	64	0	32	0	384	80	0	0	0	0		1	0	0	320
99652	scripts/Map/达摩洞/ai/6号_岳琳/蜂刺箭雨.lua	0	768	768	32	256	64	0	32	0	384	80	0	0	0	0		1	1	0	320
99656	scripts/Map/达摩洞/ai/6号_岳琳/岳琅.lua	0	768	768	32	256	64	0	32	0	384	80	0	0	0	0		1	1	0	320
99657	scripts/Map/达摩洞/ai/6号_岳琳/技能替身.lua	0	768	768	32	256	64	0	32	0	384	80	0	0	0	0		1	1	0	320
99659	scripts/Map/达摩洞/ai/2号_宓桃/缥缈.lua	0	768	768	32	256	64	0	32	0	384	80	0	0	0	0		1	0	0	320
99661	scripts/Map/达摩洞/ai/2号_宓桃/弟子.lua	0	768	768	32	256	64	0	32	0	384	80	0	0	0	0		1	0	0	320
99662	scripts/Map/达摩洞/ai/2号_宓桃/弟子.lua	0	768	768	32	256	64	0	32	0	384	80	0	0	0	0		1	0	0	320
99663	scripts\Map\达摩洞\ai\5号_哑头陀\音波.lua	0	768	768	32	256	64	0	32	0	384	80	0	0	0	0		1	1	0	320
99669	scripts\Map\达摩洞\ai\5号_哑头陀\木人・乾闼婆.lua	1	19200	19200	4	19200	64	0	32	0	384	80	0	0	0	0		1	1	1	320
99670	scripts/Map/达摩洞/ai/6号_岳琳/被吸附的兵刃.lua	0	768	768	32	256	64	0	32	0	384	80	0	0	0	0		1	1	0	320
99679	scripts/ai/DungeonStandardAI.lua	1	768	768	32	256	64	0	32	0	384	80	0	0	0	0		1	1	0	320
99680	scripts/Map/达摩洞/ai/6号_岳琳/曳影剑.lua	0	768	768	32	256	64	0	32	0	384	80	0	0	0	0		1	1	0	320
99685	scripts/Map/达摩洞/ai/6号_岳琳/曳影剑争夺总控.lua	0	768	768	32	256	64	0	32	0	384	80	0	0	0	0		1	1	0	320
99686	scripts/Map/达摩洞/ai/6号_岳琳/蜂群排队者.lua	1	768	768	32	256	64	0	32	0	384	80	0	0	0	0		1	1	0	320
99687	scripts/ai/DungeonStandardAI.lua	1	768	768	32	256	64	0	32	0	384	80	0	0	0	0		1	1	0	320
99688	scripts/Map/达摩洞/ai/6号_岳琳/蜂群胖墩.lua	1	768	768	32	256	64	0	32	0	384	80	0	0	0	0		1	1	0	320
99689	scripts/Map/达摩洞/ai/6号_岳琳/蜂群莽夫.lua	1	768	768	32	256	64	0	32	0	384	80	0	0	0	0		1	1	0	320
99690	scripts/Map/达摩洞/ai/6号_岳琳/聂无极.lua	0	768	768	32	256	64	0	32	0	384	80	0	0	0	0		1	1	0	320
99691	scripts/Map/达摩洞/ai/6号_岳琳/岳琳范围总控.lua	0	768	768	32	256	64	0	32	0	384	80	0	0	0	0		1	1	0	320
99692	scripts/Map/达摩洞/ai/6号_岳琳/岳琳技能总控暂停版.lua	0	768	768	32	256	64	0	32	0	384	80	0	0	0	0		1	0	0	320
99693	scripts/Map/达摩洞/ai/6号_岳琳/岳琳阶段总控.lua	0	768	768	32	256	64	0	32	0	384	80	0	0	0	0		1	1	0	320
99694	scripts/Map/达摩洞/ai/2号_宓桃/石楠花.lua	0	768	768	32	256	64	0	32	0	384	80	0	0	0	0		1	0	0	320
99709	scripts/ai/CommonFoolish.lua	0	768	768	32	256	64	0	32	0	384	80	0	0	0	0		1	0	0	320
99717	scripts/Map/达摩洞/ai/6号_岳琳/史朝义.lua	0	768	768	32	256	64	0	32	0	384	80	0	0	0	0		1	1	0	320
99748	scripts/Map/达摩洞/ai/2号_宓桃/宓桃.lua	0	768	768	32	256	64	0	32	0	384	80	0	0	0	0		1	0	0	320
99749	scripts/Map/达摩洞/ai/2号_宓桃/宓桃范围总控.lua	0	768	768	32	256	64	0	32	0	384	80	0	0	0	0		1	0	0	320
99750	scripts/Map/达摩洞/ai/2号_宓桃/宓桃技能总控.lua	0	768	768	32	256	64	0	32	0	384	80	0	0	0	0		1	0	0	320
99751	scripts\Map\达摩洞\ai\5号_哑头陀\蒸汽.lua	1	19200	19200	4	19200	64	0	32	0	384	80	0	0	0	0		1	1	1	320
99761	scripts/Map/达摩洞/ai/5号_哑头陀/法印.lua	0	768	768	32	256	64	0	32	0	384	80	0	0	0	0		1	1	0	320
100131	scripts/ai/StandardAI.lua	0	768	768	32	256	64	0	32	0	384	80	0	0	0	0		1	0	0	320
100151	scripts/Map/狼牙堡_辉天堑/ai/周边/通用对话AI.lua	0	768	768	32	256	64	0	32	0	384	80	0	0	0	0		1	1	0	320
100159	scripts/Map/达摩洞/ai/5号_哑头陀/矩形AOE辅助NPC.lua	0	768	768	32	256	64	0	32	0	384	80	0	0	0	0		1	0	0	320
100241	scripts\Map\达摩洞\ai\5号_哑头陀\净天眼辅助NPC.lua	0	768	768	32	256	64	0	32	0	384	80	0	0	0	0		1	0	0	320
100288	scripts/Map/达摩洞/ai/4号_猿飞/猿飞花式aoe.lua	0	768	768	32	256	64	0	32	0	384	80	0	0	0	0		1	0	0	320
100290	scripts/Map/达摩洞/ai/4号_猿飞/通用预警Npc.lua	0	768	768	32	256	64	0	32	0	384	80	0	0	0	0		1	0	0	320
100333	scripts/Map/达摩洞/ai/周边/七苦一乐/生苦.lua	0	768	768	32	256	64	0	32	0	384	80	0	0	0	0		1	1	0	320
100334	scripts/Map/达摩洞/ai/周边/七苦一乐/老苦.lua	0	768	768	32	256	64	0	32	0	384	80	0	0	0	0		1	1	0	320
100335	scripts/Map/达摩洞/ai/周边/七苦一乐/病苦.lua	0	768	768	32	256	64	0	32	0	384	80	0	0	0	0		1	1	0	320
100340	scripts\Map\达摩洞\ai\周边\七苦一乐\通用对话AI.lua	0	768	768	32	256	64	0	32	0	384	80	0	0	0	0		1	0	0	320
100455	scripts\Map\达摩洞\ai\周边\七苦一乐\死苦\死苦总控.lua	0	768	768	32	256	64	0	32	0	384	80	0	0	0	0		1	1	0	320
100456	scripts\Map\达摩洞\ai\周边\七苦一乐\爱别离苦.lua	0	768	768	32	256	64	0	32	0	384	80	0	0	0	0		1	1	0	320
100457	scripts\Map\达摩洞\ai\周边\七苦一乐\怨憎会苦\怨憎会苦.lua	0	768	768	32	256	64	0	32	0	384	80	0	0	0	0		1	1	0	320
100458	scripts\Map\达摩洞\ai\周边\七苦一乐\求不得苦.lua	0	768	768	32	256	64	0	32	0	384	80	0	0	0	0		1	1	0	320
100476	scripts/Map/达摩洞/ai/6号_岳琳/岳琅技能总控.lua	0	768	768	32	256	64	0	32	0	384	80	0	0	0	0		1	0	0	320
100634	scripts/ai/CommonFoolish.lua	0	768	0	32	256	64	0	32	0	384	80	0	0	0	0		1	1	0	320
100635	scripts/ai/CommonFoolish.lua	0	768	0	32	256	64	0	32	0	384	80	0	0	0	0		1	1	0	320
100636	scripts/ai/CommonFoolish.lua	0	768	0	32	256	64	0	32	0	384	80	0	0	0	0		1	1	0	320
100637	scripts/ai/CommonFoolish.lua	0	768	0	32	256	64	0	32	0	384	80	0	0	0	0		1	1	0	320
100638	scripts/ai/CommonFoolish.lua	0	768	0	32	256	64	0	32	0	384	80	0	0	0	0		1	1	0	320
100639	scripts/ai/CommonFoolish.lua	0	768	0	32	256	64	0	32	0	384	80	0	0	0	0		1	1	0	320
100640	scripts/ai/CommonFoolish.lua	0	768	0	32	256	64	0	32	0	384	80	0	0	0	0		1	1	0	320
100641	scripts/ai/CommonFoolish.lua	0	768	0	32	256	64	0	32	0	384	80	0	0	0	0		1	1	0	320
100642	scripts/ai/CommonFoolish.lua	0	768	0	32	256	64	0	32	0	384	80	0	0	0	0		1	1	0	320
100643	scripts/ai/CommonFoolish.lua	0	768	0	32	256	64	0	32	0	384	80	0	0	0	0		1	1	0	320
100644	scripts/ai/CommonFoolish.lua	0	768	0	32	256	64	0	32	0	384	80	0	0	0	0		1	1	0	320
100645	scripts/ai/CommonFoolish.lua	0	768	0	32	256	64	0	32	0	384	80	0	0	0	0		1	1	0	320
100646	scripts/ai/CommonFoolish.lua	0	768	0	32	256	64	0	32	0	384	80	0	0	0	0		1	1	0	320
100647	scripts/ai/CommonFoolish.lua	0	768	0	32	256	64	0	32	0	384	80	0	0	0	0		1	1	0	320
100648	scripts/ai/CommonFoolish.lua	0	768	0	32	256	64	0	32	0	384	80	0	0	0	0		1	1	0	320
100649	scripts/ai/CommonFoolish.lua	0	768	0	32	256	64	0	32	0	384	80	0	0	0	0		1	1	0	320
100650	scripts/ai/CommonFoolish.lua	0	768	0	32	256	64	0	32	0	384	80	0	0	0	0		1	1	0	320
100651	scripts/ai/CommonFoolish.lua	0	768	0	32	256	64	0	32	0	384	80	0	0	0	0		1	1	0	320
100652	scripts/ai/CommonFoolish.lua	0	768	0	32	256	64	0	32	0	384	80	0	0	0	0		1	1	0	320
100653	scripts/ai/CommonFoolish.lua	0	768	0	32	256	64	0	32	0	384	80	0	0	0	0		1	1	0	320
100654	scripts/ai/CommonFoolish.lua	0	768	0	32	256	64	0	32	0	384	80	0	0	0	0		1	1	0	320
100655	scripts/ai/CommonFoolish.lua	0	768	0	32	256	64	0	32	0	384	80	0	0	0	0		1	1	0	320
100656	scripts/ai/CommonFoolish.lua	0	768	0	32	256	64	0	32	0	384	80	0	0	0	0		1	1	0	320
100657	scripts/ai/CommonFoolish.lua	0	768	0	32	256	64	0	32	0	384	80	0	0	0	0		1	1	0	320
100658	scripts/ai/CommonFoolish.lua	0	768	0	32	256	64	0	32	0	384	80	0	0	0	0		1	1	0	320
100659	scripts/ai/CommonFoolish.lua	0	768	0	32	256	64	0	32	0	384	80	0	0	0	0		1	1	0	320
100660	scripts/ai/CommonFoolish.lua	0	768	0	32	256	64	0	32	0	384	80	0	0	0	0		1	1	0	320
100661	scripts/ai/CommonFoolish.lua	0	768	0	32	256	64	0	32	0	384	80	0	0	0	0		1	1	0	320
100662	scripts/ai/CommonFoolish.lua	0	768	0	32	256	64	0	32	0	384	80	0	0	0	0		1	1	0	320
100663	scripts/ai/CommonFoolish.lua	0	768	0	32	256	64	0	32	0	384	80	0	0	0	0		1	1	0	320
100664	scripts/ai/CommonFoolish.lua	0	768	0	32	256	64	0	32	0	384	80	0	0	0	0		1	1	0	320
100665	scripts/ai/CommonFoolish.lua	0	768	0	32	256	64	0	32	0	384	80	0	0	0	0		1	1	0	320
100666	scripts/ai/CommonFoolish.lua	0	768	0	32	256	64	0	32	0	384	80	0	0	0	0		1	1	0	320
100667	scripts/ai/CommonFoolish.lua	0	768	0	32	256	64	0	32	0	384	80	0	0	0	0		1	1	0	320
100668	scripts/ai/CommonFoolish.lua	0	768	0	32	256	64	0	32	0	384	80	0	0	0	0		1	1	0	320
100669	scripts/ai/CommonFoolish.lua	0	768	0	32	256	64	0	32	0	384	80	0	0	0	0		1	1	0	320
100670	scripts/ai/CommonFoolish.lua	0	768	0	32	256	64	0	32	0	384	80	0	0	0	0		1	1	0	320
100671	scripts/ai/CommonFoolish.lua	0	768	0	32	256	64	0	32	0	384	80	0	0	0	0		1	1	0	320
100672	scripts/ai/CommonFoolish.lua	0	768	0	32	256	64	0	32	0	384	80	0	0	0	0		1	1	0	320
100673	scripts/ai/CommonFoolish.lua	0	768	0	32	256	64	0	32	0	384	80	0	0	0	0		1	1	0	320
100674	scripts/ai/CommonFoolish.lua	0	768	0	32	256	64	0	32	0	384	80	0	0	0	0		1	1	0	320
100675	scripts/ai/CommonFoolish.lua	0	768	0	32	256	64	0	32	0	384	80	0	0	0	0		1	1	0	320
100676	scripts/ai/CommonFoolish.lua	0	768	0	32	256	64	0	32	0	384	80	0	0	0	0		1	1	0	320
100677	scripts/ai/CommonFoolish.lua	0	768	0	32	256	64	0	32	0	384	80	0	0	0	0		1	1	0	320
100678	scripts/ai/CommonFoolish.lua	0	768	0	32	256	64	0	32	0	384	80	0	0	0	0		1	1	0	320
100679	scripts/ai/CommonFoolish.lua	0	768	0	32	256	64	0	32	0	384	80	0	0	0	0		1	1	0	320
100680	scripts/ai/CommonFoolish.lua	0	768	0	32	256	64	0	32	0	384	80	0	0	0	0		1	1	0	320
100692	scripts\Map\达摩洞\ai\周边\七苦一乐\怨憎会苦\怨憎会boss.lua	0	768	768	32	256	64	0	32	0	384	80	0	0	0	0		1	1	0	320
100693	scripts\Map\达摩洞\ai\周边\七苦一乐\怨憎会苦\怨憎会boss.lua	0	768	768	32	256	64	0	32	0	384	80	0	0	0	0		1	1	0	320
100696	scripts\Map\达摩洞\ai\周边\七苦一乐\怨憎会苦\怨憎会boss.lua	0	768	768	32	256	64	0	32	0	384	80	0	0	0	0		1	1	0	320
100722	scripts/Map/副本通用AI/ai/通用无敌对话AI不转向.lua	0	768	768	32	256	64	0	32	0	384	80	0	0	0	0		1	1	0	320
100723	scripts/Map/副本通用AI/ai/通用无敌对话AI不转向.lua	0	768	768	32	256	64	0	32	0	384	80	0	0	0	0		1	1	0	320
100724	scripts/Map/副本通用AI/ai/通用无敌对话AI不转向.lua	0	768	768	32	256	64	0	32	0	384	80	0	0	0	0		1	1	0	320
100725	scripts/Map/副本通用AI/ai/通用无敌对话AI不转向.lua	0	768	768	32	256	64	0	32	0	384	80	0	0	0	0		1	1	0	320
100726	scripts/Map/副本通用AI/ai/通用无敌对话AI不转向.lua	0	768	768	32	256	64	0	32	0	384	80	0	0	0	0		1	1	0	320
100813	scripts/Map/达摩洞/ai/周边/逃脱关卡/逃脱关卡总控.lua	0	768	768	32	256	64	0	32	0	384	80	0	0	0	0		1	1	0	320
100838	scripts/Map/达摩洞/ai/周边/逃脱关卡/无间地狱_幻象.lua	0	768	768	32	256	64	0	32	0	384	80	0	0	0	0		1	1	0	320
100839	scripts/Map/达摩洞/ai/周边/逃脱关卡/无间地狱_幻象.lua	0	768	768	32	256	64	0	32	0	384	80	0	0	0	0		1	1	0	320
100840	scripts/Map/达摩洞/ai/周边/逃脱关卡/无间地狱_幻象.lua	0	768	768	32	256	64	0	32	0	384	80	0	0	0	0		1	1	0	320
100841	scripts/Map/达摩洞/ai/周边/逃脱关卡/无间地狱_幻象.lua	0	768	768	32	256	64	0	32	0	384	80	0	0	0	0		1	1	0	320
100842	scripts/Map/达摩洞/ai/周边/逃脱关卡/无间地狱_幻象.lua	0	768	768	32	256	64	0	32	0	384	80	0	0	0	0		1	1	0	320
100843	scripts/Map/达摩洞/ai/周边/逃脱关卡/无间地狱_幻象.lua	0	768	768	32	256	64	0	32	0	384	80	0	0	0	0		1	1	0	320
100844	scripts/Map/达摩洞/ai/周边/逃脱关卡/无间地狱_幻象.lua	0	768	768	32	256	64	0	32	0	384	80	0	0	0	0		1	1	0	320
100845	scripts/Map/达摩洞/ai/周边/逃脱关卡/无间地狱_幻象.lua	0	768	768	32	256	64	0	32	0	384	80	0	0	0	0		1	1	0	320
100846	scripts/Map/达摩洞/ai/周边/逃脱关卡/无间地狱_幻象.lua	0	768	768	32	256	64	0	32	0	384	80	0	0	0	0		1	1	0	320
100847	scripts/Map/达摩洞/ai/周边/逃脱关卡/无间地狱_幻象.lua	0	768	768	32	256	64	0	32	0	384	80	0	0	0	0		1	1	0	320
100848	scripts/Map/达摩洞/ai/周边/逃脱关卡/无间地狱_幻象.lua	0	768	768	32	256	64	0	32	0	384	80	0	0	0	0		1	1	0	320
100849	scripts/Map/达摩洞/ai/周边/逃脱关卡/无间地狱_幻象.lua	0	768	768	32	256	64	0	32	0	384	80	0	0	0	0		1	1	0	320
100850	scripts/Map/达摩洞/ai/周边/逃脱关卡/无间地狱_幻象.lua	0	768	768	32	256	64	0	32	0	384	80	0	0	0	0		1	1	0	320
100860	scripts/ai/CommonFoolish.lua	0	768	768	32	256	64	0	32	0	384	80	0	0	0	0		1	1	0	320
100962	scripts/Map/达摩洞/ai/1号_血斗士/1号_血斗士蜂虫_区域控制版本.lua	0	768	768	32	256	64	0	32	0	384	80	0	0	0	0		1	0	0	320
100964	scripts/Map/达摩洞/ai/1号_血斗士/1号_血斗士蜂虫_区域控制版本.lua	0	768	768	32	256	64	0	32	0	384	80	0	0	0	0		1	0	0	320
100979	scripts/Map/达摩洞/ai/1号_血斗士/1号_血斗士蜂虫_区域控制版本.lua	0	768	768	32	256	64	0	32	0	384	80	0	0	0	0		1	0	0	320
100980	scripts/Map/达摩洞/ai/1号_血斗士/1号_血斗士蜂虫_区域控制版本.lua	0	768	768	32	256	64	0	32	0	384	80	0	0	0	0		1	0	0	320
100983	scripts/Map/达摩洞/ai/1号_血斗士/1号_血斗士蜂虫_区域控制版本.lua	0	768	768	32	256	64	0	32	0	384	80	0	0	0	0		1	0	0	320
101000	scripts/Map/达摩洞/ai/周边/地狱道/冰池.lua	0	768	768	32	256	64	0	32	0	384	80	0	0	0	0		1	1	0	320
101001	scripts/Map/达摩洞/ai/周边/地狱道/火池.lua	0	768	768	32	256	64	0	32	0	384	80	0	0	0	0		1	1	0	320
101081	scripts/Map/达摩洞/ai/4号_猿飞/猿飞惩罚aoe.lua	0	768	768	32	256	64	0	32	0	384	80	0	0	0	0		1	0	0	320
101115	scripts/Map/达摩洞/ai/6号_岳琳/岳琳刷怪总控.lua	0	768	768	32	256	64	0	32	0	384	80	0	0	0	0		1	0	0	320
101116	scripts/Map/副本通用AI/ai/通用无敌对话AI不转向.lua	0	768	768	32	256	64	0	32	0	384	80	0	0	0	0		1	1	0	320
101135	scripts/Map/达摩洞/ai/1号_血斗士/血斗士初见剧情总控.lua	0	768	768	32	256	64	0	32	0	384	80	0	0	0	0		1	1	0	320
101136	scripts/Map/达摩洞/ai/1号_血斗士/1号_血斗士欢呼观众总控.lua	0	768	768	32	256	64	0	32	0	384	80	0	0	0	0		1	1	0	320
101140	scripts\Map\达摩洞\ai\2号_宓桃\机关一.lua	0	768	768	32	256	64	0	32	0	384	80	0	0	0	0		1	0	0	320
101141	scripts\Map\达摩洞\ai\2号_宓桃\机关二.lua	0	768	768	32	256	64	0	32	0	384	80	0	0	0	0		1	0	0	320
101142	scripts\Map\达摩洞\ai\2号_宓桃\机关三.lua	0	768	768	32	256	64	0	32	0	384	80	0	0	0	0		1	0	0	320
101143	scripts\Map\达摩洞\ai\2号_宓桃\机关四.lua	0	768	768	32	256	64	0	32	0	384	80	0	0	0	0		1	0	0	320
101256	scripts/ai/CommonFoolish.lua	0	768	768	32	256	64	0	32	0	384	80	0	0	0	0		1	1	0	320
101257	scripts/ai/CommonFoolish.lua	0	768	768	32	256	64	0	32	0	384	80	0	0	0	0		1	1	0	320
101258	scripts/ai/CommonFoolish.lua	0	768	768	32	256	64	0	32	0	384	80	0	0	0	0		1	1	0	320
101259	scripts/ai/CommonFoolish.lua	0	768	768	32	256	64	0	32	0	384	80	0	0	0	0		1	1	0	320
101264	scripts\Map\达摩洞\ai\2号_宓桃\木人.lua	0	768	768	32	256	64	0	32	0	384	80	0	0	0	0		1	0	0	320
101266	scripts/Map/达摩洞/ai/1号_血斗士/表演木桩.lua	0	768	768	32	256	64	0	32	0	384	80	0	0	0	0		1	0	0	320
101267	scripts/Map/达摩洞/ai/1号_血斗士/表演木桩.lua	0	768	768	32	256	64	0	32	0	384	80	0	0	0	0		1	0	0	320
101271	scripts\Map\达摩洞\ai\2号_宓桃\手掌.lua	0	768	768	32	256	64	0	32	0	384	80	0	0	0	0		1	0	0	320
101324	scripts\Map\达摩洞\ai\2号_宓桃\射线追踪.lua	0	768	768	32	256	64	0	32	0	384	80	0	0	0	0		1	0	0	320
101333	scripts/ai/StandardAI.lua	0	768	768	32	256	64	0	32	0	384	80	0	0	0	0		1	0	0	320
101428	scripts/Map/狼牙堡_辉天堑/ai/周边/通用对话AI.lua	0	768	768	32	256	64	0	32	0	384	80	0	0	0	0		1	1	0	320
101508	scripts/ai/CommonFoolish.lua	0	768	768	32	256	64	0	32	0	384	80	0	0	0	0		1	0	0	320
101536	scripts/ai/StandardAI.lua	0	768	768	32	256	64	0	32	0	384	80	0	0	0	0		1	0	0	320
101537	scripts/ai/StandardAI.lua	0	768	768	32	256	64	0	32	0	384	80	0	0	0	0		1	0	0	320
101538	scripts/ai/StandardAI.lua	0	768	768	32	256	64	0	32	0	384	80	0	0	0	0		1	0	0	320
101542	scripts/ai/StandardAI.lua	0	768	768	32	256	64	0	32	0	384	80	0	0	0	0		1	0	0	320
101543	scripts/ai/StandardAI.lua	0	768	768	32	256	64	0	32	0	384	80	0	0	0	0		1	0	0	320
101546	scripts/Map/达摩洞/ai/4号_猿飞/猿飞工具人.lua	0	768	768	32	256	64	0	32	0	384	80	0	0	0	0		1	0	0	320
102017	scripts/Map/达摩洞/ai/4号_猿飞/气劲7尺定时器.lua	0	768	768	32	256	64	0	32	0	384	80	0	0	0	0		1	0	0	320
102096	scripts/Map/副本通用AI/ai/通用无敌对话AI不转向.lua	0	768	768	32	256	64	0	32	0	384	80	0	0	0	0		1	1	0	320
102099	scripts\Map\达摩洞\ai\周边\七苦一乐\通用对话AI.lua	0	768	768	32	256	64	0	32	0	384	80	0	0	0	0		1	0	0	320
102230	scripts/Map/达摩洞/ai/2号_宓桃/宓桃关卡总控.lua	0	768	768	32	256	64	0	32	0	384	80	0	0	0	0		1	1	0	320
102275	scripts/Map/达摩洞/ai/4号_猿飞/猿飞表现.lua	0	768	768	32	256	64	0	32	0	384	80	0	0	0	0		1	1	0	320
102276	scripts/Map/达摩洞/ai/4号_猿飞/猿飞表现.lua	0	768	768	32	256	64	0	32	0	384	80	0	0	0	0		1	1	0	320
102277	scripts/Map/达摩洞/ai/4号_猿飞/猿飞表现.lua	0	768	768	32	256	64	0	32	0	384	80	0	0	0	0		1	1	0	320
102278	scripts/Map/达摩洞/ai/4号_猿飞/猿飞表现.lua	0	768	768	32	256	64	0	32	0	384	80	0	0	0	0		1	1	0	320
102279	scripts/Map/达摩洞/ai/4号_猿飞/猿飞表现.lua	0	768	768	32	256	64	0	32	0	384	80	0	0	0	0		1	1	0	320
102280	scripts/Map/达摩洞/ai/4号_猿飞/猿飞表现.lua	0	768	768	32	256	64	0	32	0	384	80	0	0	0	0		1	1	0	320
102281	scripts/Map/达摩洞/ai/4号_猿飞/猿飞表现.lua	0	768	768	32	256	64	0	32	0	384	80	0	0	0	0		1	1	0	320
102282	scripts/Map/达摩洞/ai/4号_猿飞/猿飞表现.lua	0	768	768	32	256	64	0	32	0	384	80	0	0	0	0		1	1	0	320
102290	scripts\Map\达摩洞\ai\周边\七苦一乐\通用对话AI.lua	0	768	768	32	256	64	0	32	0	384	80	0	0	0	0		1	0	0	320
102291	scripts\Map\达摩洞\ai\周边\七苦一乐\断头台.lua	0	768	768	32	256	64	0	32	0	384	80	0	0	0	0		1	0	0	320
102307	scripts/Map/达摩洞/ai/6号_岳琳/寒土.lua	0	768	768	32	256	64	0	32	0	384	80	0	0	0	0		1	1	0	320
102319	scripts/Map/副本通用AI/ai/通用无敌对话AI不转向.lua	0	768	768	32	256	64	0	32	0	384	80	0	0	0	0		1	1	0	320
102321	scripts/ai/CommonFoolish.lua	0	768	768	32	256	64	0	32	0	384	80	0	0	0	0		1	1	0	320
102322	scripts/Map/达摩洞/ai/周边/离界/引力.lua	0	768	768	32	256	64	0	32	0	384	80	0	0	0	0		1	1	0	320
102323	scripts\Map\达摩洞\ai\周边\离界\机关护卫.lua	0	768	768	32	256	64	0	32	0	384	80	0	0	0	0		1	1	0	320
102349	scripts/Map/副本通用AI/ai/通用无敌对话AI不转向.lua	0	768	768	32	256	64	0	32	0	384	80	0	0	0	0		1	1	0	320
102353	scripts/Map/达摩洞/ai/周边/畜生道/天秤判定.lua	0	768	768	32	256	64	0	32	0	384	80	0	0	0	0		1	0	0	320
102371	scripts/Map/达摩洞/ai/周边/畜生道/畜生道关卡总控.lua	0	768	768	32	256	64	0	32	0	384	80	0	0	0	0		1	1	0	320
102402	scripts/Map/达摩洞/ai/周边/夜叉门/矩形风.lua	0	768	768	32	256	64	0	32	0	384	80	0	0	0	0		1	1	0	320
102403	scripts/Map/达摩洞/ai/周边/夜叉门/向上风.lua	0	768	768	32	256	64	0	32	0	384	80	0	0	0	0		1	1	0	320
102404	scripts/ai/CommonFoolish.lua	0	768	768	32	256	64	0	32	0	384	80	0	0	0	0		1	1	0	320
102405	scripts/ai/CommonFoolish.lua	0	768	768	32	256	64	0	32	0	384	80	0	0	0	0		1	1	0	320
102406	scripts/ai/CommonFoolish.lua	0	768	768	32	256	64	0	32	0	384	80	0	0	0	0		1	1	0	320
102407	scripts/ai/CommonFoolish.lua	0	768	768	32	256	64	0	32	0	384	80	0	0	0	0		1	1	0	320
102408	scripts/ai/CommonFoolish.lua	0	768	768	32	256	64	0	32	0	384	80	0	0	0	0		1	1	0	320
102409	scripts/ai/CommonFoolish.lua	0	768	768	32	256	64	0	32	0	384	80	0	0	0	0		1	1	0	320
102410	scripts/ai/CommonFoolish.lua	0	768	768	32	256	64	0	32	0	384	80	0	0	0	0		1	1	0	320
102412	scripts/Map/达摩洞/ai/周边/畜生道/被命中判定.lua	0	768	768	32	256	64	0	32	0	384	80	0	0	0	0		1	1	0	320
102413	scripts/Map/达摩洞/ai/周边/畜生道/火球.lua	0	768	768	32	256	64	0	32	0	384	80	0	0	0	0		1	0	0	320
102415	scripts/Map/达摩洞/ai/周边/畜生道/表现总控.lua	0	768	768	32	256	64	0	32	0	384	80	0	0	0	0		1	1	0	320
102416	scripts/Map/达摩洞/ai/周边/畜生道/火球发球总控.lua	0	768	768	32	256	64	0	32	0	384	80	0	0	0	0		1	1	0	320
102417	scripts/Map/达摩洞/ai/周边/畜生道/火球特殊.lua	0	768	768	32	256	64	0	32	0	384	80	0	0	0	0		1	0	0	320
102420	scripts/ai/StandardAI.lua	0	768	768	32	256	64	0	32	0	384	80	0	0	0	0		1	0	0	320
102421	scripts/ai/CommonFoolish.lua	0	768	768	32	256	64	0	32	0	384	80	0	0	0	0		1	1	0	320
102422	scripts\Map\达摩洞\ai\周边\畜生道\落水高度总控.lua	0	768	768	32	256	64	0	32	0	384	80	0	0	0	0		1	1	0	320
102424	scripts/ai/CommonFoolish.lua	0	768	768	32	256	64	0	32	0	384	80	0	0	0	0		1	1	0	320
102425	scripts/ai/CommonFoolish.lua	0	768	768	32	256	64	0	32	0	384	80	0	0	0	0		1	1	0	320
102426	scripts/Map/达摩洞/ai/周边/夜叉门/巡逻.lua	0	768	768	32	256	64	0	32	0	384	80	0	0	0	0		1	1	0	320
102427	scripts/Map/达摩洞/ai/周边/夜叉门/巡逻.lua	0	768	768	32	256	64	0	32	0	384	80	0	0	0	0		1	1	0	320
102428	scripts/Map/达摩洞/ai/周边/夜叉门/主轴风扇.lua	0	768	768	32	256	64	0	32	0	384	80	0	0	0	0		1	1	0	320
102429	scripts/ai/CommonFoolish.lua	0	768	768	32	256	64	0	32	0	384	80	0	0	0	0		1	1	0	320
102430	scripts/Map/达摩洞/ai/周边/罗刹门/罗刹门总控.lua	0	768	768	32	256	64	0	32	0	384	80	0	0	0	0		1	1	0	320
102448	scripts/Map/达摩洞/ai/周边/畜生道/进度总控.lua	0	768	768	32	256	64	0	32	0	384	80	0	0	0	0		1	1	0	320
102459	scripts/Map/达摩洞/ai/周边/畜生道/道丘.lua	0	768	768	32	256	64	0	32	0	384	80	0	0	0	0		1	1	0	320
102474	scripts/Map/达摩洞/ai/周边/夜叉门/岩浆.lua	0	768	768	32	256	64	0	32	0	384	80	0	0	0	0		1	1	0	320
102475	scripts/Map/达摩洞/ai/周边/夜叉门/岩浆.lua	0	768	768	32	256	64	0	32	0	384	80	0	0	0	0		1	1	0	320
102476	scripts/Map/达摩洞/ai/周边/夜叉门/岩浆.lua	0	768	768	32	256	64	0	32	0	384	80	0	0	0	0		1	1	0	320
102478	scripts/Map/副本通用AI/ai/通用无敌对话AI不转向.lua	0	768	768	32	256	64	0	32	0	384	80	0	0	0	0		1	1	0	320
102479	scripts/Map/副本通用AI/ai/通用无敌对话AI不转向.lua	0	768	768	32	256	64	0	32	0	384	80	0	0	0	0		1	1	0	320
102480	scripts/Map/副本通用AI/ai/通用无敌对话AI不转向.lua	0	768	768	32	256	64	0	32	0	384	80	0	0	0	0		1	1	0	320
102481	scripts/Map/副本通用AI/ai/通用无敌对话AI不转向.lua	0	768	768	32	256	64	0	32	0	384	80	0	0	0	0		1	1	0	320
102482	scripts/Map/副本通用AI/ai/通用无敌对话AI不转向.lua	0	768	768	32	256	64	0	32	0	384	80	0	0	0	0		1	1	0	320
102483	scripts/Map/副本通用AI/ai/通用无敌对话AI不转向.lua	0	768	768	32	256	64	0	32	0	384	80	0	0	0	0		1	1	0	320
102484	scripts/Map/达摩洞/ai/周边/天道/表现总控.lua	0	768	768	32	256	64	0	32	0	384	80	0	0	0	0		1	1	0	320
102491	scripts/Map/达摩洞/ai/周边/天道/初始化总控.lua	0	768	768	32	256	64	0	32	0	384	80	0	0	0	0		1	1	0	320
102550	scripts/ai/StandardAI.lua	0	768	768	32	256	64	0	32	0	384	80	0	0	0	0		1	0	0	320
102560	scripts/Map/达摩洞/ai/周边/离界/飞泉.lua	0	768	768	32	256	64	0	32	0	384	80	0	0	0	0		1	1	0	320
102594	scripts/ai/DungeonStandardAI.lua	1	768	768	32	256	64	0	32	0	384	80	0	0	0	0		1	1	0	320
102602	scripts/Map/副本通用AI/ai/通用无敌对话AI.lua	0	768	768	32	256	64	0	32	0	384	80	0	0	0	0		1	1	0	320
102603	scripts/Map/副本通用AI/ai/通用无敌对话AI.lua	0	768	768	32	256	64	0	32	0	384	80	0	0	0	0		1	1	0	320
102604	scripts/Map/副本通用AI/ai/通用无敌对话AI.lua	0	768	768	32	256	64	0	32	0	384	80	0	0	0	0		1	1	0	320
102605	scripts/Map/副本通用AI/ai/通用无敌对话AI.lua	0	768	768	32	256	64	0	32	0	384	80	0	0	0	0		1	1	0	320
102606	scripts/Map/副本通用AI/ai/通用无敌对话AI.lua	0	768	768	32	256	64	0	32	0	384	80	0	0	0	0		1	1	0	320
102607	scripts/Map/达摩洞/ai/周边/断案追凶/老僧.lua	0	768	768	32	256	64	0	32	0	384	80	0	0	0	0		1	1	0	320
102608	scripts/Map/副本通用AI/ai/通用无敌对话AI.lua	0	768	768	32	256	64	0	32	0	384	80	0	0	0	0		1	1	0	320
102609	scripts/Map/副本通用AI/ai/通用无敌对话AI.lua	0	768	768	32	256	64	0	32	0	384	80	0	0	0	0		1	1	0	320
102610	scripts/Map/副本通用AI/ai/通用无敌对话AI.lua	0	768	768	32	256	64	0	32	0	384	80	0	0	0	0		1	1	0	320
102611	scripts/Map/副本通用AI/ai/通用无敌对话AI.lua	0	768	768	32	256	64	0	32	0	384	80	0	0	0	0		1	1	0	320
102612	scripts/Map/副本通用AI/ai/通用无敌对话AI.lua	0	768	768	32	256	64	0	32	0	384	80	0	0	0	0		1	1	0	320
102614	scripts/Map/副本通用AI/ai/通用无敌对话AI.lua	0	768	768	32	256	64	0	32	0	384	80	0	0	0	0		1	1	0	320
102615	scripts/Map/副本通用AI/ai/通用无敌对话AI.lua	0	768	768	32	256	64	0	32	0	384	80	0	0	0	0		1	1	0	320
102616	scripts/Map/副本通用AI/ai/通用无敌对话AI.lua	0	768	768	32	256	64	0	32	0	384	80	0	0	0	0		1	1	0	320
102617	scripts/Map/副本通用AI/ai/通用无敌对话AI.lua	0	768	768	32	256	64	0	32	0	384	80	0	0	0	0		1	1	0	320
102618	scripts/Map/副本通用AI/ai/通用无敌对话AI.lua	0	768	768	32	256	64	0	32	0	384	80	0	0	0	0		1	1	0	320
102620	scripts/Map/副本通用AI/ai/通用无敌对话AI.lua	0	768	768	32	256	64	0	32	0	384	80	0	0	0	0		1	1	0	320
102621	scripts/Map/副本通用AI/ai/通用无敌对话AI.lua	0	768	768	32	256	64	0	32	0	384	80	0	0	0	0		1	1	0	320
102622	scripts/Map/副本通用AI/ai/通用无敌对话AI.lua	0	768	768	32	256	64	0	32	0	384	80	0	0	0	0		1	1	0	320
102623	scripts/Map/副本通用AI/ai/通用无敌对话AI.lua	0	768	768	32	256	64	0	32	0	384	80	0	0	0	0		1	1	0	320
102624	scripts/Map/副本通用AI/ai/通用无敌对话AI.lua	0	768	768	32	256	64	0	32	0	384	80	0	0	0	0		1	1	0	320
102629	scripts/ai/StandardAI.lua	0	768	768	32	256	64	0	32	0	384	80	0	0	0	0		1	0	0	320
102630	scripts\Map\达摩洞\ai\2号_宓桃\灭界蜂群.lua	0	768	768	32	256	64	0	32	0	384	80	0	0	0	0		1	1	0	320
102680	scripts\Map\达摩洞\ai\2号_宓桃\哑头陀.lua	0	768	768	32	256	64	0	32	0	384	80	0	0	0	0		1	0	0	320
102681	scripts\Map\达摩洞\ai\周边\七苦一乐\通用对话AI.lua	0	768	768	32	256	64	0	32	0	384	80	0	0	0	0		1	0	0	320
102682	scripts\Map\达摩洞\ai\周边\畜生道\落石.lua	0	768	768	32	256	64	0	32	0	384	80	0	0	0	0		1	1	0	320
102683	scripts\Map\达摩洞\ai\周边\畜生道\滚石.lua	0	768	768	32	256	64	0	32	0	384	80	0	0	0	0		1	1	0	320
102690	scripts/Map/副本通用AI/ai/通用无敌对话AI不转向.lua	0	768	768	32	256	64	0	32	0	384	80	0	0	0	0		1	1	0	320
102723	scripts/Map/达摩洞/ai/周边/地狱道/罪业诡雷.lua	0	768	768	32	256	64	0	32	0	384	80	0	0	0	0		1	1	0	320
102733	scripts/ai/DungeonStandardAI.lua	1	768	768	32	256	64	0	32	0	384	80	0	0	0	0		1	1	0	320
102734	scripts/Map/副本通用AI/ai/通用无敌对话AI不转向.lua	0	768	768	32	256	64	0	32	0	384	80	0	0	0	0		1	0	0	320
102735	scripts\Map\达摩洞\ai\周边\逃脱关卡\饿鬼道救人总控.lua	0	768	768	32	256	64	0	32	0	384	80	0	0	0	0		1	0	0	320
102736	scripts/ai/DungeonStandardAI.lua	1	768	768	32	256	64	0	32	0	384	80	0	0	0	0		1	1	0	320
102737	scripts/ai/DungeonStandardAI.lua	1	768	768	32	256	64	0	32	0	384	80	0	0	0	0		1	1	0	320
102738	scripts\Map\达摩洞\ai\周边\逃脱关卡\地狱道救人总控.lua	0	768	768	32	256	64	0	32	0	384	80	0	0	0	0		1	0	0	320
102739	scripts/ai/StandardAI_CanSwim.lua	1	768	768	32	256	64	0	32	0	384	80	0	0	0	0		1	1	0	320
102740	scripts/ai/StandardAI_CanSwim.lua	1	768	768	32	256	64	0	32	0	384	80	0	0	0	0		1	1	0	320
102741	scripts/ai/DungeonStandardAI.lua	1	768	768	32	256	64	0	32	0	384	80	0	0	0	0		1	1	0	320
102742	scripts/ai/DungeonStandardAI.lua	1	768	768	32	256	64	0	32	0	384	80	0	0	0	0		1	1	0	320
102743	scripts\Map\达摩洞\ai\周边\逃脱关卡\无间地狱救人总控.lua	0	768	768	32	256	64	0	32	0	384	80	0	0	0	0		1	0	0	320
102796	scripts/Map/达摩洞/ai/周边/逃脱关卡/清业(开启).lua	0	768	768	32	256	64	0	32	0	384	80	0	0	0	0		1	0	0	320
102824	scripts/Map/副本通用AI/ai/通用无敌对话AI不转向.lua	0	768	768	32	256	64	0	32	0	384	80	0	0	0	0		1	1	0	320
102883	scripts/Map/达摩洞/ai/周边/饿鬼道/成就定时器.lua	0	768	768	32	256	64	0	32	0	384	80	0	0	0	0		1	0	0	320
102896	scripts/Map/达摩洞/ai/6号_岳琳/真聂无极.lua	0	768	768	32	256	64	0	32	0	384	80	0	0	0	0		1	1	0	320
102950	scripts/Map/达摩洞/ai/周边/逃脱关卡/救人用传送NPC.lua	0	768	768	32	256	64	0	32	0	384	80	0	0	0	0		1	0	0	320
102966	scripts/Map/达摩洞/ai/周边/地狱道/地狱僧.lua	0	768	768	32	256	64	0	32	0	384	80	0	0	0	0		1	1	0	320
102967	scripts/Map/副本通用AI/ai/通用无敌对话AI不转向.lua	0	768	768	32	256	64	0	32	0	384	80	0	0	0	0		1	1	0	320
102992	scripts/Map/达摩洞/ai/周边/地狱道/火球冰锥辅助.lua	1	19200	19200	4	19200	64	0	32	0	384	80	0	0	0	0		1	1	1	320
103025	scripts/Map/副本通用AI/ai/通用无敌对话AI不转向.lua	0	768	768	32	256	64	0	32	0	384	80	0	0	0	0		1	1	0	320
103037	scripts/Map/达摩洞/ai/周边/区域传送/火石_饿鬼道.lua	0	768	768	32	256	64	0	32	0	384	80	0	0	0	0		1	1	0	320
103038	scripts/Map/达摩洞/ai/周边/区域传送/火石_外道.lua	0	768	768	32	256	64	0	32	0	384	80	0	0	0	0		1	1	0	320
103046	scripts/Map/副本通用AI/ai/通用无敌对话AI不转向.lua	0	768	768	32	256	64	0	32	0	384	80	0	0	0	0		1	1	0	320
103074	scripts/ai/StandardAI.lua	0	768	768	32	256	64	0	32	0	384	80	0	0	0	0		1	0	0	320
103075	scripts/ai/StandardAI.lua	0	768	768	32	256	64	0	32	0	384	80	0	0	0	0		1	0	0	320
103077	scripts/ai/StandardAI.lua	0	768	768	32	256	64	0	32	0	384	80	0	0	0	0		1	0	0	320
103083	scripts/Map/达摩洞/ai/5号_哑头陀/引雷针.lua	0	768	768	32	256	64	0	32	0	384	80	0	0	0	0		1	1	0	320
103092	scripts/Map/达摩洞/ai/周边/饿鬼道/柳公子.lua	0	768	768	32	256	64	0	32	0	384	80	0	0	0	0		1	1	0	320
103093	scripts/Map/达摩洞/ai/周边/饿鬼道/猿飞剧情总控.lua	0	768	768	32	256	64	0	32	0	384	80	0	0	0	0		1	1	0	320
103094	scripts/Map/达摩洞/ai/周边/饿鬼道/柳公子表现总控.lua	0	768	768	32	256	64	0	32	0	384	80	0	0	0	0		1	1	0	320
103116	scripts/Map/达摩洞/ai/周边/饿鬼道/踏板控制.lua	0	768	768	32	256	64	0	32	0	384	80	0	0	0	0		1	1	0	320
103117	scripts/Map/达摩洞/ai/周边/饿鬼道/大锅.lua	0	768	768	32	256	64	0	32	0	384	80	0	0	0	0		1	1	0	320
103122	scripts/ai/DungeonStandardAI.lua	1	768	768	32	256	64	0	32	0	384	80	0	0	0	0		1	1	0	320
103123	scripts/ai/DungeonStandardAI.lua	1	768	768	32	256	64	0	32	0	384	80	0	0	0	0		1	1	0	320
103124	scripts/Map/达摩洞/ai/周边/断界/小剧场总控.lua	0	768	768	32	256	64	0	32	0	384	80	0	0	0	0		1	1	0	320
103128	scripts/Map/达摩洞/ai/周边/饿鬼道/猿飞剧情开启.lua	0	768	768	32	256	64	0	32	0	384	80	0	0	0	0		1	1	0	320
103132	scripts/Map/达摩洞/ai/周边/区域传送/提示特效.lua	0	768	768	32	256	64	0	32	0	384	80	0	0	0	0		1	1	0	320
103133	scripts/Map/达摩洞/ai/周边/区域传送/提示特效.lua	0	768	768	32	256	64	0	32	0	384	80	0	0	0	0		1	1	0	320
103151	scripts/Map/副本通用AI/ai/通用无敌对话AI不转向.lua	0	768	768	32	256	64	0	32	0	384	80	0	0	0	0		1	1	0	320
103154	scripts/ai/CommonFoolish.lua	0	768	768	32	256	64	0	32	0	384	80	0	0	0	0		1	1	0	320
103194	scripts/Map/达摩洞/ai/周边/夜叉门/罪业水雷.lua	0	768	768	32	256	64	0	32	0	384	80	0	0	0	0		1	1	0	320
103198	scripts\Map\达摩洞\ai\周边\神秘留图.lua	0	768	768	32	256	64	0	32	0	384	80	0	0	0	0		1	0	0	320
103200	scripts\Map\达摩洞\ai\周边\私有虚心.lua	0	768	768	32	256	64	0	32	0	384	80	0	0	0	0		0	0	0	320
103201	scripts\Map\达摩洞\ai\周边\任务光圈.lua	0	768	768	32	256	64	0	32	0	384	80	0	0	0	0		1	0	0	320
