AIType	ScriptFile	IsPositive	AlertRange	SearchPlayerDistance	AlertOverTime	AttackRange	EscapeTime	EscapeRange	EscapeInterval	WanderRange	WanderDistance	WanderInterval	PatrolPathID	EscapeLife	PatrolOrderIndex	ReviveTeammate	CustomArguments	IsAutoTurn	NpcSceneType	IsSnarlInFight	DialogIdleTime
18748	scripts/Map/世界通用/ai/标准无敌免屠杀.lua	0	768	768	32	256	64	0	32	0	384	80	0	0	0	0		1	0	0	320
18749	scripts/Map/世界通用/ai/标准无敌免屠杀.lua	0	768	768	32	256	64	0	32	0	384	80	0	0	0	0		1	0	0	320
18752	scripts/ai/StandardAI.lua	0	768	768	32	256	64	0	32	0	384	80	0	0	0	0		1	0	0	320
18767	scripts\Map\帮会领地\ai\特殊npc\偷矿的小毛贼.lua	0	768	768	32	256	64	0	32	0	384	80	0	0	0	0		1	0	0	320
18770	scripts\Map\帮会领地\ai\特殊npc\偷矿的小毛贼.lua	0	768	768	32	256	64	0	32	0	384	80	0	0	0	0		1	0	0	320
18771	scripts\Map\帮会领地\ai\特殊npc\偷药的小兔子.lua	0	768	768	32	256	64	0	32	0	384	80	0	0	0	0		1	0	0	320
18772	scripts/ai/StandardAI.lua	0	768	768	32	256	64	0	32	0	384	80	0	0	0	0		1	0	0	320
18774	scripts\Map\帮会领地\ai\特殊npc\偷药的小兔子.lua	0	768	768	32	256	64	0	32	0	384	80	0	0	0	0		1	0	0	320
18775	scripts\Map\帮会领地\ai\特殊npc\偷矿的小毛贼.lua	0	768	768	32	256	64	0	32	0	384	80	0	0	0	0		1	0	0	320
18776	scripts/ai/StandardAI.lua	0	768	768	32	256	64	0	32	0	384	80	0	0	0	0		1	0	0	320
18804	scripts/ai/StandardAI.lua	0	768	768	32	256	64	0	32	0	384	80	0	0	0	0		1	0	0	320
18805	scripts/Map/世界通用/ai/标准无敌免屠杀.lua	0	768	768	32	256	64	0	32	0	384	80	0	0	0	0		0	0	0	320
18806	scripts/Map/世界通用/ai/标准无敌免屠杀.lua	0	768	768	32	256	64	0	32	0	384	80	0	0	0	0		0	0	0	320
18807	scripts/Map/世界通用/ai/标准无敌免屠杀.lua	0	768	768	32	256	64	0	32	0	384	80	0	0	0	0		0	0	0	320
18808	scripts/Map/世界通用/ai/标准无敌免屠杀.lua	0	768	768	32	256	64	0	32	0	384	80	0	0	0	0		0	0	0	320
18809	scripts/Map/世界通用/ai/标准无敌免屠杀.lua	0	768	768	32	256	64	0	32	0	384	80	0	0	0	0		0	0	0	320
18810	scripts/Map/世界通用/ai/标准无敌免屠杀.lua	0	768	768	32	256	64	0	32	0	384	80	0	0	0	0		0	0	0	320
18811	scripts/Map/世界通用/ai/标准无敌免屠杀.lua	0	768	768	32	256	64	0	32	0	384	80	0	0	0	0		0	0	0	320
18812	scripts/Map/世界通用/ai/标准无敌免屠杀.lua	0	768	768	32	256	64	0	32	0	384	80	0	0	0	0		0	0	0	320
18813	scripts/Map/世界通用/ai/标准无敌免屠杀.lua	0	768	768	32	256	64	0	32	0	384	80	0	0	0	0		0	0	0	320
18814	scripts/Map/世界通用/ai/标准无敌免屠杀.lua	0	768	768	32	256	64	0	32	0	384	80	0	0	0	0		0	0	0	320
18815	scripts/Map/世界通用/ai/标准无敌免屠杀.lua	0	768	768	32	256	64	0	32	0	384	80	0	0	0	0		0	0	0	320
18816	scripts/Map/世界通用/ai/标准无敌免屠杀.lua	0	768	768	32	256	64	0	32	0	384	80	0	0	0	0		0	0	0	320
18817	scripts/Map/世界通用/ai/标准无敌免屠杀.lua	0	768	768	32	256	64	0	32	0	384	80	0	0	0	0		0	0	0	320
18818	scripts/Map/世界通用/ai/标准无敌免屠杀.lua	0	768	768	32	256	64	0	32	0	384	80	0	0	0	0		0	0	0	320
18819	scripts/Map/世界通用/ai/标准无敌免屠杀.lua	0	768	768	32	256	64	0	32	0	384	80	0	0	0	0		0	0	0	320
18820	scripts/Map/世界通用/ai/标准无敌免屠杀.lua	0	768	768	32	256	64	0	32	0	384	80	0	0	0	0		0	0	0	320
18821	scripts/Map/世界通用/ai/标准无敌免屠杀.lua	0	768	768	32	256	64	0	32	0	384	80	0	0	0	0		0	0	0	320
18822	scripts/Map/世界通用/ai/标准无敌免屠杀.lua	0	768	768	32	256	64	0	32	0	384	80	0	0	0	0		0	0	0	320
18823	scripts/Map/世界通用/ai/标准无敌免屠杀.lua	0	768	768	32	256	64	0	32	0	384	80	0	0	0	0		0	0	0	320
18824	scripts/Map/世界通用/ai/标准无敌免屠杀.lua	0	768	768	32	256	64	0	32	0	384	80	0	0	0	0		0	0	0	320
18828	scripts/Map/世界通用/ai/标准无敌免屠杀.lua	0	768	768	32	256	64	0	32	0	384	80	0	0	0	0		0	0	0	320
18829	scripts/Map/世界通用/ai/标准无敌免屠杀.lua	0	768	768	32	256	64	0	32	0	384	80	0	0	0	0		0	0	0	320
18830	scripts/Map/世界通用/ai/标准无敌免屠杀.lua	0	768	768	32	256	64	0	32	0	384	80	0	0	0	0		0	0	0	320
18831	scripts/Map/世界通用/ai/标准无敌免屠杀.lua	0	768	768	32	256	64	0	32	0	384	80	0	0	0	0		0	0	0	320
18832	scripts/Map/世界通用/ai/标准无敌免屠杀.lua	0	768	768	32	256	64	0	32	0	384	80	0	0	0	0		0	0	0	320
18833	scripts/Map/世界通用/ai/标准无敌免屠杀.lua	0	768	768	32	256	64	0	32	0	384	80	0	0	0	0		0	0	0	320
18834	scripts/Map/世界通用/ai/标准无敌免屠杀.lua	0	768	768	32	256	64	0	32	0	384	80	0	0	0	0		0	0	0	320
18835	scripts/Map/世界通用/ai/标准无敌免屠杀.lua	0	768	768	32	256	64	0	32	0	384	80	0	0	0	0		0	0	0	320
18836	scripts/Map/世界通用/ai/标准无敌免屠杀.lua	0	768	768	32	256	64	0	32	0	384	80	0	0	0	0		0	0	0	320
18837	scripts/Map/世界通用/ai/标准无敌免屠杀.lua	0	768	768	32	256	64	0	32	0	384	80	0	0	0	0		0	0	0	320
18838	scripts/Map/世界通用/ai/标准无敌免屠杀.lua	0	768	768	32	256	64	0	32	0	384	80	0	0	0	0		0	0	0	320
18839	scripts/Map/世界通用/ai/标准无敌免屠杀.lua	0	768	768	32	256	64	0	32	0	384	80	0	0	0	0		0	0	0	320
18840	scripts/Map/世界通用/ai/标准无敌免屠杀.lua	0	768	768	32	256	64	0	32	0	384	80	0	0	0	0		0	0	0	320
18841	scripts/Map/世界通用/ai/标准无敌免屠杀.lua	0	768	768	32	256	64	0	32	0	384	80	0	0	0	0		0	0	0	320
18842	scripts/Map/世界通用/ai/标准无敌免屠杀.lua	0	768	768	32	256	64	0	32	0	384	80	0	0	0	0		0	0	0	320
18843	scripts/Map/世界通用/ai/标准无敌免屠杀.lua	0	768	768	32	256	64	0	32	0	384	80	0	0	0	0		0	0	0	320
18844	scripts/Map/世界通用/ai/标准无敌免屠杀.lua	0	768	768	32	256	64	0	32	0	384	80	0	0	0	0		0	0	0	320
18845	scripts/Map/世界通用/ai/标准无敌免屠杀.lua	0	768	768	32	256	64	0	32	0	384	80	0	0	0	0		0	0	0	320
18846	scripts/Map/世界通用/ai/标准无敌免屠杀.lua	0	768	768	32	256	64	0	32	0	384	80	0	0	0	0		0	0	0	320
18847	scripts/Map/世界通用/ai/标准无敌免屠杀.lua	0	768	768	32	256	64	0	32	0	384	80	0	0	0	0		0	0	0	320
18848	scripts/Map/世界通用/ai/标准无敌免屠杀.lua	0	768	768	32	256	64	0	32	0	384	80	0	0	0	0		0	0	0	320
18849	scripts/Map/世界通用/ai/标准无敌免屠杀.lua	0	768	768	32	256	64	0	32	0	384	80	0	0	0	0		0	0	0	320
18850	scripts/Map/世界通用/ai/标准无敌免屠杀.lua	0	768	768	32	256	64	0	32	0	384	80	0	0	0	0		0	0	0	320
18851	scripts/Map/世界通用/ai/标准无敌免屠杀.lua	0	768	768	32	256	64	0	32	0	384	80	0	0	0	0		0	0	0	320
18852	scripts/Map/世界通用/ai/标准无敌免屠杀.lua	0	768	768	32	256	64	0	32	0	384	80	0	0	0	0		0	0	0	320
18853	scripts/Map/世界通用/ai/标准无敌免屠杀.lua	0	768	768	32	256	64	0	32	0	384	80	0	0	0	0		0	0	0	320
18854	scripts/Map/世界通用/ai/标准无敌免屠杀.lua	0	768	768	32	256	64	0	32	0	384	80	0	0	0	0		0	0	0	320
18855	scripts/Map/世界通用/ai/标准无敌免屠杀.lua	0	768	768	32	256	64	0	32	0	384	80	0	0	0	0		0	0	0	320
18856	scripts/Map/世界通用/ai/标准无敌免屠杀.lua	0	768	768	32	256	64	0	32	0	384	80	0	0	0	0		0	0	0	320
18857	scripts/Map/世界通用/ai/标准无敌免屠杀.lua	0	768	768	32	256	64	0	32	0	384	80	0	0	0	0		0	0	0	320
18858	scripts/Map/世界通用/ai/标准无敌免屠杀.lua	0	768	768	32	256	64	0	32	0	384	80	0	0	0	0		0	0	0	320
18859	scripts/Map/世界通用/ai/标准无敌免屠杀.lua	0	768	768	32	256	64	0	32	0	384	80	0	0	0	0		0	0	0	320
18860	scripts/Map/世界通用/ai/标准无敌免屠杀.lua	0	768	768	32	256	64	0	32	0	384	80	0	0	0	0		0	0	0	320
18861	scripts/Map/世界通用/ai/标准无敌免屠杀.lua	0	768	768	32	256	64	0	32	0	384	80	0	0	0	0		0	0	0	320
18862	scripts/Map/世界通用/ai/标准无敌免屠杀.lua	0	768	768	32	256	64	0	32	0	384	80	0	0	0	0		0	0	0	320
18863	scripts/Map/世界通用/ai/标准无敌免屠杀.lua	0	768	768	32	256	64	0	32	0	384	80	0	0	0	0		0	0	0	320
18864	scripts/Map/世界通用/ai/标准无敌免屠杀.lua	0	768	768	32	256	64	0	32	0	384	80	0	0	0	0		0	0	0	320
18865	scripts/Map/世界通用/ai/标准无敌免屠杀.lua	0	768	768	32	256	64	0	32	0	384	80	0	0	0	0		0	0	0	320
18866	scripts/Map/世界通用/ai/标准无敌免屠杀.lua	0	768	768	32	256	64	0	32	0	384	80	0	0	0	0		0	0	0	320
18867	scripts/Map/世界通用/ai/标准无敌免屠杀.lua	0	768	768	32	256	64	0	32	0	384	80	0	0	0	0		0	0	0	320
18868	scripts/Map/世界通用/ai/标准无敌免屠杀.lua	0	768	768	32	256	64	0	32	0	384	80	0	0	0	0		0	0	0	320
18869	scripts/Map/世界通用/ai/标准无敌免屠杀.lua	0	768	768	32	256	64	0	32	0	384	80	0	0	0	0		0	0	0	320
18870	scripts/Map/世界通用/ai/标准无敌免屠杀.lua	0	768	768	32	256	64	0	32	0	384	80	0	0	0	0		0	0	0	320
18871	scripts/Map/世界通用/ai/标准无敌免屠杀.lua	0	768	768	32	256	64	0	32	0	384	80	0	0	0	0		0	0	0	320
18872	scripts/Map/世界通用/ai/标准无敌免屠杀.lua	0	768	768	32	256	64	0	32	0	384	80	0	0	0	0		0	0	0	320
18873	scripts/Map/世界通用/ai/标准无敌免屠杀.lua	0	768	768	32	256	64	0	32	0	384	80	0	0	0	0		0	0	0	320
18874	scripts/Map/世界通用/ai/标准无敌免屠杀.lua	0	768	768	32	256	64	0	32	0	384	80	0	0	0	0		0	0	0	320
18875	scripts/Map/世界通用/ai/标准无敌免屠杀.lua	0	768	768	32	256	64	0	32	0	384	80	0	0	0	0		0	0	0	320
18876	scripts/Map/世界通用/ai/标准无敌免屠杀.lua	0	768	768	32	256	64	0	32	0	384	80	0	0	0	0		0	0	0	320
18877	scripts/Map/世界通用/ai/标准无敌免屠杀.lua	0	768	768	32	256	64	0	32	0	384	80	0	0	0	0		0	0	0	320
18878	scripts/Map/世界通用/ai/标准无敌免屠杀.lua	0	768	768	32	256	64	0	32	0	384	80	0	0	0	0		0	0	0	320
18879	scripts/Map/世界通用/ai/标准无敌免屠杀.lua	0	768	768	32	256	64	0	32	0	384	80	0	0	0	0		0	0	0	320
18880	scripts/Map/世界通用/ai/标准无敌免屠杀.lua	0	768	768	32	256	64	0	32	0	384	80	0	0	0	0		0	0	0	320
18881	scripts/Map/世界通用/ai/标准无敌免屠杀.lua	0	768	768	32	256	64	0	32	0	384	80	0	0	0	0		0	0	0	320
18882	scripts/Map/世界通用/ai/标准无敌免屠杀.lua	0	768	768	32	256	64	0	32	0	384	80	0	0	0	0		0	0	0	320
18883	scripts/Map/世界通用/ai/标准无敌免屠杀.lua	0	768	768	32	256	64	0	32	0	384	80	0	0	0	0		0	0	0	320
18884	scripts/Map/世界通用/ai/标准无敌免屠杀.lua	0	768	768	32	256	64	0	32	0	384	80	0	0	0	0		0	0	0	320
18885	scripts/Map/世界通用/ai/标准无敌免屠杀.lua	0	768	768	32	256	64	0	32	0	384	80	0	0	0	0		0	0	0	320
18886	scripts/Map/世界通用/ai/标准无敌免屠杀.lua	0	768	768	32	256	64	0	32	0	384	80	0	0	0	0		0	0	0	320
18887	scripts/Map/世界通用/ai/标准无敌免屠杀.lua	0	768	768	32	256	64	0	32	0	384	80	0	0	0	0		0	0	0	320
18931	scripts/Map/世界通用/ai/标准无敌免屠杀.lua	0	768	768	32	256	64	0	32	0	384	80	0	0	0	0		0	0	0	320
18932	scripts/Map/世界通用/ai/标准无敌免屠杀.lua	0	768	768	32	256	64	0	32	0	384	80	0	0	0	0		0	0	0	320
18933	scripts/Map/世界通用/ai/标准无敌免屠杀.lua	0	768	768	32	256	64	0	32	0	384	80	0	0	0	0		0	0	0	320
18934	scripts/Map/世界通用/ai/标准无敌免屠杀.lua	0	768	768	32	256	64	0	32	0	384	80	0	0	0	0		0	0	0	320
18935	scripts/Map/世界通用/ai/标准无敌免屠杀.lua	0	768	768	32	256	64	0	32	0	384	80	0	0	0	0		0	0	0	320
18936	scripts/Map/世界通用/ai/标准无敌免屠杀.lua	0	768	768	32	256	64	0	32	0	384	80	0	0	0	0		0	0	0	320
18937	scripts/Map/世界通用/ai/标准无敌免屠杀.lua	0	768	768	32	256	64	0	32	0	384	80	0	0	0	0		0	0	0	320
18938	scripts/Map/世界通用/ai/标准无敌免屠杀.lua	0	768	768	32	256	64	0	32	0	384	80	0	0	0	0		0	0	0	320
18939	scripts/Map/世界通用/ai/标准无敌免屠杀.lua	0	768	768	32	256	64	0	32	0	384	80	0	0	0	0		0	0	0	320
18940	scripts/Map/世界通用/ai/标准无敌免屠杀.lua	0	768	768	32	256	64	0	32	0	384	80	0	0	0	0		0	0	0	320
18941	scripts/Map/世界通用/ai/标准无敌免屠杀.lua	0	768	768	32	256	64	0	32	0	384	80	0	0	0	0		0	0	0	320
18942	scripts/Map/世界通用/ai/标准无敌免屠杀.lua	0	768	768	32	256	64	0	32	0	384	80	0	0	0	0		0	0	0	320
18943	scripts/Map/世界通用/ai/标准无敌免屠杀.lua	0	768	768	32	256	64	0	32	0	384	80	0	0	0	0		0	0	0	320
18944	scripts/Map/世界通用/ai/标准无敌免屠杀.lua	0	768	768	32	256	64	0	32	0	384	80	0	0	0	0		0	0	0	320
18945	scripts/Map/世界通用/ai/标准无敌免屠杀.lua	0	768	768	32	256	64	0	32	0	384	80	0	0	0	0		0	0	0	320
18946	scripts/Map/世界通用/ai/标准无敌免屠杀.lua	0	768	768	32	256	64	0	32	0	384	80	0	0	0	0		0	0	0	320
18947	scripts/Map/世界通用/ai/标准无敌免屠杀.lua	0	768	768	32	256	64	0	32	0	384	80	0	0	0	0		0	0	0	320
18948	scripts/Map/世界通用/ai/标准无敌免屠杀.lua	0	768	768	32	256	64	0	32	0	384	80	0	0	0	0		0	0	0	320
18949	scripts/Map/世界通用/ai/标准无敌免屠杀.lua	0	768	768	32	256	64	0	32	0	384	80	0	0	0	0		0	0	0	320
18950	scripts/Map/世界通用/ai/标准无敌免屠杀.lua	0	768	768	32	256	64	0	32	0	384	80	0	0	0	0		0	0	0	320
18951	scripts/Map/世界通用/ai/标准无敌免屠杀.lua	0	768	768	32	256	64	0	32	0	384	80	0	0	0	0		0	0	0	320
18952	scripts/Map/世界通用/ai/标准无敌免屠杀.lua	0	768	768	32	256	64	0	32	0	384	80	0	0	0	0		0	0	0	320
18953	scripts/Map/世界通用/ai/标准无敌免屠杀.lua	0	768	768	32	256	64	0	32	0	384	80	0	0	0	0		0	0	0	320
18954	scripts/Map/世界通用/ai/标准无敌免屠杀.lua	0	768	768	32	256	64	0	32	0	384	80	0	0	0	0		0	0	0	320
18955	scripts/Map/世界通用/ai/标准无敌免屠杀.lua	0	768	768	32	256	64	0	32	0	384	80	0	0	0	0		0	0	0	320
18956	scripts/Map/世界通用/ai/标准无敌免屠杀.lua	0	768	768	32	256	64	0	32	0	384	80	0	0	0	0		0	0	0	320
18957	scripts/Map/世界通用/ai/标准无敌免屠杀.lua	0	768	768	32	256	64	0	32	0	384	80	0	0	0	0		0	0	0	320
18958	scripts/Map/世界通用/ai/标准无敌免屠杀.lua	0	768	768	32	256	64	0	32	0	384	80	0	0	0	0		0	0	0	320
18959	scripts/Map/世界通用/ai/标准无敌免屠杀.lua	0	768	768	32	256	64	0	32	0	384	80	0	0	0	0		0	0	0	320
18960	scripts/Map/世界通用/ai/标准无敌免屠杀.lua	0	768	768	32	256	64	0	32	0	384	80	0	0	0	0		0	0	0	320
18961	scripts/Map/世界通用/ai/标准无敌免屠杀.lua	0	768	768	32	256	64	0	32	0	384	80	0	0	0	0		0	0	0	320
18962	scripts/Map/世界通用/ai/标准无敌免屠杀.lua	0	768	768	32	256	64	0	32	0	384	80	0	0	0	0		0	0	0	320
18963	scripts/Map/世界通用/ai/标准无敌免屠杀.lua	0	768	768	32	256	64	0	32	0	384	80	0	0	0	0		0	0	0	320
18964	scripts/Map/世界通用/ai/标准无敌免屠杀.lua	0	768	768	32	256	64	0	32	0	384	80	0	0	0	0		0	0	0	320
18965	scripts/Map/世界通用/ai/标准无敌免屠杀.lua	0	768	768	32	256	64	0	32	0	384	80	0	0	0	0		0	0	0	320
18966	scripts/Map/世界通用/ai/标准无敌免屠杀.lua	0	768	768	32	256	64	0	32	0	384	80	0	0	0	0		0	0	0	320
18967	scripts/Map/世界通用/ai/标准无敌免屠杀.lua	0	768	768	32	256	64	0	32	0	384	80	0	0	0	0		0	0	0	320
18968	scripts/Map/世界通用/ai/标准无敌免屠杀.lua	0	768	768	32	256	64	0	32	0	384	80	0	0	0	0		0	0	0	320
18969	scripts/Map/世界通用/ai/标准无敌免屠杀.lua	0	768	768	32	256	64	0	32	0	384	80	0	0	0	0		0	0	0	320
18970	scripts/Map/世界通用/ai/标准无敌免屠杀.lua	0	768	768	32	256	64	0	32	0	384	80	0	0	0	0		0	0	0	320
18971	scripts/Map/世界通用/ai/标准无敌免屠杀.lua	0	768	768	32	256	64	0	32	0	384	80	0	0	0	0		0	0	0	320
18972	scripts/Map/世界通用/ai/标准无敌免屠杀.lua	0	768	768	32	256	64	0	32	0	384	80	0	0	0	0		0	0	0	320
18973	scripts/Map/世界通用/ai/标准无敌免屠杀.lua	0	768	768	32	256	64	0	32	0	384	80	0	0	0	0		0	0	0	320
18974	scripts/Map/世界通用/ai/标准无敌免屠杀.lua	0	768	768	32	256	64	0	32	0	384	80	0	0	0	0		0	0	0	320
18975	scripts/Map/世界通用/ai/标准无敌免屠杀.lua	0	768	768	32	256	64	0	32	0	384	80	0	0	0	0		0	0	0	320
18976	scripts/Map/世界通用/ai/标准无敌免屠杀.lua	0	768	768	32	256	64	0	32	0	384	80	0	0	0	0		0	0	0	320
18977	scripts/Map/世界通用/ai/标准无敌免屠杀.lua	0	768	768	32	256	64	0	32	0	384	80	0	0	0	0		0	0	0	320
18978	scripts/Map/世界通用/ai/标准无敌免屠杀.lua	0	768	768	32	256	64	0	32	0	384	80	0	0	0	0		0	0	0	320
18979	scripts/Map/世界通用/ai/标准无敌免屠杀.lua	0	768	768	32	256	64	0	32	0	384	80	0	0	0	0		0	0	0	320
18980	scripts/Map/世界通用/ai/标准无敌免屠杀.lua	0	768	768	32	256	64	0	32	0	384	80	0	0	0	0		0	0	0	320
18981	scripts/Map/世界通用/ai/标准无敌免屠杀.lua	0	768	768	32	256	64	0	32	0	384	80	0	0	0	0		0	0	0	320
18982	scripts/Map/世界通用/ai/标准无敌免屠杀.lua	0	768	768	32	256	64	0	32	0	384	80	0	0	0	0		0	0	0	320
18983	scripts/Map/世界通用/ai/标准无敌免屠杀.lua	0	768	768	32	256	64	0	32	0	384	80	0	0	0	0		0	0	0	320
18984	scripts/Map/世界通用/ai/标准无敌免屠杀.lua	0	768	768	32	256	64	0	32	0	384	80	0	0	0	0		0	0	0	320
18985	scripts/Map/世界通用/ai/标准无敌免屠杀.lua	0	768	768	32	256	64	0	32	0	384	80	0	0	0	0		0	0	0	320
18986	scripts/Map/世界通用/ai/标准无敌免屠杀.lua	0	768	768	32	256	64	0	32	0	384	80	0	0	0	0		0	0	0	320
18987	scripts/Map/世界通用/ai/标准无敌免屠杀.lua	0	768	768	32	256	64	0	32	0	384	80	0	0	0	0		0	0	0	320
18988	scripts/Map/世界通用/ai/标准无敌免屠杀.lua	0	768	768	32	256	64	0	32	0	384	80	0	0	0	0		0	0	0	320
18989	scripts/Map/世界通用/ai/标准无敌免屠杀.lua	0	768	768	32	256	64	0	32	0	384	80	0	0	0	0		0	0	0	320
18990	scripts/Map/世界通用/ai/标准无敌免屠杀.lua	0	768	768	32	256	64	0	32	0	384	80	0	0	0	0		0	0	0	320
18991	scripts/Map/世界通用/ai/标准无敌免屠杀.lua	0	768	768	32	256	64	0	32	0	384	80	0	0	0	0		0	0	0	320
18992	scripts/Map/世界通用/ai/标准无敌免屠杀.lua	0	768	768	32	256	64	0	32	0	384	80	0	0	0	0		0	0	0	320
18993	scripts/Map/世界通用/ai/标准无敌免屠杀.lua	0	768	768	32	256	64	0	32	0	384	80	0	0	0	0		0	0	0	320
18994	scripts/Map/世界通用/ai/标准无敌免屠杀.lua	0	768	768	32	256	64	0	32	0	384	80	0	0	0	0		0	0	0	320
18995	scripts/Map/世界通用/ai/标准无敌免屠杀.lua	0	768	768	32	256	64	0	32	0	384	80	0	0	0	0		0	0	0	320
18996	scripts/Map/世界通用/ai/标准无敌免屠杀.lua	0	768	768	32	256	64	0	32	0	384	80	0	0	0	0		0	0	0	320
18997	scripts/Map/世界通用/ai/标准无敌免屠杀.lua	0	768	768	32	256	64	0	32	0	384	80	0	0	0	0		0	0	0	320
18998	scripts/Map/世界通用/ai/标准无敌免屠杀.lua	0	768	768	32	256	64	0	32	0	384	80	0	0	0	0		0	0	0	320
18999	scripts/Map/世界通用/ai/标准无敌免屠杀.lua	0	768	768	32	256	64	0	32	0	384	80	0	0	0	0		0	0	0	320
19000	scripts/Map/世界通用/ai/标准无敌免屠杀.lua	0	768	768	32	256	64	0	32	0	384	80	0	0	0	0		0	0	0	320
19001	scripts/Map/世界通用/ai/标准无敌免屠杀.lua	0	768	768	32	256	64	0	32	0	384	80	0	0	0	0		0	0	0	320
19002	scripts/Map/世界通用/ai/标准无敌免屠杀.lua	0	768	768	32	256	64	0	32	0	384	80	0	0	0	0		0	0	0	320
19003	scripts/Map/世界通用/ai/标准无敌免屠杀.lua	0	768	768	32	256	64	0	32	0	384	80	0	0	0	0		0	0	0	320
19004	scripts/Map/世界通用/ai/标准无敌免屠杀.lua	0	768	768	32	256	64	0	32	0	384	80	0	0	0	0		0	0	0	320
19005	scripts/Map/世界通用/ai/标准无敌免屠杀.lua	0	768	768	32	256	64	0	32	0	384	80	0	0	0	0		0	0	0	320
19006	scripts/Map/世界通用/ai/标准无敌免屠杀.lua	0	768	768	32	256	64	0	32	0	384	80	0	0	0	0		0	0	0	320
19007	scripts/Map/世界通用/ai/标准无敌免屠杀.lua	0	768	768	32	256	64	0	32	0	384	80	0	0	0	0		0	0	0	320
19008	scripts/Map/世界通用/ai/标准无敌免屠杀.lua	0	768	768	32	256	64	0	32	0	384	80	0	0	0	0		0	0	0	320
19009	scripts/Map/世界通用/ai/标准无敌免屠杀.lua	0	768	768	32	256	64	0	32	0	384	80	0	0	0	0		0	0	0	320
19010	scripts/Map/世界通用/ai/标准无敌免屠杀.lua	0	768	768	32	256	64	0	32	0	384	80	0	0	0	0		0	0	0	320
19011	scripts/Map/世界通用/ai/标准无敌免屠杀.lua	0	768	768	32	256	64	0	32	0	384	80	0	0	0	0		0	0	0	320
19012	scripts/Map/世界通用/ai/标准无敌免屠杀.lua	0	768	768	32	256	64	0	32	0	384	80	0	0	0	0		0	0	0	320
19013	scripts/Map/世界通用/ai/标准无敌免屠杀.lua	0	768	768	32	256	64	0	32	0	384	80	0	0	0	0		0	0	0	320
19014	scripts/Map/世界通用/ai/标准无敌免屠杀.lua	0	768	768	32	256	64	0	32	0	384	80	0	0	0	0		0	0	0	320
19015	scripts/Map/世界通用/ai/标准无敌免屠杀.lua	0	768	768	32	256	64	0	32	0	384	80	0	0	0	0		0	0	0	320
19016	scripts/Map/世界通用/ai/标准无敌免屠杀.lua	0	768	768	32	256	64	0	32	0	384	80	0	0	0	0		0	0	0	320
19017	scripts/Map/世界通用/ai/标准无敌免屠杀.lua	0	768	768	32	256	64	0	32	0	384	80	0	0	0	0		0	0	0	320
19018	scripts/Map/世界通用/ai/标准无敌免屠杀.lua	0	768	768	32	256	64	0	32	0	384	80	0	0	0	0		0	0	0	320
19019	scripts/Map/世界通用/ai/标准无敌免屠杀.lua	0	768	768	32	256	64	0	32	0	384	80	0	0	0	0		0	0	0	320
19020	scripts/Map/世界通用/ai/标准无敌免屠杀.lua	0	768	768	32	256	64	0	32	0	384	80	0	0	0	0		0	0	0	320
19021	scripts/Map/世界通用/ai/标准无敌免屠杀.lua	0	768	768	32	256	64	0	32	0	384	80	0	0	0	0		0	0	0	320
19022	scripts/Map/世界通用/ai/标准无敌免屠杀.lua	0	768	768	32	256	64	0	32	0	384	80	0	0	0	0		0	0	0	320
19023	scripts/Map/世界通用/ai/标准无敌免屠杀.lua	0	768	768	32	256	64	0	32	0	384	80	0	0	0	0		0	0	0	320
19024	scripts/Map/世界通用/ai/标准无敌免屠杀.lua	0	768	768	32	256	64	0	32	0	384	80	0	0	0	0		0	0	0	320
19025	scripts/Map/世界通用/ai/标准无敌免屠杀.lua	0	768	768	32	256	64	0	32	0	384	80	0	0	0	0		0	0	0	320
19026	scripts/Map/世界通用/ai/标准无敌免屠杀.lua	0	768	768	32	256	64	0	32	0	384	80	0	0	0	0		0	0	0	320
19027	scripts/Map/世界通用/ai/标准无敌免屠杀.lua	0	768	768	32	256	64	0	32	0	384	80	0	0	0	0		0	0	0	320
19028	scripts/Map/世界通用/ai/标准无敌免屠杀.lua	0	768	768	32	256	64	0	32	0	384	80	0	0	0	0		0	0	0	320
19029	scripts/Map/世界通用/ai/标准无敌免屠杀.lua	0	768	768	32	256	64	0	32	0	384	80	0	0	0	0		0	0	0	320
19030	scripts/Map/世界通用/ai/标准无敌免屠杀.lua	0	768	768	32	256	64	0	32	0	384	80	0	0	0	0		0	0	0	320
19031	scripts/Map/世界通用/ai/标准无敌免屠杀.lua	0	768	768	32	256	64	0	32	0	384	80	0	0	0	0		0	0	0	320
19032	scripts/Map/世界通用/ai/标准无敌免屠杀.lua	0	768	768	32	256	64	0	32	0	384	80	0	0	0	0		0	0	0	320
19033	scripts/Map/世界通用/ai/标准无敌免屠杀.lua	0	768	768	32	256	64	0	32	0	384	80	0	0	0	0		0	0	0	320
19034	scripts/Map/世界通用/ai/标准无敌免屠杀.lua	0	768	768	32	256	64	0	32	0	384	80	0	0	0	0		0	0	0	320
19035	scripts/Map/世界通用/ai/标准无敌免屠杀.lua	0	768	768	32	256	64	0	32	0	384	80	0	0	0	0		0	0	0	320
19036	scripts/Map/世界通用/ai/标准无敌免屠杀.lua	0	768	768	32	256	64	0	32	0	384	80	0	0	0	0		0	0	0	320
19037	scripts/Map/世界通用/ai/标准无敌免屠杀.lua	0	768	768	32	256	64	0	32	0	384	80	0	0	0	0		0	0	0	320
19038	scripts/Map/世界通用/ai/标准无敌免屠杀.lua	0	768	768	32	256	64	0	32	0	384	80	0	0	0	0		0	0	0	320
19039	scripts/Map/世界通用/ai/标准无敌免屠杀.lua	0	768	768	32	256	64	0	32	0	384	80	0	0	0	0		0	0	0	320
19040	scripts/Map/世界通用/ai/标准无敌免屠杀.lua	0	768	768	32	256	64	0	32	0	384	80	0	0	0	0		0	0	0	320
19041	scripts/Map/世界通用/ai/标准无敌免屠杀.lua	0	768	768	32	256	64	0	32	0	384	80	0	0	0	0		0	0	0	320
19042	scripts/Map/世界通用/ai/标准无敌免屠杀.lua	0	768	768	32	256	64	0	32	0	384	80	0	0	0	0		0	0	0	320
19043	scripts/Map/世界通用/ai/标准无敌免屠杀.lua	0	768	768	32	256	64	0	32	0	384	80	0	0	0	0		0	0	0	320
19044	scripts/Map/世界通用/ai/标准无敌免屠杀.lua	0	768	768	32	256	64	0	32	0	384	80	0	0	0	0		0	0	0	320
19045	scripts/Map/世界通用/ai/标准无敌免屠杀.lua	0	768	768	32	256	64	0	32	0	384	80	0	0	0	0		0	0	0	320
19046	scripts/Map/世界通用/ai/标准无敌免屠杀.lua	0	768	768	32	256	64	0	32	0	384	80	0	0	0	0		0	0	0	320
19047	scripts/Map/世界通用/ai/标准无敌免屠杀.lua	0	768	768	32	256	64	0	32	0	384	80	0	0	0	0		0	0	0	320
19048	scripts/Map/世界通用/ai/标准无敌免屠杀.lua	0	768	768	32	256	64	0	32	0	384	80	0	0	0	0		0	0	0	320
19049	scripts/Map/世界通用/ai/标准无敌免屠杀.lua	0	768	768	32	256	64	0	32	0	384	80	0	0	0	0		0	0	0	320
19050	scripts/Map/世界通用/ai/标准无敌免屠杀.lua	0	768	768	32	256	64	0	32	0	384	80	0	0	0	0		0	0	0	320
19083	scripts/ai/StandardAI.lua	0	768	768	32	256	64	0	32	512	384	80	0	0	0	0		1	0	0	320
19084	scripts/ai/StandardAI.lua	0	768	768	32	256	64	0	32	512	384	80	0	0	0	0		1	0	0	320
19296	scripts/ai/StandardAI.lua	0	768	768	32	256	64	0	32	0	384	80	0	0	0	0		1	0	0	320
19297	scripts/ai/StandardAI.lua	0	768	768	32	256	64	0	32	0	384	80	0	0	0	0		1	0	0	320
20050	scripts/Map/世界通用/ai/标准无敌免屠杀.lua	0	768	768	32	256	64	0	32	0	384	80	0	0	0	0		0	0	0	320
20051	scripts/Map/世界通用/ai/标准无敌免屠杀.lua	0	768	768	32	256	64	0	32	0	384	80	0	0	0	0		0	0	0	320
20052	scripts/Map/世界通用/ai/标准无敌免屠杀.lua	0	768	768	32	256	64	0	32	0	384	80	0	0	0	0		0	0	0	320
20053	scripts/Map/世界通用/ai/标准无敌免屠杀.lua	0	768	768	32	256	64	0	32	0	384	80	0	0	0	0		0	0	0	320
20054	scripts/Map/世界通用/ai/标准无敌免屠杀.lua	0	768	768	32	256	64	0	32	0	384	80	0	0	0	0		0	0	0	320
20055	scripts/Map/世界通用/ai/标准无敌免屠杀.lua	0	768	768	32	256	64	0	32	0	384	80	0	0	0	0		0	0	0	320
20056	scripts/Map/世界通用/ai/标准无敌免屠杀.lua	0	768	768	32	256	64	0	32	0	384	80	0	0	0	0		0	0	0	320
20057	scripts/Map/世界通用/ai/标准无敌免屠杀.lua	0	768	768	32	256	64	0	32	0	384	80	0	0	0	0		0	0	0	320
20058	scripts/Map/世界通用/ai/标准无敌免屠杀.lua	0	768	768	32	256	64	0	32	0	384	80	0	0	0	0		0	0	0	320
20059	scripts/Map/世界通用/ai/标准无敌免屠杀.lua	0	768	768	32	256	64	0	32	0	384	80	0	0	0	0		0	0	0	320
20060	scripts/Map/世界通用/ai/标准无敌免屠杀.lua	0	768	768	32	256	64	0	32	0	384	80	0	0	0	0		0	0	0	320
20061	scripts/Map/世界通用/ai/标准无敌免屠杀.lua	0	768	768	32	256	64	0	32	0	384	80	0	0	0	0		0	0	0	320
20062	scripts/Map/世界通用/ai/标准无敌免屠杀.lua	0	768	768	32	256	64	0	32	0	384	80	0	0	0	0		0	0	0	320
20063	scripts/Map/世界通用/ai/标准无敌免屠杀.lua	0	768	768	32	256	64	0	32	0	384	80	0	0	0	0		0	0	0	320
20064	scripts/Map/世界通用/ai/标准无敌免屠杀.lua	0	768	768	32	256	64	0	32	0	384	80	0	0	0	0		0	0	0	320
20065	scripts/Map/世界通用/ai/标准无敌免屠杀.lua	0	768	768	32	256	64	0	32	0	384	80	0	0	0	0		0	0	0	320
20120	scripts/Map/世界通用/ai/标准无敌免屠杀.lua	0	768	768	32	256	64	0	32	0	384	80	0	0	0	0		0	0	0	320
20121	scripts/Map/世界通用/ai/标准无敌免屠杀.lua	0	768	768	32	256	64	0	32	0	384	80	0	0	0	0		0	0	0	320
20122	scripts/Map/世界通用/ai/标准无敌免屠杀.lua	0	768	768	32	256	64	0	32	0	384	80	0	0	0	0		0	0	0	320
20123	scripts/Map/世界通用/ai/标准无敌免屠杀.lua	0	768	768	32	256	64	0	32	0	384	80	0	0	0	0		0	0	0	320
20124	scripts/Map/世界通用/ai/标准无敌免屠杀.lua	0	768	768	32	256	64	0	32	0	384	80	0	0	0	0		0	0	0	320
20125	scripts/Map/世界通用/ai/标准无敌免屠杀.lua	0	768	768	32	256	64	0	32	0	384	80	0	0	0	0		0	0	0	320
20126	scripts/Map/世界通用/ai/标准无敌免屠杀.lua	0	768	768	32	256	64	0	32	0	384	80	0	0	0	0		0	0	0	320
20127	scripts/Map/世界通用/ai/标准无敌免屠杀.lua	0	768	768	32	256	64	0	32	0	384	80	0	0	0	0		0	0	0	320
20128	scripts/Map/世界通用/ai/标准无敌免屠杀.lua	0	768	768	32	256	64	0	32	0	384	80	0	0	0	0		0	0	0	320
20129	scripts/Map/世界通用/ai/标准无敌免屠杀.lua	0	768	768	32	256	64	0	32	0	384	80	0	0	0	0		0	0	0	320
20130	scripts/Map/世界通用/ai/标准无敌免屠杀.lua	0	768	768	32	256	64	0	32	0	384	80	0	0	0	0		0	0	0	320
20131	scripts/Map/世界通用/ai/标准无敌免屠杀.lua	0	768	768	32	256	64	0	32	0	384	80	0	0	0	0		0	0	0	320
20132	scripts/Map/世界通用/ai/标准无敌免屠杀.lua	0	768	768	32	256	64	0	32	0	384	80	0	0	0	0		0	0	0	320
20133	scripts/Map/世界通用/ai/标准无敌免屠杀.lua	0	768	768	32	256	64	0	32	0	384	80	0	0	0	0		0	0	0	320
20134	scripts/Map/世界通用/ai/标准无敌免屠杀.lua	0	768	768	32	256	64	0	32	0	384	80	0	0	0	0		0	0	0	320
20135	scripts/Map/世界通用/ai/标准无敌免屠杀.lua	0	768	768	32	256	64	0	32	0	384	80	0	0	0	0		0	0	0	320
20136	scripts/Map/世界通用/ai/标准无敌免屠杀.lua	0	768	768	32	256	64	0	32	0	384	80	0	0	0	0		0	0	0	320
20137	scripts/Map/世界通用/ai/标准无敌免屠杀.lua	0	768	768	32	256	64	0	32	0	384	80	0	0	0	0		0	0	0	320
20138	scripts/Map/世界通用/ai/标准无敌免屠杀.lua	0	768	768	32	256	64	0	32	0	384	80	0	0	0	0		0	0	0	320
20139	scripts/Map/世界通用/ai/标准无敌免屠杀.lua	0	768	768	32	256	64	0	32	0	384	80	0	0	0	0		0	0	0	320
20140	scripts/Map/世界通用/ai/标准无敌免屠杀.lua	0	768	768	32	256	64	0	32	0	384	80	0	0	0	0		0	0	0	320
20141	scripts/Map/世界通用/ai/标准无敌免屠杀.lua	0	768	768	32	256	64	0	32	0	384	80	0	0	0	0		0	0	0	320
20142	scripts/Map/世界通用/ai/标准无敌免屠杀.lua	0	768	768	32	256	64	0	32	0	384	80	0	0	0	0		0	0	0	320
20143	scripts/Map/世界通用/ai/标准无敌免屠杀.lua	0	768	768	32	256	64	0	32	0	384	80	0	0	0	0		0	0	0	320
20596	scripts/Map/世界通用/ai/标准无敌免屠杀.lua	0	768	768	32	256	64	0	32	0	384	80	0	0	0	0		0	0	0	320
20597	scripts/Map/世界通用/ai/标准无敌免屠杀.lua	0	768	768	32	256	64	0	32	0	384	80	0	0	0	0		0	0	0	320
20598	scripts/Map/世界通用/ai/标准无敌免屠杀.lua	0	768	768	32	256	64	0	32	0	384	80	0	0	0	0		0	0	0	320
20599	scripts/Map/世界通用/ai/标准无敌免屠杀.lua	0	768	768	32	256	64	0	32	0	384	80	0	0	0	0		0	0	0	320
20600	scripts/Map/世界通用/ai/标准无敌免屠杀.lua	0	768	768	32	256	64	0	32	0	384	80	0	0	0	0		0	0	0	320
20601	scripts/Map/世界通用/ai/标准无敌免屠杀.lua	0	768	768	32	256	64	0	32	0	384	80	0	0	0	0		0	0	0	320
20602	scripts/Map/世界通用/ai/标准无敌免屠杀.lua	0	768	768	32	256	64	0	32	0	384	80	0	0	0	0		0	0	0	320
20603	scripts/Map/世界通用/ai/标准无敌免屠杀.lua	0	768	768	32	256	64	0	32	0	384	80	0	0	0	0		0	0	0	320
20604	scripts/Map/世界通用/ai/标准无敌免屠杀.lua	0	768	768	32	256	64	0	32	0	384	80	0	0	0	0		0	0	0	320
20605	scripts/Map/世界通用/ai/标准无敌免屠杀.lua	0	768	768	32	256	64	0	32	0	384	80	0	0	0	0		0	0	0	320
20606	scripts/Map/世界通用/ai/标准无敌免屠杀.lua	0	768	768	32	256	64	0	32	0	384	80	0	0	0	0		0	0	0	320
20607	scripts/Map/世界通用/ai/标准无敌免屠杀.lua	0	768	768	32	256	64	0	32	0	384	80	0	0	0	0		0	0	0	320
20608	scripts/Map/世界通用/ai/标准无敌免屠杀.lua	0	768	768	32	256	64	0	32	0	384	80	0	0	0	0		0	0	0	320
20609	scripts/Map/世界通用/ai/标准无敌免屠杀.lua	0	768	768	32	256	64	0	32	0	384	80	0	0	0	0		0	0	0	320
20610	scripts/Map/世界通用/ai/标准无敌免屠杀.lua	0	768	768	32	256	64	0	32	0	384	80	0	0	0	0		0	0	0	320
20611	scripts/Map/世界通用/ai/标准无敌免屠杀.lua	0	768	768	32	256	64	0	32	0	384	80	0	0	0	0		0	0	0	320
20612	scripts/Map/世界通用/ai/标准无敌免屠杀.lua	0	768	768	32	256	64	0	32	0	384	80	0	0	0	0		0	0	0	320
20613	scripts/Map/世界通用/ai/标准无敌免屠杀.lua	0	768	768	32	256	64	0	32	0	384	80	0	0	0	0		0	0	0	320
20614	scripts/Map/世界通用/ai/标准无敌免屠杀.lua	0	768	768	32	256	64	0	32	0	384	80	0	0	0	0		0	0	0	320
20615	scripts/Map/世界通用/ai/标准无敌免屠杀.lua	0	768	768	32	256	64	0	32	0	384	80	0	0	0	0		0	0	0	320
20688	scripts/Map/世界通用/ai/标准无敌免屠杀.lua	0	768	768	32	256	64	0	32	0	384	80	0	0	0	0		0	0	0	320
20689	scripts/Map/世界通用/ai/标准无敌免屠杀.lua	0	768	768	32	256	64	0	32	0	384	80	0	0	0	0		0	0	0	320
20690	scripts/Map/世界通用/ai/标准无敌免屠杀.lua	0	768	768	32	256	64	0	32	0	384	80	0	0	0	0		0	0	0	320
20691	scripts/Map/世界通用/ai/标准无敌免屠杀.lua	0	768	768	32	256	64	0	32	0	384	80	0	0	0	0		0	0	0	320
20692	scripts/Map/世界通用/ai/标准无敌免屠杀.lua	0	768	768	32	256	64	0	32	0	384	80	0	0	0	0		0	0	0	320
20693	scripts/Map/世界通用/ai/标准无敌免屠杀.lua	0	768	768	32	256	64	0	32	0	384	80	0	0	0	0		0	0	0	320
20694	scripts/Map/世界通用/ai/标准无敌免屠杀.lua	0	768	768	32	256	64	0	32	0	384	80	0	0	0	0		0	0	0	320
20695	scripts/Map/世界通用/ai/标准无敌免屠杀.lua	0	768	768	32	256	64	0	32	0	384	80	0	0	0	0		0	0	0	320
20696	scripts/Map/世界通用/ai/标准无敌免屠杀.lua	0	768	768	32	256	64	0	32	0	384	80	0	0	0	0		0	0	0	320
20697	scripts/Map/世界通用/ai/标准无敌免屠杀.lua	0	768	768	32	256	64	0	32	0	384	80	0	0	0	0		0	0	0	320
25477	scripts/Map/世界通用/ai/标准无敌免屠杀.lua	0	768	768	32	256	64	0	32	0	384	80	0	0	0	0		0	0	0	320
25478	scripts/Map/世界通用/ai/标准无敌免屠杀.lua	0	768	768	32	256	64	0	32	0	384	80	0	0	0	0		0	0	0	320
25479	scripts/Map/世界通用/ai/标准无敌免屠杀.lua	0	768	768	32	256	64	0	32	0	384	80	0	0	0	0		0	0	0	320
25480	scripts/Map/世界通用/ai/标准无敌免屠杀.lua	0	768	768	32	256	64	0	32	0	384	80	0	0	0	0		0	0	0	320
25481	scripts/Map/世界通用/ai/标准无敌免屠杀.lua	0	768	768	32	256	64	0	32	0	384	80	0	0	0	0		0	0	0	320
25482	scripts/Map/世界通用/ai/标准无敌免屠杀.lua	0	768	768	32	256	64	0	32	0	384	80	0	0	0	0		0	0	0	320
25483	scripts/Map/世界通用/ai/标准无敌免屠杀.lua	0	768	768	32	256	64	0	32	0	384	80	0	0	0	0		0	0	0	320
25484	scripts/Map/世界通用/ai/标准无敌免屠杀.lua	0	768	768	32	256	64	0	32	0	384	80	0	0	0	0		0	0	0	320
25485	scripts/Map/世界通用/ai/标准无敌免屠杀.lua	0	768	768	32	256	64	0	32	0	384	80	0	0	0	0		0	0	0	320
25486	scripts/Map/世界通用/ai/标准无敌免屠杀.lua	0	768	768	32	256	64	0	32	0	384	80	0	0	0	0		0	0	0	320
25487	scripts/Map/世界通用/ai/标准无敌免屠杀.lua	0	768	768	32	256	64	0	32	0	384	80	0	0	0	0		0	0	0	320
25488	scripts/Map/世界通用/ai/标准无敌免屠杀.lua	0	768	768	32	256	64	0	32	0	384	80	0	0	0	0		0	0	0	320
25489	scripts/Map/世界通用/ai/标准无敌免屠杀.lua	0	768	768	32	256	64	0	32	0	384	80	0	0	0	0		0	0	0	320
25490	scripts/Map/世界通用/ai/标准无敌免屠杀.lua	0	768	768	32	256	64	0	32	0	384	80	0	0	0	0		0	0	0	320
25491	scripts/Map/世界通用/ai/标准无敌免屠杀.lua	0	768	768	32	256	64	0	32	0	384	80	0	0	0	0		0	0	0	320
25492	scripts/Map/世界通用/ai/标准无敌免屠杀.lua	0	768	768	32	256	64	0	32	0	384	80	0	0	0	0		0	0	0	320
25493	scripts/Map/世界通用/ai/标准无敌免屠杀.lua	0	768	768	32	256	64	0	32	0	384	80	0	0	0	0		0	0	0	320
25494	scripts/Map/世界通用/ai/标准无敌免屠杀.lua	0	768	768	32	256	64	0	32	0	384	80	0	0	0	0		0	0	0	320
25495	scripts/Map/世界通用/ai/标准无敌免屠杀.lua	0	768	768	32	256	64	0	32	0	384	80	0	0	0	0		0	0	0	320
25496	scripts/Map/世界通用/ai/标准无敌免屠杀.lua	0	768	768	32	256	64	0	32	0	384	80	0	0	0	0		0	0	0	320
48026	scripts/Map/世界通用/ai/标准无敌免屠杀.lua	0	768	768	32	256	64	0	32	0	384	80	0	0	0	0		0	0	0	320
48027	scripts/Map/世界通用/ai/标准无敌免屠杀.lua	0	768	768	32	256	64	0	32	0	384	80	0	0	0	0		0	0	0	320
48028	scripts/Map/世界通用/ai/标准无敌免屠杀.lua	0	768	768	32	256	64	0	32	0	384	80	0	0	0	0		0	0	0	320
48029	scripts/Map/世界通用/ai/标准无敌免屠杀.lua	0	768	768	32	256	64	0	32	0	384	80	0	0	0	0		0	0	0	320
48030	scripts/Map/世界通用/ai/标准无敌免屠杀.lua	0	768	768	32	256	64	0	32	0	384	80	0	0	0	0		0	0	0	320
48031	scripts/Map/世界通用/ai/标准无敌免屠杀.lua	0	768	768	32	256	64	0	32	0	384	80	0	0	0	0		0	0	0	320
48032	scripts/Map/世界通用/ai/标准无敌免屠杀.lua	0	768	768	32	256	64	0	32	0	384	80	0	0	0	0		0	0	0	320
48033	scripts/Map/世界通用/ai/标准无敌免屠杀.lua	0	768	768	32	256	64	0	32	0	384	80	0	0	0	0		0	0	0	320
48034	scripts/Map/世界通用/ai/标准无敌免屠杀.lua	0	768	768	32	256	64	0	32	0	384	80	0	0	0	0		0	0	0	320
48035	scripts/Map/世界通用/ai/标准无敌免屠杀.lua	0	768	768	32	256	64	0	32	0	384	80	0	0	0	0		0	0	0	320
48036	scripts/Map/世界通用/ai/标准无敌免屠杀.lua	0	768	768	32	256	64	0	32	0	384	80	0	0	0	0		0	0	0	320
48037	scripts/Map/世界通用/ai/标准无敌免屠杀.lua	0	768	768	32	256	64	0	32	0	384	80	0	0	0	0		0	0	0	320
48038	scripts/Map/世界通用/ai/标准无敌免屠杀.lua	0	768	768	32	256	64	0	32	0	384	80	0	0	0	0		0	0	0	320
48039	scripts/Map/世界通用/ai/标准无敌免屠杀.lua	0	768	768	32	256	64	0	32	0	384	80	0	0	0	0		0	0	0	320
48040	scripts/Map/世界通用/ai/标准无敌免屠杀.lua	0	768	768	32	256	64	0	32	0	384	80	0	0	0	0		0	0	0	320
48041	scripts/Map/世界通用/ai/标准无敌免屠杀.lua	0	768	768	32	256	64	0	32	0	384	80	0	0	0	0		0	0	0	320
48042	scripts/Map/世界通用/ai/标准无敌免屠杀.lua	0	768	768	32	256	64	0	32	0	384	80	0	0	0	0		0	0	0	320
48043	scripts/Map/世界通用/ai/标准无敌免屠杀.lua	0	768	768	32	256	64	0	32	0	384	80	0	0	0	0		0	0	0	320
48044	scripts/Map/世界通用/ai/标准无敌免屠杀.lua	0	768	768	32	256	64	0	32	0	384	80	0	0	0	0		0	0	0	320
48045	scripts/Map/世界通用/ai/标准无敌免屠杀.lua	0	768	768	32	256	64	0	32	0	384	80	0	0	0	0		0	0	0	320
100398	scripts/Map/世界通用/ai/标准无敌免屠杀.lua	0	768	768	32	256	64	0	32	0	384	80	0	0	0	0		1	0	0	320
