ID	Name	CostStamina	ProfessionID	RequireLevel	RecipeLevel	NeedExpertise	RequireBranchID	RequireDoodad	ToolItemType	ToolItemIndex	PowerfulToolItemType	PowerfulToolItemIndex	EquipmentType	Exp	PrepareFrame	Belong	ResultOnLevel	RequireItemType1	RequireItemIndex1	RequireItemCount1	RequireItemType2	RequireItemIndex2	RequireItemCount2	RequireItemType3	RequireItemIndex3	RequireItemCount3	RequireItemType4	RequireItemIndex4	RequireItemCount4	RequireItemType5	RequireItemIndex5	RequireItemCount5	RequireItemType6	RequireItemIndex6	RequireItemCount6	RequireItemType7	RequireItemIndex7	RequireItemCount7	RequireItemType8	RequireItemIndex8	RequireItemCount8	CreateItemType1	CreateItemIndex1	CreateItemMin1	CreateItemMax1	CreateItemProbability1	CreateItemType2	CreateItemIndex2	CreateItemMin2	CreateItemMax2	CreateItemProbability2	CreateItemType3	CreateItemIndex3	CreateItemMin3	CreateItemMax3	CreateItemProbability3	CreateItemType4	CreateItemIndex4	CreateItemMin4	CreateItemMax4	CreateItemProbability4	CreateItemType5	CreateItemIndex5	CreateItemMin5	CreateItemMax5	CreateItemProbability5	CreateItemType6	CreateItemIndex6	CreateItemMin6	CreateItemMax6	CreateItemProbability6	CreateItemType7	CreateItemIndex7	CreateItemMin7	CreateItemMax7	CreateItemProbability7	CreateItemType8	CreateItemIndex8	CreateItemMin8	CreateItemMax8	CreateItemProbability8	_Quality	ScriptName	CoolDownID	CostVigor	ExpertiseRate
0	未知配方	0	0	0	0		0	0	0	0	0	0	-1	0	80	0	0	0	0	0	0	0	0	0	0	0	0	0	0	0	0	0	0	0	0	0	0	0	0	0	0	0	0	0	0	0	0	0	0	0	0	0	0	0	0	0	0	0	0	0	0	0	0	0	0	0	0	0	0	0	0	0	0	0	0	0	0	0	0	0	0	0			0	0
1	下品止血散	0	7	255	255			344	0	0	0	0		14		10		5	3003	2	5	3006	1																			5	3034	1	1	1048576																																					scripts/Craft/Include/Event.lua		7	0
3	下品活络散	0	7	255	255			344	0	0	0	0		14		10		5	3002	2	5	3006	1																			5	3035	1	1	1048576																																					scripts/Craft/Include/Event.lua		7	0
4	下品长生散	0	7	255	255			344	0	0	0	0		38		30		5	3003	1	5	3004	1	5	3005	1																5	2754	1	2	1048576																																					scripts/Craft/Include/Event.lua		19	0
5	下品聚魂散	0	7	255	255			344	0	0	0	0		38		20		5	3002	1	5	3006	2																			5	3039	1	1	1048576																																					scripts/Craft/Include/Event.lua		19	0
6	下品护心散	0	7	255	255			344	0	0	0	0		14		20		5	3004	2	5	3006	1																			5	3036	1	2	1048576																																					scripts/Craft/Include/Event.lua		7	0
7	下品强身散	0	7	255	255			344	0	0	0	0		14		20		5	3002	2	5	3006	1																			5	3038	1	1	1048576																																					scripts/Craft/Include/Event.lua		7	0
8	下品凝神散	0	7	255	255			344	0	0	0	0		38		30		5	3002	1	5	3004	1	5	3005	1																5	2755	1	2	1048576																																					scripts/Craft/Include/Event.lua		19	0
9	下品健骨散	0	7	255	255			344	0	0	0	0		38		20		5	3013	2	5	3006	1																			5	3047	1	1	1048576																																					scripts/Craft/Include/Event.lua		19	0
10	下品万灵散	0	7	255	255			344	0	0	0	0		38		10		5	3002	1	5	3003	1	5	3004	1	5	3010	1	5	3006	1										5	3037	1	2	1048576																																					scripts/Craft/Include/Event.lua		19	0
11	中品止血散	0	7	255	255			344	0	0	0	0		18		10		5	3012	2	5	3006	1																			5	3042	1	1	1048576																																					scripts/Craft/Include/Event.lua		9	0
12	下品补筋散	0	7	255	255			344	0	0	0	0		50		20		5	3013	1	5	3006	2																			5	3046	1	1	1048576																																					scripts/Craft/Include/Event.lua		25	0
14	下品金创散	0	7	255	255			344	0	0	0	0		50		30		5	3002	1	5	3013	1	5	979	1	5	3006	1													5	3043	1	2	1048576																																					scripts/Craft/Include/Event.lua		25	0
15	太白丹	0	7	255	255			344	0	0	0	0		50		20		5	3012	1	5	3013	1	5	972	1	5	3006	1													5	2756	1	2	1048576																																					scripts/Craft/Include/Event.lua		25	0
16	中品活络散	0	7	255	255			344	0	0	0	0		18		10		5	3013	2	5	3006	1																			5	3044	1	1	1048576																																					scripts/Craft/Include/Event.lua		9	0
17	下品定痛散	0	7	255	255			344	0	0	0	0		50		30		5	3014	1	5	3013	1	5	3006	1																5	3049	1	1	1048576																																					scripts/Craft/Include/Event.lua		25	0
18	中品长生散	0	7	255	255			344	0	0	0	0		18		30		5	3014	2	5	3005	1	5	0	0																5	2757	1	1	1048576																																					scripts/Craft/Include/Event.lua		9	0
19	飞鱼丸	0	7	255	255			344	0	0	0	0		50		40		5	3014	3	5	3005	2	5	3012	2																5	3048	1	1	1048576																																					scripts/Craft/Include/Event.lua		25	0
20	中品凝神散	0	7	255	255			344	0	0	0	0		50		30		5	3013	1	5	3014	1	5	3005	1																5	2758	1	2	1048576																																					scripts/Craft/Include/Event.lua		25	0
21	下品逍遥散	0	7	255	255			344	0	0	0	0		50		40		5	3014	3	5	3010	2	5	3006	2																5	2759	1	1	1048576																																					scripts/Craft/Include/Event.lua		25	0
22	下品玉露散	0	7	255	255			344	0	0	0	0		50		30		5	3014	2	5	979	1	5	3005	1																5	2760	1	1	1048576																																					scripts/Craft/Include/Event.lua		25	0
24	避水银针	0	7	255	255			344	0	0	0	0		74		40		5	972	1	5	3012	2	5	3009	2																5	3050	1	1	1048576																																					scripts/Craft/Include/Event.lua		37	0
25	下品闭气散	0	7	255	255			344	0	0	0	0		74		40		5	979	1	5	3004	2	5	3014	2	5	3005	2	5	0	0										5	3051	1	1	1048576																																					scripts/Craft/Include/Event.lua		37	0
26	上品止血散	0	7	255	255			344	0	0	0	0		26		10		5	3018	2	5	3006	1	5	0	0																5	3054	1	1	1048576																																					scripts/Craft/Include/Event.lua		13	0
27	上品活络散	0	7	255	255			344	0	0	0	0		74		10		5	3016	2	5	3013	1	5	3006	1																5	3053	1	1	1048576																																					scripts/Craft/Include/Event.lua		37	0
28	中品万灵散	0	7	255	255			344	0	0	0	0		74		10		5	3018	1	5	3016	1	5	3010	1	5	3006	1													5	3055	1	1	1048576																																					scripts/Craft/Include/Event.lua		37	0
29	中品金创散	0	7	255	255			344	0	0	0	0		74		30		5	3006	2	5	3013	2	5	979	1	5	0	0													5	3056	1	1	1048576																																					scripts/Craft/Include/Event.lua		37	0
30	中品补筋散	0	7	255	255			344	0	0	0	0		26		20		5	3016	2	5	3006	1	5	0	0																5	3074	1	1	1048576																																					scripts/Craft/Include/Event.lua		13	0
31	中品定痛散	0	7	255	255			344	0	0	0	0		74		30		5	3006	2	5	3016	2	5	972	1	5	0	0													5	3058	1	1	1048576																																					scripts/Craft/Include/Event.lua		37	0
32	下品金元散	0	7	255	255			344	0	0	0	0		74		30		5	3017	2	5	3006	1	5	0	0																5	3059	1	1	1048576																																					scripts/Craft/Include/Event.lua		37	0
33	下品化功散	0	7	255	255			344	0	0	0	0		74		40		5	3018	1	5	3004	1	5	3017	1	5	3006	1													5	2761	1	1	1048576																																					scripts/Craft/Include/Event.lua		37	0
34	下品亢龙散	0	7	255	255			344	0	0	0	0		86		30		5	3006	2	5	3017	2	5	979	1	5	0	0													5	3061	1	1	1048576																																					scripts/Craft/Include/Event.lua		43	0
35	中品护心散	0	7	255	255			344	0	0	0	0		30		20		5	3017	2	5	3006	1	5	0	0																5	3062	1	1	1048576																																					scripts/Craft/Include/Event.lua		15	0
36	中品强身散	0	7	255	255			344	0	0	0	0		86		20		5	979	1	5	3018	2	5	3006	2																5	3063	1	1	1048576																																					scripts/Craft/Include/Event.lua		43	0
37	中品聚魂散	0	7	255	255			344	0	0	0	0		86		20		5	972	1	5	3021	2	5	3006	2																5	3064	1	1	1048576																																					scripts/Craft/Include/Event.lua		43	0
38	上品长生散	0	7	255	255			344	0	0	0	0		86		30		5	3018	1	5	3017	1	5	3005	1																5	2762	1	1	1048576																																					scripts/Craft/Include/Event.lua		43	0
39	上品凝神散	0	7	255	255			344	0	0	0	0		86		30		5	3016	1	5	3017	1	5	3005	1																5	2763	1	1	1048576																																					scripts/Craft/Include/Event.lua		43	0
40	中品健骨散	0	7	255	255			344	0	0	0	0		86		20		5	3006	4	5	3020	2	5	0	0																5	3075	1	1	1048576																																					scripts/Craft/Include/Event.lua		43	0
41	下品止血丸	0	7	255	255			344	0	0	0	0		30		10		5	3020	2	5	3005	1	5	0	0																5	3067	1	1	1048576																																					scripts/Craft/Include/Event.lua		15	0
43	下品活络丸	0	7	255	255			344	0	0	0	0		30		10		5	3021	2	5	3005	1	5	0	0																5	3066	1	1	1048576																																					scripts/Craft/Include/Event.lua		15	0
44	健胃散	0	7	255	255			344	0	0	0	0		86		40		5	3004	2	5	3017	2	5	3022	2	5	3006	1	5	0	0										5	3554	1	1	1048576																																					scripts/Craft/Include/Event.lua		43	0
45	辟邪散	0	7	255	255			344	0	0	0	0		86		40		5	3022	2	5	3006	2	5	0	0																5	3072	1	1	1048576																																					scripts/Craft/Include/Event.lua		43	0
46	中品逍遥散	0	7	255	255			344	0	0	0	0		110		40		5	3021	3	5	3022	2	5	3006	2	5	979	1													5	3555	1	1	1048576																																					scripts/Craft/Include/Event.lua		55	0
47	上品金创散	0	7	255	255			344	0	0	0	0		110		30		5	3020	2	5	972	2	5	3006	1	0	0														5	3068	1	1	1048576																																					scripts/Craft/Include/Event.lua		55	0
48	上品定痛散	0	7	255	255			344	0	0	0	0		110		30		5	3021	2	5	979	2	5	3006	1	5	0	0													5	3069	1	1	1048576																																					scripts/Craft/Include/Event.lua		55	0
49	下品幽冥散	0	7	255	255			344	0	0	0	0		110		30		5	3006	2	5	3022	1	5	3016	1	5	972	1	5	0	0										5	3076	1	1	1048576																																					scripts/Craft/Include/Event.lua		55	0
50	下品霹雳散	0	7	255	255			344	0	0	0	0		110		30		5	3006	2	5	3020	1	5	3017	1	5	972	1	5	0	0										5	3077	1	1	1048576																																					scripts/Craft/Include/Event.lua		55	0
51	下品烈火散	0	7	255	255			344	0	0	0	0		110		30		5	3006	2	5	3021	1	5	3018	1	5	972	1	5	0	0										5	3078	1	1	1048576																																					scripts/Craft/Include/Event.lua		55	0
52	中品止血丸	0	7	255	255			344	0	0	0	0		38		10		5	3025	2	5	3005	1	5	0	0																5	3080	1	1	1048576																																					scripts/Craft/Include/Event.lua		19	0
53	中品活络丸	0	7	255	255			344	0	0	0	0		110		10		5	3021	2	5	3024	2	5	3005	1																5	3079	1	1	1048576																																					scripts/Craft/Include/Event.lua		55	0
54	软筋针	0	7	255	255		0	344	0	0	0	0		110		40		5	3009	4	5	3022	4	5	0	0																5	2764	1	1	1048576																																					scripts/Craft/Include/Event.lua		55	0
55	避水金针	0	7	255	255		0	344	0	0	0	0		110		40		5	974	1	5	3025	4	5	3008	2																5	3081	1	1	1048576																																					scripts/Craft/Include/Event.lua		55	0
56	上品万灵散	0	7	255	255			344	0	0	0	0		110		10		5	3024	3	5	3025	3	5	3010	2	5	3006	1													5	3082	1	1	1048576																																					scripts/Craft/Include/Event.lua		55	0
57	上品护心散	0	7	255	255			344	0	0	0	0		110		20		5	973	1	5	3025	4	5	3006	2																5	3083	1	1	1048576																																					scripts/Craft/Include/Event.lua		55	0
58	上品聚魂散	0	7	255	255			344	0	0	0	0		38		20		5	3024	2	5	3006	1	5	0	0																5	3085	1	1	1048576																																					scripts/Craft/Include/Event.lua		19	0
59	中品亢龙散	0	7	255	255		0	344	0	0	0	0		110		30		5	973	1	5	3026	4	5	3022	4	5	3006	2	5	0	0										5	3093	1	1	1048576																																					scripts/Craft/Include/Event.lua		55	0
60	下品金创丸	0	7	255	255		0	344	0	0	0	0		110		30		5	974	1	5	3027	4	5	3022	4	5	3006	2	5	0	0										5	3086	1	1	1048576																																					scripts/Craft/Include/Event.lua		55	0
61	上品强身散	0	7	255	255			344	0	0	0	0		38		20		5	3027	2	5	3006	1	5	0	0																5	3084	1	1	1048576																																					scripts/Craft/Include/Event.lua		19	0
62	摧心针	0	7	255	255		0	344	0	0	0	0		110		40		5	974	1	5	3024	4	5	3009	2	5	0	0													5	2765	1	1	1048576																																					scripts/Craft/Include/Event.lua		55	0
63	中品金元散	0	7	255	255		0	344	0	0	0	0		110		30		5	973	1	5	3027	4	5	3006	2	5	0	0													5	3090	1	1	1048576																																					scripts/Craft/Include/Event.lua		55	0
64	五毒针	0	7	255	255		0	344	0	0	0	0		110		30		5	3009	2	5	3025	4	5	3027	4	5	0	0													5	2766	1	1	1048576																																					scripts/Craft/Include/Event.lua		55	0
65	下品定痛丸	0	7	255	255		0	344	0	0	0	0		110		30		5	3006	2	5	3026	4	5	3027	4	5	0	0	5	0	0										5	3087	1	1	1048576																																					scripts/Craft/Include/Event.lua		55	0
66	中品化功散	0	7	255	255			344	0	0	0	0		122		40		5	3007	2	5	3024	5	5	973	1	5	3010	1	5	0	0										5	2767	1	1	1048576																																					scripts/Craft/Include/Event.lua		61	0
68	下品长生丸	0	7	255	255			344	0	0	0	0		122		30		5	3030	2	5	3028	2	5	3010	1	5	3006	1													5	2721	1	1	1048576																																					scripts/Craft/Include/Event.lua		61	0
69	下品凝神丸	0	7	255	255			344	0	0	0	0		122		30		5	3030	2	5	3029	2	5	3010	1	5	3006	1													5	2722	1	1	1048576																																					scripts/Craft/Include/Event.lua		61	0
70	下品展凤散	0	7	255	255		0	344	0	0	0	0		122		30		5	3006	2	5	3024	4	5	3026	2	5	0	0													5	3560	1	1	1048576																																					scripts/Craft/Include/Event.lua		61	0
71	正骨膏	0	7	255	255		0	344	0	0	0	0		122		40		5	3028	10	5	3030	5	5	3010	2	5	3007	2	5	0	0										5	3089	1	1	1048576																																					scripts/Craft/Include/Event.lua		61	0
72	上品补筋散	0	7	255	255			344	0	0	0	0		122		20		5	3006	2	5	3029	4	5	0	0																5	3095	1	1	1048576																																					scripts/Craft/Include/Event.lua		61	0
73	上品健骨散	0	7	255	255			344	0	0	0	0		122		20		5	3006	2	5	3028	4	5	0	0																5	3096	1	1	1048576																																					scripts/Craft/Include/Event.lua		61	0
74	涣精针	0	7	255	255			344	0	0	0	0		122		40		5	3009	2	5	3032	4	5	0	0																5	2768	1	1	1048576																																					scripts/Craft/Include/Event.lua		61	0
75	钻心针	0	7	255	255			344	0	0	0	0		122		40		5	3009	2	5	3031	5	5	0	0	5	0	0													5	2769	1	1	1048576																																					scripts/Craft/Include/Event.lua		61	0
76	上品止血丸	0	7	255	255			344	0	0	0	0		42		10		5	3028	2	5	3006	1	5	0	0																5	3098	1	1	1048576																																					scripts/Craft/Include/Event.lua		21	0
77	上品活络丸	0	7	255	255			344	0	0	0	0		122		10		5	3029	3	5	3024	3	5	3006	1																5	3097	1	1	1048576																																					scripts/Craft/Include/Event.lua		61	0
78	中品金创丸	0	7	255	255		0	344	0	0	0	0		122		30		5	974	2	5	3028	5	5	3030	5	5	3007	5	5	0	0										5	3102	1	1	1048576																																					scripts/Craft/Include/Event.lua		61	0
79	上品亢龙散	0	7	255	255		0	344	0	0	0	0		122		30		5	973	2	5	3030	3	5	3032	5	5	3007	5	5	0	0										5	3563	1	1	1048576																																					scripts/Craft/Include/Event.lua		61	0
80	中品闭气散	0	7	255	255			344	0	0	0	0		122		40		5	3028	5	5	3030	5	5	3007	5	5	0	0	5	0	0										5	3101	1	1	1048576																																					scripts/Craft/Include/Event.lua		61	0
81	下品吸星散	0	7	255	255			344	0	0	0	0		122		40		5	3028	5	5	3010	1	5	3007	5	5	0	0													5	3108	1	1	1048576																																					scripts/Craft/Include/Event.lua		61	0
82	上品逍遥散	0	7	255	255			344	0	0	0	0		122		40		5	3030	5	5	3010	1	5	3007	5	5	0	0													5	3099	1	1	1048576																																					scripts/Craft/Include/Event.lua		61	0
83	空山新雨	0	7	255	255			344	0	0	0	0		122		40		5	3028	4	5	3029	4	5	3007	5	5	0	0													5	3116	1	1	1048576																																					scripts/Craft/Include/Event.lua		61	0
84	下品强身丸	0	7	255	255			344	0	0	0	0		42		20		5	3031	2	5	3006	1	5	0	0	5	0	0													5	3125	1	1	1048576																																					scripts/Craft/Include/Event.lua		21	0
85	下品健骨丸	0	7	255	255			344	0	0	0	0		122		20		5	3010	1	5	3032	4	5	3006	2	5	0	0													5	3126	1	1	1048576																																					scripts/Craft/Include/Event.lua		61	0
86	下品聚魂丸	0	7	255	255			344	0	0	0	0		122		20		5	3010	1	5	3029	4	5	3006	2	5	0	0													5	3127	1	1	1048576																																					scripts/Craft/Include/Event.lua		61	0
87	下品调和散	0	7	255	255		0	344	0	0	0	0		122		30		5	3010	1	5	3029	4	5	3032	4	5	3006	2	5	0	0										5	3103	1	1	1048576																																					scripts/Craft/Include/Event.lua		61	0
88	下品护心丸	0	7	255	255		0	344	0	0	0	0		122		20		5	3010	2	5	3030	4	5	3007	5	5	0	0													5	3123	1	1	1048576																																					scripts/Craft/Include/Event.lua		61	0
89	下品补筋丸	0	7	255	255		0	344	0	0	0	0		122		20		5	3010	2	5	3032	4	5	3007	5	5	0	0													5	3124	1	1	1048576																																					scripts/Craft/Include/Event.lua		61	0
90	中品幽冥散	0	7	255	255		0	344	0	0	0	0		122		30		5	6646	1	5	3029	2	5	3032	2	5	979	1	5	0	0										5	3104	1	1	1048576																																					scripts/Craft/Include/Event.lua		61	0
91	中品霹雳散	0	7	255	255		0	344	0	0	0	0		122		30		5	6646	1	5	3029	2	5	3031	2	5	979	1	5	0	0										5	3105	1	1	1048576																																					scripts/Craft/Include/Event.lua		61	0
92	中品烈火散	0	7	255	255		0	344	0	0	0	0		122		30		5	6646	1	5	3029	2	5	3028	2	5	979	1	5	0	0										5	3106	1	1	1048576																																					scripts/Craft/Include/Event.lua		61	0
93	下品止血膏	0	7	255	255			344	0	0	0	0		42		10		5	3028	2	5	3006	1	5	0	0	5	0	0													5	3113	1	1	1048576																																					scripts/Craft/Include/Event.lua		21	0
94	下品活络膏	0	7	255	255			344	0	0	0	0		122		10		5	3029	3	5	3024	3	5	979	1	5	3006	1													5	3109	1	1	1048576																																					scripts/Craft/Include/Event.lua		61	0
95	下品万灵丸	0	7	255	255			344	0	0	0	0		122		10		5	5000	1	5	4999	1	5	6646	1	5	0	0	5	0	0										5	3111	1	1	1048576																																					scripts/Craft/Include/Event.lua		61	0
96	沐火丹	0	7	255	255			344	0	0	0	0		122		40		5	3007	2	5	3030	3	5	3029	5	5	3010	2	5	0	0										5	3107	1	1	1048576																																					scripts/Craft/Include/Event.lua		61	0
97	破冰丸	0	7	255	255		0	344	0	0	0	0		122		40		5	3007	2	5	3030	3	5	3032	5	5	3010	2	5	0	0										5	3117	1	1	1048576																																					scripts/Craft/Include/Event.lua		61	0
98	混元丹	0	7	255	255		0	344	0	0	0	0		122		40		5	3031	5	5	3030	5	5	3010	2	5	3007	2	5	0	0										5	3118	1	1	1048576																																					scripts/Craft/Include/Event.lua		61	0
100	金针・烟	0	7	255	255			344	0	0	0	0		122		40		5	3028	5	5	973	1	5	3008	1	5	0	0	5	0	0										5	2771	1	1	1048576																																					scripts/Craft/Include/Event.lua		61	0
101	金针・影	0	7	255	255			344	0	0	0	0		122		40		5	3008	1	5	974	1	5	3029	5	5	0	0	5	0	0										5	2772	1	1	1048576																																					scripts/Craft/Include/Event.lua		61	0
104	万花丹	0	7	255	255		0	344	0	0	0	0		122		30		5	3031	5	5	974	1	5	3010	2	5	3007	5	5	0	0										5	2775	1	1	1048576																																					scripts/Craft/Include/Event.lua		61	0
105	中品玉露散	0	7	255	255		0	344	0	0	0	0		122		30		5	3032	5	5	973	1	5	3010	2	5	3007	5	5	0	0										5	2776	1	1	1048576																																					scripts/Craft/Include/Event.lua		61	0
107	中品展凤散	0	7	255	255		0	344	0	0	0	0		122		30		5	3029	5	5	3032	3	5	974	1	5	3006	1													5	3570	1	1	1048576																																					scripts/Craft/Include/Event.lua		61	0
108	下品亢龙丸	0	7	255	255		0	344	0	0	0	0		122		30		5	3028	5	5	3031	3	5	973	1	5	3006	1													5	2744	1	1	1048576																																					scripts/Craft/Include/Event.lua		61	0
110	中品吸星散	0	7	255	255			344	0	0	0	0		122		40		5	3028	5	5	3010	2	5	3030	5	5	3007	2	5	0	0										5	3119	1	1	1048576																																					scripts/Craft/Include/Event.lua		61	0
111	中品止血膏	0	7	255	255			344	0	0	0	0		122		10		5	5000	1	5	3007	1	5	0	0																5	3130	1	1	1048576																																					scripts/Craft/Include/Event.lua		61	0
113	中品活络膏	0	7	255	255			344	0	0	0	0		122		10		5	4999	1	5	3007	1	5	0	0																5	3129	1	1	1048576																																					scripts/Craft/Include/Event.lua		61	0
118	下品逍遥丸	0	7	255	255		0	344	0	0	0	0		122		40		5	5000	1	5	6648	2	5	0	0	5	0	0	5	0	0										5	3132	1	1	1048576																																					scripts/Craft/Include/Event.lua		61	0
131	魄元散	0	7	255	255		0	344	0	0	0	0	-1	30	80	50	0	5	3032	5	5	3021	5	5	3016	5	5	3024	5	5	974	1	0	0	0	0	0	0	0	0	0	5	4999	1	1	1048576	0	0	0	0	0	0	0	0	0	0	0	0	0	0	0	0	0	0	0	0	0	0	0	0	0	0	0	0	0	0	0	0	0	0	0	0	scripts/Craft/Include/Event.lua		15	0
132	金刚散	0	7	255	255		0	344	0	0	0	0	-1	30	80	50	0	5	3028	5	5	3020	5	5	3018	5	5	3025	5	5	6648	1	0	0	0	0	0	0	0	0	0	5	5000	1	1	1048576	0	0	0	0	0	0	0	0	0	0	0	0	0	0	0	0	0	0	0	0	0	0	0	0	0	0	0	0	0	0	0	0	0	0	0	0	scripts/Craft/Include/Event.lua		15	0
133	下品玄阴散	0	7	255	255		0	344	0	0	0	0	-1	122	80	30	0	5	974	1	5	3031	4	5	3032	4	5	3006	1	0	0	0	0	0	0	0	0	0	0	0	0	5	4996	1	1	1048576	0	0	0	0	0	0	0	0	0	0	0	0	0	0	0	0	0	0	0	0	0	0	0	0	0	0	0	0	0	0	0	0	0	0	0	0	scripts/Craft/Include/Event.lua		61	0
134	下品罡阳散	0	7	255	255		0	344	0	0	0	0	-1	122	80	30	0	5	973	1	5	3028	4	5	3032	4	5	3007	1	0	0	0	0	0	0	0	0	0	0	0	0	5	4997	1	1	1048576	0	0	0	0	0	0	0	0	0	0	0	0	0	0	0	0	0	0	0	0	0	0	0	0	0	0	0	0	0	0	0	0	0	0	0	0	scripts/Craft/Include/Event.lua		61	0
137	下品静心散	0	7	255	255		0	344	0	0	0	0		122		40		5	3032	3	5	6646	1	5	973	1	5	974	1	5	3024	3										5	6869	1	1	1048576																																					scripts/Craft/Include/Event.lua		61	0
139	截元丹	0	7	255	255		0	344	0	0	0	0		122		40		5	3030	3	5	6646	1	5	973	1	5	974	1	5	3026	3										5	6870	1	1	1048576																																					scripts/Craft/Include/Event.lua		61	0
140	下品益气散	0	7	255	255		0	344	0	0	0	0		42		30		5	3028	3	5	6646	1	5	973	1	5	974	1	5	3031	3										5	6871	1	1	1048576																																					scripts/Craft/Include/Event.lua		21	0
141	纳元丹	0	7	255	255		0	344	0	0	0	0	-1	122	80	40	0	5	3029	2	5	6646	2	5	0	0	0	0	0	0	0	0	0	0	0	0	0	0	0	0	0	5	7053	8	12	1048576	0	0	0	0	0	0	0	0	0	0	0	0	0	0	0	0	0	0	0	0	0	0	0	0	0	0	0	0	0	0	0	0	0	0	0	0	scripts/Craft/Include/Event.lua		61	0
142	下品护心丹	0	7	255	255			344	0	0	0	0		122		20		5	3030	2	5	3028	2	5	3007	2	5	974	2													5	9689	1	1	1048576																																					scripts/Craft/Include/Event.lua		61	0
143	下品展凤丹	0	7	255	255			344	0	0	0	0		122		30		5	3032	4	5	3031	4	5	3007	2	5	973	2													5	9690	1	1	1048576																																					scripts/Craft/Include/Event.lua		61	0
144	下品长生丹	0	7	255	255			344	0	0	0	0		122		30		5	9692	4	5	9693	2	5	3007	1																5	9691	1	1	1048576																																					scripts/Craft/Include/Event.lua		61	0
145	下品凝神丹	0	7	255	255			344	0	0	0	0		122		30		5	9692	4	5	3030	4	5	6646	1																5	9694	1	1	1048576																																					scripts/Craft/Include/Event.lua		61	0
146	下品健骨丹	0	7	255	255			344	0	0	0	0		122		20		5	3032	4	5	3031	4	5	3007	2	5	974	2													5	9695	1	1	1048576																																					scripts/Craft/Include/Event.lua		61	0
147	下品亢龙丹	0	7	255	255			344	0	0	0	0		122		30		5	3030	4	5	3028	4	5	3007	2	5	973	2													5	9696	1	1	1048576																																					scripts/Craft/Include/Event.lua		61	0
148	下品万通丹	0	7	255	255			344	0	0	0	0		122		40		5	9692	2	5	9693	2	5	3007	1																5	9697	1	1	1048576																																					scripts/Craft/Include/Event.lua		61	0
149	蜀元露	0	7	255	255			344	0	0	0	0		42		50		5	9692	4	5	9693	4	5	9699	4	5	3010	4													5	9698	1	1	1048576																																					scripts/Craft/Include/Event.lua		21	0
150	下品聚魂丹	0	7	255	255			344	0	0	0	0		122		20		5	3030	2	5	3028	2	5	3007	2	5	974	2													5	9700	1	1	1048576																																					scripts/Craft/Include/Event.lua		61	0
151	下品益气丸	0	7	255	255			344	0	0	0	0		122		30		5	3032	4	5	3031	4	5	3007	2	5	973	2													5	9701	1	1	1048576																																					scripts/Craft/Include/Event.lua		61	0
152	下品止血丹	0	7	255	255			344	0	0	0	0		122		10		5	9693	4	5	3028	4	5	6646	1																5	9702	1	1	1048576																																					scripts/Craft/Include/Event.lua		61	0
153	下品活络丹	0	7	255	255			344	0	0	0	0		122		10		5	9692	4	5	3029	4	5	6646	1																5	9703	1	1	1048576																																					scripts/Craft/Include/Event.lua		61	0
154	下品补筋丹	0	7	255	255			344	0	0	0	0		122		20		5	3030	2	5	3028	2	5	3007	2	5	974	2													5	9704	1	1	1048576																																					scripts/Craft/Include/Event.lua		61	0
155	下品破秽丹	0	7	255	255			344	0	0	0	0		122		30		5	3032	4	5	3031	4	5	3007	2	5	973	2													5	9705	1	1	1048576																																					scripts/Craft/Include/Event.lua		61	0
156	下品强身丹	0	7	255	255			344	0	0	0	0		122		20		5	3030	2	5	3028	2	5	3007	2	5	974	2													5	9706	1	1	1048576																																					scripts/Craft/Include/Event.lua		61	0
157	下品金创丹	0	7	255	255			344	0	0	0	0		122		30		5	3032	4	5	3031	4	5	3007	2	5	973	2													5	9707	1	1	1048576																																					scripts/Craft/Include/Event.lua		61	0
158	下品万灵丹	0	7	255	255			344	0	0	0	0		122		10		5	9699	4	5	3032	4	5	6646	1																5	9708	1	1	1048576																																					scripts/Craft/Include/Event.lua		61	0
159	素针・封	0	7	255	255	1		344	0	0	0	0		162		40		5	9692	4	5	3028	4	5	3010	1	5	3008	5													5	9710	1	1	1048576																																					scripts/Craft/Include/Event.lua		81	0
160	素针・锢	0	7	255	255	1		344	0	0	0	0		162		40		5	9693	4	5	3031	4	5	3010	1	5	3008	5													5	9712	1	1	1048576																																					scripts/Craft/Include/Event.lua		81	0
164	上品定痛丸	0	7	255	255	1		344	0	0	0	0		162		30		5	9692	4	5	3028	4	5	3010	1	5	9571	2													5	9720	1	1	1048576																																					scripts/Craft/Include/Event.lua		81	0
165	上品金创丸	0	7	255	255	1		344	0	0	0	0		162		30		5	9693	4	5	3031	4	5	3010	1	5	9571	2													5	9722	1	1	1048576																																					scripts/Craft/Include/Event.lua		81	0
166	中品金元丹	0	7	255	255	1		344	0	0	0	0		162		30		5	9699	4	5	3032	4	5	3010	1	5	9571	2													5	9724	1	1	1048576																																					scripts/Craft/Include/Event.lua		81	0
167	中品玄阴丹	0	7	255	255	1		344	0	0	0	0		162		30		5	9692	4	5	3029	4	5	3010	1	5	9571	2													5	9726	1	1	1048576																																					scripts/Craft/Include/Event.lua		81	0
169	上品玉露散	0	7	255	255	1		344	0	0	0	0		122		30		5	9693	4	5	3032	4	5	6646	1	5	9571	2	5	3010	2										5	9730	1	1	1048576																																					scripts/Craft/Include/Event.lua		61	0
170	中品万花丹	0	7	255	255	1		344	0	0	0	0		162		30		5	9692	4	5	3028	4	5	6646	1	5	9571	2	5	3010	2										5	9732	1	1	1048576																																					scripts/Craft/Include/Event.lua		81	0
171	素针・破	0	7	255	255	1		344	0	0	0	0		162		40		5	9693	5	5	3029	4	5	3008	1	5	9571	2	5	3010	2										5	9734	1	1	1048576																																					scripts/Craft/Include/Event.lua		81	0
172	素针・禁	0	7	255	255	1		344	0	0	0	0		162		40		5	9692	5	5	3028	4	5	3008	1	5	9571	2	5	3010	2										5	9736	1	1	1048576																																					scripts/Craft/Include/Event.lua		81	0
173	中品止血丹	0	7	255	255	1		344	0	0	0	0		162		10		5	4999	1	5	3010	2	5	6646	2	5	9571	2													5	9738	1	1	1048576																																					scripts/Craft/Include/Event.lua		81	0
174	中品活络丹	0	7	255	255	1		344	0	0	0	0		162		10		5	5000	1	5	3010	2	5	6646	2	5	9571	2													5	9740	1	1	1048576																																					scripts/Craft/Include/Event.lua		81	0
175	中品凝神丹	0	7	255	255	1		344	0	0	0	0		162		30		5	9693	5	5	9699	5	5	6646	5	5	9571	2	5	3010	2										5	9742	1	1	1048576																																					scripts/Craft/Include/Event.lua		81	0
176	中品长生丹	0	7	255	255	1		344	0	0	0	0		162		30		5	9692	5	5	6646	5	5	9571	2	5	3010	2	5	9699	5										5	9744	1	1	1048576																																					scripts/Craft/Include/Event.lua		81	0
177	中品护心丹	0	7	255	255	1		344	0	0	0	0		162		20		5	9698	1	5	6648	1	5	9571	4																5	9746	1	1	1048576																																					scripts/Craft/Include/Event.lua		81	0
178	中品静心丸	0	7	255	255	1		344	0	0	0	0		162		30		5	9698	1	5	6648	1	5	9571	4																5	9748	1	1	1048576																																					scripts/Craft/Include/Event.lua		81	0
179	中品补筋丹	0	7	255	255	1		344	0	0	0	0		162		20		5	9698	1	5	6648	1	5	9571	4																5	9750	1	1	1048576																																					scripts/Craft/Include/Event.lua		81	0
180	中品破秽丹	0	7	255	255	1		344	0	0	0	0		162		30		5	9698	1	5	6648	1	5	9571	4																5	9752	1	1	1048576																																					scripts/Craft/Include/Event.lua		81	0
181	中品聚魂丹	0	7	255	255	1		344	0	0	0	0		162		20		5	9698	1	5	6648	1	5	9571	4																5	9754	1	1	1048576																																					scripts/Craft/Include/Event.lua		81	0
182	中品亢龙丹	0	7	255	255	1		344	0	0	0	0		162		30		5	9698	1	5	6648	1	5	9571	4																5	9756	1	1	1048576																																					scripts/Craft/Include/Event.lua		81	0
183	中品强身丹	0	7	255	255	1		344	0	0	0	0		162		20		5	9698	1	5	6648	1	5	9571	4																5	9758	1	1	1048576																																					scripts/Craft/Include/Event.lua		81	0
185	中品健骨丹	0	7	255	255	1		344	0	0	0	0		162		20		5	9698	1	5	6648	1	5	9571	4																5	9761	1	1	1048576																																					scripts/Craft/Include/Event.lua		81	0
186	中品展凤丹	0	7	255	255	1		344	0	0	0	0		162		30		5	9698	1	5	6648	1	5	9571	4																5	9763	1	1	1048576																																					scripts/Craft/Include/Event.lua		81	0
187	中品聚元丹	0	7	255	255	1		344	0	0	0	0		162		30		5	9693	4	5	3029	4	5	6646	1	5	9571	2	5	3010	2										5	9765	1	1	1048576																																					scripts/Craft/Include/Event.lua		81	0
188	中品聚神丹	0	7	255	255	1		344	0	0	0	0		162		30		5	9692	4	5	3030	4	5	6646	1	5	9571	2	5	3010	2										5	9767	1	1	1048576																																					scripts/Craft/Include/Event.lua		81	0
189	素针・定	0	7	255	255	1		344	0	0	0	0		162		40		5	9698	1	5	9571	5	5	3008	5	5	6648	2													5	9769	1	1	1048576																																					scripts/Craft/Include/Event.lua		81	0
190	素针・缓	0	7	255	255	1		344	0	0	0	0		162		40		5	9698	1	5	9571	5	5	3008	5	5	6648	2													5	9771	1	1	1048576																																					scripts/Craft/Include/Event.lua		81	0
191	中品罡阳散	0	7	255	255	1	0	344	0	0	0	0	-1	162	80	30	0	5	9692	4	5	3029	4	5	3010	1	5	9571	2	0	0	0	0	0	0	0	0	0	0	0	0	5	9838	1	1	1048576	0	0	0	0	0	0	0	0	0	0	0	0	0	0	0	0	0	0	0	0	0	0	0	0	0	0	0	0	0	0	0	0	0	0	0	0	scripts/Craft/Include/Event.lua		81	0
192	中品调和散	0	7	255	255	1	0	344	0	0	0	0	-1	162	80	30	0	5	9693	4	5	3030	4	5	3010	1	5	9571	2	0	0	0	0	0	0	0	0	0	0	0	0	5	9837	1	1	1048576	0	0	0	0	0	0	0	0	0	0	0	0	0	0	0	0	0	0	0	0	0	0	0	0	0	0	0	0	0	0	0	0	0	0	0	0	scripts/Craft/Include/Event.lua		81	0
193	舒筋益气丹	0	7	255	255		0	344	0	0	0	0	-1	38	80	40	0	5	3030	4	5	10171	1	0	0	0	0	0	0	0	0	0	0	0	0	0	0	0	0	0	0	5	9822	1	1	1048576	0	0	0	0	0	0	0	0	0	0	0	0	0	0	0	0	0	0	0	0	0	0	0	0	0	0	0	0	0	0	0	0	0	0	0	0	scripts/Craft/Include/Event.lua		19	0
194	般若水	0	7	255	255	1	0	344	0	0	0	0	-1	30	80	30	0	5	9699	2	5	3029	4	5	6646	1	0	0	0	0	0	0	0	0	0	0	0	0	0	0	0	5	10292	1	1	1048576	0	0	0	0	0	0	0	0	0	0	0	0	0	0	0	0	0	0	0	0	0	0	0	0	0	0	0	0	0	0	0	0	0	0	0	0	scripts/Craft/Include/Event.lua		15	0
195	意气水	0	7	255	255	1	0	344	0	0	0	0	-1	30	80	30	0	5	9699	2	5	3029	4	5	6646	1	0	0	0	0	0	0	0	0	0	0	0	0	0	0	0	5	10293	1	1	1048576	0	0	0	0	0	0	0	0	0	0	0	0	0	0	0	0	0	0	0	0	0	0	0	0	0	0	0	0	0	0	0	0	0	0	0	0	scripts/Craft/Include/Event.lua		15	0
196	重黎水	0	7	255	255	1	0	344	0	0	0	0	-1	30	80	30	0	5	9699	2	5	3029	4	5	6646	1	0	0	0	0	0	0	0	0	0	0	0	0	0	0	0	5	10294	1	1	1048576	0	0	0	0	0	0	0	0	0	0	0	0	0	0	0	0	0	0	0	0	0	0	0	0	0	0	0	0	0	0	0	0	0	0	0	0	scripts/Craft/Include/Event.lua		15	0
197	逸隐水	0	7	255	255	1	0	344	0	0	0	0	-1	30	80	30	0	5	9699	2	5	3029	4	5	6646	1	0	0	0	0	0	0	0	0	0	0	0	0	0	0	0	5	10295	1	1	1048576	0	0	0	0	0	0	0	0	0	0	0	0	0	0	0	0	0	0	0	0	0	0	0	0	0	0	0	0	0	0	0	0	0	0	0	0	scripts/Craft/Include/Event.lua		15	0
198	赤炼水	0	7	255	255	1	0	344	0	0	0	0	-1	30	80	30	0	5	9699	2	5	3029	4	5	6646	1	0	0	0	0	0	0	0	0	0	0	0	0	0	0	0	5	10296	1	1	1048576	0	0	0	0	0	0	0	0	0	0	0	0	0	0	0	0	0	0	0	0	0	0	0	0	0	0	0	0	0	0	0	0	0	0	0	0	scripts/Craft/Include/Event.lua		15	0
199	易功丸	0	7	255	255		0	344	0	0	0	0	-1	40	80	40	0	5	3029	4	5	6648	5	0	0	0	0	0	0	0	0	0	0	0	0	0	0	0	0	0	0	5	10309	1	1	1048576	0	0	0	0	0	0	0	0	0	0	0	0	0	0	0	0	0	0	0	0	0	0	0	0	0	0	0	0	0	0	0	0	0	0	0	0	scripts/Craft/Include/Event.lua		20	0
200	活气散	0	7	255	255		0	344	0	0	0	0	-1	40	80	40	0	5	3029	4	5	6646	1	0	0	0	0	0	0	0	0	0	0	0	0	0	0	0	0	0	0	5	11522	1	1	1048576	0	0	0	0	0	0	0	0	0	0	0	0	0	0	0	0	0	0	0	0	0	0	0	0	0	0	0	0	0	0	0	0	0	0	0	0	scripts/Craft/Include/Event.lua		20	0
201	檀香囊	0	7	255	255		0	344	0	0	0	0	-1	42	48	20	0	5	9693	2	5	3006	1	0	0	0	0	0	0	0	0	0	0	0	0	0	0	0	0	0	0	5	11893	1	1	1048576	0	0	0	0	0	0	0	0	0	0	0	0	0	0	0	0	0	0	0	0	0	0	0	0	0	0	0	0	0	0	0	0	0	0	0	0	scripts/Craft/Include/Event.lua		21	0
202	迷香囊	0	7	255	255		0	344	0	0	0	0	-1	42	48	30	0	5	9692	2	5	3006	1	0	0	0	0	0	0	0	0	0	0	0	0	0	0	0	0	0	0	5	11894	1	1	1048576	0	0	0	0	0	0	0	0	0	0	0	0	0	0	0	0	0	0	0	0	0	0	0	0	0	0	0	0	0	0	0	0	0	0	0	0	scripts/Craft/Include/Event.lua		21	0
203	绢云母	0	7	255	255		0	344	0	0	0	0	-1	40	80	50	0	5	3275	10	5	974	10	5	3547	5	5	981	5	0	0	0	0	0	0	0	0	0	0	0	0	5	3549	1	1	1048576	0	0	0	0	0	0	0	0	0	0	0	0	0	0	0	0	0	0	0	0	0	0	0	0	0	0	0	0	0	0	0	0	0	0	0	0	scripts/Craft/Include/Event.lua		20	0
204	茜草	0	7	255	255		0	344	0	0	0	0	-1	40	80	50	0	5	3299	10	5	9571	5	5	3548	5	5	982	5	0	0	0	0	0	0	0	0	0	0	0	0	5	3550	1	1	1048576	0	0	0	0	0	0	0	0	0	0	0	0	0	0	0	0	0	0	0	0	0	0	0	0	0	0	0	0	0	0	0	0	0	0	0	0	scripts/Craft/Include/Event.lua		20	0
205	靛蓝	0	7	255	255		0	344	0	0	0	0	-1	40	80	50	0	5	3310	5	5	979	10	5	3300	10	5	977	10	0	0	0	0	0	0	0	0	0	0	0	0	5	3283	1	1	1048576	0	0	0	0	0	0	0	0	0	0	0	0	0	0	0	0	0	0	0	0	0	0	0	0	0	0	0	0	0	0	0	0	0	0	0	0	scripts/Craft/Include/Event.lua		20	0
206	鼠尾叶	0	7	255	255		0	344	0	0	0	0	-1	40	80	50	0	5	3546	5	5	972	10	5	3544	5	5	980	10	0	0	0	0	0	0	0	0	0	0	0	0	5	3552	1	1	1048576	0	0	0	0	0	0	0	0	0	0	0	0	0	0	0	0	0	0	0	0	0	0	0	0	0	0	0	0	0	0	0	0	0	0	0	0	scripts/Craft/Include/Event.lua		20	0
207	护心补筋丹	0	7	255	255	1	0	344	0	0	0	0	-1	162	80	20	0	5	9698	2	5	3549	1	5	6646	1	5	9571	1	0	0	0	0	0	0	0	0	0	0	0	0	5	17042	2	4	1048576	0	0	0	0	0	0	0	0	0	0	0	0	0	0	0	0	0	0	0	0	0	0	0	0	0	0	0	0	0	0	0	0	0	0	0	0	scripts/Craft/Include/Event.lua		81	0
208	护心健骨丹	0	7	255	255	1	0	344	0	0	0	0	-1	162	80	20	0	5	9698	2	5	3550	1	5	6646	1	5	9571	1	0	0	0	0	0	0	0	0	0	0	0	0	5	17043	2	4	1048576	0	0	0	0	0	0	0	0	0	0	0	0	0	0	0	0	0	0	0	0	0	0	0	0	0	0	0	0	0	0	0	0	0	0	0	0	scripts/Craft/Include/Event.lua		81	0
209	护心聚魄丹	0	7	255	255	1	0	344	0	0	0	0	-1	162	80	20	0	5	9698	2	5	3283	1	5	6646	1	5	9571	1	0	0	0	0	0	0	0	0	0	0	0	0	5	17044	2	4	1048576	0	0	0	0	0	0	0	0	0	0	0	0	0	0	0	0	0	0	0	0	0	0	0	0	0	0	0	0	0	0	0	0	0	0	0	0	scripts/Craft/Include/Event.lua		81	0
210	护心强身丹	0	7	255	255	1	0	344	0	0	0	0	-1	162	80	20	0	5	9698	2	5	3552	1	5	6646	1	5	9571	1	0	0	0	0	0	0	0	0	0	0	0	0	5	17045	2	4	1048576	0	0	0	0	0	0	0	0	0	0	0	0	0	0	0	0	0	0	0	0	0	0	0	0	0	0	0	0	0	0	0	0	0	0	0	0	scripts/Craft/Include/Event.lua		81	0
211	化瘀香囊	0	7	255	255	1	0	344	0	0	0	0	-1	162	80	30	0	5	9698	2	5	3549	1	5	3006	1	5	9571	1	0	0	0	0	0	0	0	0	0	0	0	0	5	17822	3	3	1048576	0	0	0	0	0	0	0	0	0	0	0	0	0	0	0	0	0	0	0	0	0	0	0	0	0	0	0	0	0	0	0	0	0	0	0	0	scripts/Craft/Include/Event.lua		81	0
212	清心香囊	0	7	255	255	1	0	344	0	0	0	0	-1	162	80	30	0	5	9698	2	5	3550	1	5	3006	1	5	9571	1	0	0	0	0	0	0	0	0	0	0	0	0	5	17823	3	3	1048576	0	0	0	0	0	0	0	0	0	0	0	0	0	0	0	0	0	0	0	0	0	0	0	0	0	0	0	0	0	0	0	0	0	0	0	0	scripts/Craft/Include/Event.lua		81	0
213	滋补香囊	0	7	255	255	1	0	344	0	0	0	0	-1	162	80	30	0	5	9698	2	5	3283	1	5	3006	1	5	9571	1	0	0	0	0	0	0	0	0	0	0	0	0	5	17824	3	3	1048576	0	0	0	0	0	0	0	0	0	0	0	0	0	0	0	0	0	0	0	0	0	0	0	0	0	0	0	0	0	0	0	0	0	0	0	0	scripts/Craft/Include/Event.lua		81	0
214	强身香囊	0	7	255	255	1	0	344	0	0	0	0	-1	162	80	30	0	5	9698	2	5	3552	1	5	3006	1	5	9571	1	0	0	0	0	0	0	0	0	0	0	0	0	5	17825	3	3	1048576	0	0	0	0	0	0	0	0	0	0	0	0	0	0	0	0	0	0	0	0	0	0	0	0	0	0	0	0	0	0	0	0	0	0	0	0	scripts/Craft/Include/Event.lua		81	0
215	健体香囊	0	7	255	255	1	0	344	0	0	0	0	-1	162	80	30	0	5	9698	2	5	3549	1	5	3006	1	5	9571	1	0	0	0	0	0	0	0	0	0	0	0	0	5	17826	3	3	1048576	0	0	0	0	0	0	0	0	0	0	0	0	0	0	0	0	0	0	0	0	0	0	0	0	0	0	0	0	0	0	0	0	0	0	0	0	scripts/Craft/Include/Event.lua		81	0
216	提神香囊	0	7	255	255	1	0	344	0	0	0	0	-1	162	80	30	0	5	9698	2	5	3550	1	5	3006	1	5	9571	1	0	0	0	0	0	0	0	0	0	0	0	0	5	17827	3	3	1048576	0	0	0	0	0	0	0	0	0	0	0	0	0	0	0	0	0	0	0	0	0	0	0	0	0	0	0	0	0	0	0	0	0	0	0	0	scripts/Craft/Include/Event.lua		81	0
217	壮骨香囊	0	7	255	255	1	0	344	0	0	0	0	-1	162	80	30	0	5	9698	2	5	3283	1	5	3006	1	5	9571	1	0	0	0	0	0	0	0	0	0	0	0	0	5	17828	3	3	1048576	0	0	0	0	0	0	0	0	0	0	0	0	0	0	0	0	0	0	0	0	0	0	0	0	0	0	0	0	0	0	0	0	0	0	0	0	scripts/Craft/Include/Event.lua		81	0
218	润肺香囊	0	7	255	255	1	0	344	0	0	0	0	-1	162	80	30	0	5	9698	2	5	3552	1	5	3006	1	5	9571	1	0	0	0	0	0	0	0	0	0	0	0	0	5	17829	3	3	1048576	0	0	0	0	0	0	0	0	0	0	0	0	0	0	0	0	0	0	0	0	0	0	0	0	0	0	0	0	0	0	0	0	0	0	0	0	scripts/Craft/Include/Event.lua		81	0
219	行军亢龙散	0	7	255	255		0	344	0	0	0	0	-1	42	80	30	0	5	19905	2	5	3005	1																			5	19490	1	1	1048576																																					scripts/Craft/Include/Event.lua		21	0
220	行军展凤散	0	7	255	255		0	344	0	0	0	0	-1	42	80	30	0	5	19906	2	5	3005	1																			5	19491	1	1	1048576																																					scripts/Craft/Include/Event.lua		21	0
221	行军静心散	0	7	255	255		0	344	0	0	0	0	-1	42	80	30	0	5	19905	2	5	3005	1																			5	19492	1	1	1048576																																					scripts/Craft/Include/Event.lua		21	0
222	行军止血散	0	7	255	255		0	344	0	0	0	0	-1	42	80	30	0	5	19906	2	5	3005	1																			5	19493	1	1	1048576																																					scripts/Craft/Include/Event.lua		21	0
223	行军活络散	0	7	255	255		0	344	0	0	0	0	-1	42	80	30	0	5	19905	2	5	3005	1																			5	19494	1	1	1048576																																					scripts/Craft/Include/Event.lua		21	0
224	行军定志散	0	7	255	255		0	344	0	0	0	0	-1	42	80	30	0	5	19906	2	5	3005	1																			5	19495	1	1	1048576																																					scripts/Craft/Include/Event.lua		21	0
225	百花香囊	0	7	255	255		0	344	0	0	0	0	-1	122	80	20	0	5	19905	4	5	6646	1	5	3006	1																5	19497	1	1	1048576																																					scripts/Craft/Include/Event.lua		61	0
226	栀仁香囊	0	7	255	255		0	344	0	0	0	0	-1	122	80	20	0	5	19906	4	5	6646	1	5	3006	1																5	19498	1	1	1048576																																					scripts/Craft/Include/Event.lua		61	0
227	柏桂香囊	0	7	255	255		0	344	0	0	0	0	-1	122	80	20	0	5	19905	4	5	6646	1	5	3006	1																5	19499	1	1	1048576																																					scripts/Craft/Include/Event.lua		61	0
228	紫荷香囊	0	7	255	255		0	344	0	0	0	0	-1	122	80	20	0	5	19906	4	5	6646	1	5	3006	1																5	19500	1	1	1048576																																					scripts/Craft/Include/Event.lua		61	0
229	桂枝香囊	0	7	255	255		0	344	0	0	0	0	-1	122	80	20	0	5	19905	4	5	6646	1	5	3006	1																5	19501	1	1	1048576																																					scripts/Craft/Include/Event.lua		61	0
230	上品长生丹	0	7	255	255		0	344	0	0	0	0	-1	122	80	30	0	5	19906	4	5	6646	1	5	3007	1																5	19502	1	1	1048576																																					scripts/Craft/Include/Event.lua		61	0
231	上品凝神丹	0	7	255	255		0	344	0	0	0	0	-1	122	80	30	0	5	19905	4	5	6646	1	5	3007	1																5	19503	1	1	1048576																																					scripts/Craft/Include/Event.lua		61	0
232	上品亢龙丹	0	7	255	255		0	344	0	0	0	0	-1	122	80	30	0	5	19906	4	5	6646	1	5	3007	1																5	19504	1	1	1048576																																					scripts/Craft/Include/Event.lua		61	0
233	上品展凤丹	0	7	255	255		0	344	0	0	0	0	-1	122	80	30	0	5	19905	4	5	6646	1	5	3007	1																5	19505	1	1	1048576																																					scripts/Craft/Include/Event.lua		61	0
234	上品静心丸	0	7	255	255		0	344	0	0	0	0	-1	122	80	30	0	5	19906	4	5	6646	1	5	3007	1																5	19506	1	1	1048576																																					scripts/Craft/Include/Event.lua		61	0
235	上品活血丹	0	7	255	255		0	344	0	0	0	0	-1	122	80	30	0	5	19905	4	5	6646	1	5	3007	1																5	19896	1	1	1048576																																					scripts/Craft/Include/Event.lua		61	0
236	上品疏络丹	0	7	255	255		0	344	0	0	0	0	-1	122	80	30	0	5	19906	4	5	6646	1	5	3007	1																5	19897	1	1	1048576																																					scripts/Craft/Include/Event.lua		61	0
237	上品定志丹	0	7	255	255		0	344	0	0	0	0	-1	122	80	30	0	5	19905	4	5	6646	1	5	3007	1																5	19509	1	1	1048576																																					scripts/Craft/Include/Event.lua		61	0
238	上品玉露丹	0	7	255	255		0	344	0	0	0	0	-1	122	80	30	0	5	19906	4	5	6646	1	5	3007	1																5	19510	1	1	1048576																																					scripts/Craft/Include/Event.lua		61	0
239	上品万花丹	0	7	255	255		0	344	0	0	0	0	-1	122	80	30	0	5	19905	4	5	6646	1	5	3007	1																5	19511	1	1	1048576																																					scripts/Craft/Include/Event.lua		61	0
240	上品破秽丹	0	7	255	255		0	344	0	0	0	0	-1	122	80	30	0	5	19906	4	5	6646	1	5	3007	1																5	19512	1	1	1048576																																					scripts/Craft/Include/Event.lua		61	0
241	碧闺药花	0	7	255	255	1	0	344	0	0	0	0	-1	162	80	50	0	5	19905	20	5	19906	20	5	19903	1																5	19513	5	5	1048576																																					scripts/Craft/Include/Event.lua		81	0
242	尚・百花香囊	0	7	255	255	1	0	344	0	0	0	0	-1	162	80	20	0	5	19513	1	5	3549	1	5	6648	1	5	3006	1													5	19514	2	4	1048576																																					scripts/Craft/Include/Event.lua		81	0
243	尚・栀仁香囊	0	7	255	255	1	0	344	0	0	0	0	-1	162	80	20	0	5	19513	1	5	3550	1	5	6648	1	5	3006	1													5	19515	2	4	1048576																																					scripts/Craft/Include/Event.lua		81	0
244	尚・柏桂香囊	0	7	255	255	1	0	344	0	0	0	0	-1	162	80	20	0	5	19513	1	5	3283	1	5	6648	1	5	3006	1													5	19516	2	4	1048576																																					scripts/Craft/Include/Event.lua		81	0
245	尚・紫荷香囊	0	7	255	255	1	0	344	0	0	0	0	-1	162	80	20	0	5	19513	1	5	3552	1	5	6648	1	5	3006	1													5	19517	2	4	1048576																																					scripts/Craft/Include/Event.lua		81	0
246	尚・桂枝香囊	0	7	255	255	1	0	344	0	0	0	0	-1	162	80	20	0	5	19513	1	5	3549	1	5	6648	1	5	3006	1													5	19518	2	4	1048576																																					scripts/Craft/Include/Event.lua		81	0
247	尚・上品长生丹	0	7	255	255	1	0	344	0	0	0	0	-1	162	80	30	0	5	19513	1	5	3550	1	5	6648	1	5	3007	1													5	19519	2	4	1048576																																					scripts/Craft/Include/Event.lua		81	0
248	尚・上品凝神丹	0	7	255	255	1	0	344	0	0	0	0	-1	162	80	30	0	5	19513	1	5	3283	1	5	6648	1	5	3007	1													5	19520	2	4	1048576																																					scripts/Craft/Include/Event.lua		81	0
249	尚・上品亢龙丹	0	7	255	255	1	0	344	0	0	0	0	-1	162	80	30	0	5	19513	1	5	3552	1	5	6648	1	5	3007	1													5	19521	2	4	1048576																																					scripts/Craft/Include/Event.lua		81	0
250	尚・上品展凤丹	0	7	255	255	1	0	344	0	0	0	0	-1	162	80	30	0	5	19513	1	5	3549	1	5	6648	1	5	3007	1													5	19522	2	4	1048576																																					scripts/Craft/Include/Event.lua		81	0
251	尚・上品静心丸	0	7	255	255	1	0	344	0	0	0	0	-1	162	80	30	0	5	19513	1	5	3550	1	5	6648	1	5	3007	1													5	19523	2	4	1048576																																					scripts/Craft/Include/Event.lua		81	0
252	尚・上品活血丹	0	7	255	255	1	0	344	0	0	0	0	-1	162	80	30	0	5	19513	1	5	3283	1	5	6648	1	5	3007	1													5	19898	2	4	1048576																																					scripts/Craft/Include/Event.lua		81	0
253	尚・上品疏络丹	0	7	255	255	1	0	344	0	0	0	0	-1	162	80	30	0	5	19513	1	5	3552	1	5	6648	1	5	3007	1													5	19899	2	4	1048576																																					scripts/Craft/Include/Event.lua		81	0
254	尚・上品止血丹	0	7	255	255	1	0	344	0	0	0	0	-1	162	80	10	0	5	19513	1	5	3549	1	5	3283	1	5	3007	1													5	19524	2	4	1048576																																					scripts/Craft/Include/Event.lua		81	0
255	尚・上品活络丹	0	7	255	255	1	0	344	0	0	0	0	-1	162	80	10	0	5	19513	1	5	3550	1	5	3552	1	5	3007	1													5	19525	2	4	1048576																																					scripts/Craft/Include/Event.lua		81	0
256	尚・上品定志丹	0	7	255	255	1	0	344	0	0	0	0	-1	162	80	30	0	5	19513	1	5	3283	1	5	6648	1	5	3007	1													5	19526	2	4	1048576																																					scripts/Craft/Include/Event.lua		81	0
257	尚・上品玉露丹	0	7	255	255	1	0	344	0	0	0	0	-1	162	80	30	0	5	19513	1	5	3552	1	5	6648	1	5	3007	1													5	19527	2	4	1048576																																					scripts/Craft/Include/Event.lua		81	0
258	尚・上品万花丹	0	7	255	255	1	0	344	0	0	0	0	-1	162	80	30	0	5	19513	1	5	3549	1	5	6648	1	5	3007	1													5	19528	2	4	1048576																																					scripts/Craft/Include/Event.lua		81	0
259	尚・上品破秽丹	0	7	255	255	1	0	344	0	0	0	0	-1	162	80	30	0	5	19513	1	5	3550	1	5	6648	1	5	3007	1													5	19529	2	4	1048576																																					scripts/Craft/Include/Event.lua		81	0
260	尚・特品止血丹	0	7	255	255	1	0	344	0	0	0	0	-1	162	80	10	0	5	19513	1	5	3549	1	5	3283	1	5	3007	1													5	20940	1	3	1048576																																					scripts/Craft/Include/Event.lua		81	0
261	尚・特品活络丹	0	7	255	255	1	0	344	0	0	0	0	-1	162	80	10	0	5	19513	1	5	3550	1	5	3552	1	5	3007	1													5	20941	1	3	1048576																																					scripts/Craft/Include/Event.lua		81	0
262	淬腐针	0	7	255	255	1	0	344	0	0	0	0	-1	162	80	40	0	5	19513	1	5	3283	1	5	6648	1	5	3008	1													5	20942	2	4	1048576																																					scripts/Craft/Include/Event.lua		81	0
263	直木针	0	7	255	255	1	0	344	0	0	0	0	-1	162	80	40	0	5	19513	1	5	3552	1	5	6648	1	5	3008	1													5	20943	2	4	1048576																																					scripts/Craft/Include/Event.lua		81	0
264	苍・上品亢龙丹	0	7	255	255	1	0	344	0	0	0	0	-1	162	80	30	0	5	19513	1	5	3549	1	5	6648	4	5	3007	1													5	22412	2	4	1048576																																					scripts/Craft/Include/Event.lua		81	0
265	苍・上品展凤丹	0	7	255	255	1	0	344	0	0	0	0	-1	162	80	30	0	5	19513	1	5	3550	1	5	6648	4	5	3007	1													5	22413	2	4	1048576																																					scripts/Craft/Include/Event.lua		81	0
266	苍・上品静心丸	0	7	255	255	1	0	344	0	0	0	0	-1	162	80	30	0	5	19513	1	5	3283	1	5	6648	4	5	3007	1													5	22414	2	4	1048576																																					scripts/Craft/Include/Event.lua		81	0
267	苍・上品破秽丹	0	7	255	255	1	0	344	0	0	0	0	-1	162	80	30	0	5	19513	1	5	3552	1	5	6648	4	5	3007	1													5	22415	2	4	1048576																																					scripts/Craft/Include/Event.lua		81	0
268	苍・健体香囊	0	7	255	255	1	0	344	0	0	0	0	-1	162	80	30	0	5	19513	1	5	3283	1	5	6648	4	5	3007	1													5	22416	2	4	1048576																																					scripts/Craft/Include/Event.lua		81	0
269	苍・提神香囊	0	7	255	255	1	0	344	0	0	0	0	-1	162	80	30	0	5	19513	1	5	3549	1	5	6648	4	5	3007	1													5	22417	2	4	1048576																																					scripts/Craft/Include/Event.lua		81	0
270	护命丹	0	7	255	255	0	0	344	0	0	0	0	-1	30	80	20	0	5	24521	1	5	24519	15	5	6646	1																5	24250	1	1	1048576																																					scripts/Craft/Include/Event.lua		15	0
271	补心丹	0	7	255	255	0	0	344	0	0	0	0	-1	30	80	20	0	5	24521	1	5	24520	15	5	6646	1																5	24253	1	1	1048576																																					scripts/Craft/Include/Event.lua		15	0
272	点骨丹	0	7	255	255	0	0	344	0	0	0	0	-1	30	80	20	0	5	24521	1	5	24519	15	5	6646	1																5	24251	1	1	1048576																																					scripts/Craft/Include/Event.lua		15	0
273	养神丹	0	7	255	255	0	0	344	0	0	0	0	-1	30	80	20	0	5	24521	1	5	24520	15	5	6646	1																5	24252	1	1	1048576																																					scripts/Craft/Include/Event.lua		15	0
274	轻身丹	0	7	255	255	0	0	344	0	0	0	0	-1	30	80	20	0	5	24521	1	5	24519	15	5	6646	1																5	24254	1	1	1048576																																					scripts/Craft/Include/Event.lua		15	0
275	玄元丹	0	7	255	255	0	0	344	0	0	0	0	-1	30	80	30	0	5	24521	1	5	24520	15	5	6646	1																5	24255	1	1	1048576																																					scripts/Craft/Include/Event.lua		15	0
276	枕中丹	0	7	255	255	0	0	344	0	0	0	0	-1	30	80	30	0	5	24521	1	5	24519	15	5	6646	1																5	24256	1	1	1048576																																					scripts/Craft/Include/Event.lua		15	0
277	清灵丹	0	7	255	255	0	0	344	0	0	0	0	-1	30	80	30	0	5	24521	1	5	24520	15	5	6646	1																5	24259	1	1	1048576																																					scripts/Craft/Include/Event.lua		15	0
278	玉蟾丹	0	7	255	255	0	0	344	0	0	0	0	-1	30	80	10	0	5	24521	1	5	24519	15	5	6646	1																5	24260	1	1	1048576																																					scripts/Craft/Include/Event.lua		15	0
279	玉华丹	0	7	255	255	0	0	344	0	0	0	0	-1	30	80	10	0	5	24521	1	5	24520	15	5	6646	1																5	24261	1	1	1048576																																					scripts/Craft/Include/Event.lua		15	0
280	震灵丹	0	7	255	255	0	0	344	0	0	0	0	-1	30	80	30	0	5	24521	1	5	24519	15	5	6646	1																5	24262	1	1	1048576																																					scripts/Craft/Include/Event.lua		15	0
281	妙香丹	0	7	255	255	0	0	344	0	0	0	0	-1	30	80	30	0	5	24521	1	5	24520	15	5	6646	1																5	24263	1	1	1048576																																					scripts/Craft/Include/Event.lua		15	0
282	玉枢丹	0	7	255	255	0	0	344	0	0	0	0	-1	30	80	30	0	5	24521	1	5	24519	15	5	6646	1																5	24264	1	1	1048576																																					scripts/Craft/Include/Event.lua		15	0
283	灵寿丹	0	7	255	255	0	0	344	0	0	0	0	-1	30	80	30	0	5	24521	1	5	24520	15	5	6646	1																5	24265	1	1	1048576																																					scripts/Craft/Include/Event.lua		15	0
284	佳・护命丹	0	7	255	255	1	0	344	0	0	0	0	-1	40	80	20	0	5	24250	3	5	24769	1	5	24767	3	5	6646	1													5	24268	1	1	1048576																																					scripts/Craft/Include/Event.lua		20	0
285	佳・补心丹	0	7	255	255	1	0	344	0	0	0	0	-1	40	80	20	0	5	24253	3	5	24769	1	5	24767	3	5	6646	1													5	24271	1	1	1048576																																					scripts/Craft/Include/Event.lua		20	0
286	佳・点骨丹	0	7	255	255	1	0	344	0	0	0	0	-1	40	80	20	0	5	24251	3	5	24770	1	5	24768	3	5	6646	1													5	24269	1	1	1048576																																					scripts/Craft/Include/Event.lua		20	0
287	佳・养神丹	0	7	255	255	1	0	344	0	0	0	0	-1	40	80	20	0	5	24252	3	5	24771	1	5	24765	3	5	6646	1													5	24270	1	1	1048576																																					scripts/Craft/Include/Event.lua		20	0
288	佳・轻身丹	0	7	255	255	1	0	344	0	0	0	0	-1	40	80	20	0	5	24254	3	5	24772	1	5	24766	3	5	6646	1													5	24272	1	1	1048576																																					scripts/Craft/Include/Event.lua		20	0
289	佳・玄元丹	0	7	255	255	1	0	344	0	0	0	0	-1	40	80	30	0	5	24255	3	5	24769	1	5	24767	3	5	6646	1													5	24273	1	1	1048576																																					scripts/Craft/Include/Event.lua		20	0
290	佳・枕中丹	0	7	255	255	1	0	344	0	0	0	0	-1	40	80	30	0	5	24256	3	5	24770	1	5	24768	3	5	6646	1													5	24274	1	1	1048576																																					scripts/Craft/Include/Event.lua		20	0
291	佳・清灵丹	0	7	255	255	1	0	344	0	0	0	0	-1	40	80	30	0	5	24259	3	5	24772	1	5	24766	3	5	6646	1													5	24277	1	1	1048576																																					scripts/Craft/Include/Event.lua		20	0
292	佳・玉蟾丹	0	7	255	255	1	0	344	0	0	0	0	-1	40	80	10	0	5	24260	3	5	24771	1	5	24765	3	5	6646	1													5	24278	1	1	1048576																																					scripts/Craft/Include/Event.lua		20	0
293	佳・玉华丹	0	7	255	255	1	0	344	0	0	0	0	-1	40	80	10	0	5	24261	3	5	24772	1	5	24766	3	5	6646	1													5	24279	1	1	1048576																																					scripts/Craft/Include/Event.lua		20	0
294	佳・震灵丹	0	7	255	255	1	0	344	0	0	0	0	-1	40	80	30	0	5	24262	3	5	24771	1	5	24765	3	5	6646	1													5	24280	1	1	1048576																																					scripts/Craft/Include/Event.lua		20	0
295	佳・妙香丹	0	7	255	255	1	0	344	0	0	0	0	-1	40	80	30	0	5	24263	3	5	24769	1	5	24767	3	5	6646	1													5	24281	1	1	1048576																																					scripts/Craft/Include/Event.lua		20	0
296	佳・玉枢丹	0	7	255	255	1	0	344	0	0	0	0	-1	40	80	30	0	5	24264	3	5	24770	1	5	24768	3	5	6646	1													5	24282	1	1	1048576																																					scripts/Craft/Include/Event.lua		20	0
297	佳・灵寿丹	0	7	255	255	1	0	344	0	0	0	0	-1	40	80	30	0	5	24265	3	5	24772	1	5	24766	3	5	6646	1													5	24283	1	1	1048576																																					scripts/Craft/Include/Event.lua		20	0
298	玉璃丹	0	7	255	255	0	0	344	0	0	0	0	-1	40	80	30	0	5	24521	1	5	24519	15	5	6646	1																5	24873	1	1	1048576																																					scripts/Craft/Include/Event.lua		20	0
299	白信丹	0	7	255	255	0	0	344	0	0	0	0	-1	40	80	30	0	5	24521	1	5	24520	15	5	6646	1																5	24874	1	1	1048576																																					scripts/Craft/Include/Event.lua		20	0
300	佳・玉璃丹	0	7	255	255	1	0	344	0	0	0	0	-1	40	80	30	0	5	24873	3	5	24770	1	5	24768	3	5	6646	1													5	24875	1	1	1048576																																					scripts/Craft/Include/Event.lua		20	0
301	佳・白信丹	0	7	255	255	1	0	344	0	0	0	0	-1	40	80	30	0	5	24874	3	5	24772	1	5	24766	3	5	6646	1													5	24876	1	1	1048576																																					scripts/Craft/Include/Event.lua		20	0
302	珍・行露丹	0	7	255	255	1	0	344	0	0	0	0	-1	40	80	20	0	5	24769	1	5	24766	2	5	27610	7	5	6648	5													5	27611	5	7	1048576																																					scripts/Craft/Include/Event.lua		20	0
303	珍・九还丹	0	7	255	255	1	0	344	0	0	0	0	-1	40	80	20	0	5	24770	1	5	24765	2	5	27610	7	5	6648	5													5	27612	3	5	1048576																																					scripts/Craft/Include/Event.lua		20	0
304	珍・御风丹	0	7	255	255	1	0	344	0	0	0	0	-1	40	80	20	0	5	24771	1	5	24768	2	5	27610	7	5	6648	5													5	27613	3	5	1048576																																					scripts/Craft/Include/Event.lua		20	0
305	珍・益神丹	0	7	255	255	1	0	344	0	0	0	0	-1	40	80	20	0	5	24772	1	5	24767	2	5	27610	7	5	6648	5													5	27614	3	5	1048576																																					scripts/Craft/Include/Event.lua		20	0
306	珍・玉阳丹	0	7	255	255	1	0	344	0	0	0	0	-1	40	80	20	0	5	24769	1	5	24766	2	5	27610	7	5	6648	5													5	27615	3	5	1048576																																					scripts/Craft/Include/Event.lua		20	0
307	珍・碧凝丹	0	7	255	255	1	0	344	0	0	0	0	-1	40	80	30	0	5	24770	1	5	24765	2	5	27610	7	5	6648	5													5	27616	5	7	1048576																																					scripts/Craft/Include/Event.lua		20	0
308	珍・养魂丹	0	7	255	255	1	0	344	0	0	0	0	-1	40	80	30	0	5	24771	1	5	24768	2	5	27610	7	5	6648	5													5	27617	3	5	1048576																																					scripts/Craft/Include/Event.lua		20	0
309	珍・金麟丹	0	7	255	255	1	0	344	0	0	0	0	-1	40	80	30	0	5	24772	1	5	24767	2	5	27610	7	5	6648	5													5	27618	3	5	1048576																																					scripts/Craft/Include/Event.lua		20	0
310	珍・涤魂丹	0	7	255	255	1	0	344	0	0	0	0	-1	40	80	30	0	5	24769	1	5	24766	2	5	27610	7	5	6648	5													5	27619	5	7	1048576																																					scripts/Craft/Include/Event.lua		20	0
311	珍・升龙丹	0	7	255	255	1	0	344	0	0	0	0	-1	40	80	30	0	5	24770	1	5	24765	2	5	27610	7	5	6648	5													5	27620	5	7	1048576																																					scripts/Craft/Include/Event.lua		20	0
312	玉凝药香草	0	7	255	255	1	0	344	0	0	0	0	-1	40	80	50	0	5	24521	5	5	24520	20	5	24519	20	5	27605	10													5	27610	4	6	1048576																																					scripts/Craft/Include/Event.lua		20	0
313	重制・行露丹	0	7	255	255	1	0	344	0	0	0	0	-1	40	80	20	0	5	24769	1	5	24766	2	5	27610	7	5	6648	5	5	28846	5										5	28869	5	7	1048576																																					scripts/Craft/Include/Event.lua		20	0
314	重制・九还丹	0	7	255	255	1	0	344	0	0	0	0	-1	40	80	20	0	5	24770	1	5	24765	2	5	27610	7	5	6648	5	5	28846	5										5	28870	5	7	1048576																																					scripts/Craft/Include/Event.lua		20	0
315	重制・玉阳丹	0	7	255	255	1	0	344	0	0	0	0	-1	40	80	20	0	5	24769	1	5	24766	2	5	27610	7	5	6648	5	5	28846	5										5	28871	5	7	1048576																																					scripts/Craft/Include/Event.lua		20	0
316	重制・益神丹	0	7	255	255	1	0	344	0	0	0	0	-1	40	80	20	0	5	24772	1	5	24767	2	5	27610	7	5	6648	5	5	28846	5										5	28872	5	7	1048576																																					scripts/Craft/Include/Event.lua		20	0
317	重制・御风丹	0	7	255	255	1	0	344	0	0	0	0	-1	40	80	20	0	5	24771	1	5	24768	2	5	27610	7	5	6648	5	5	28846	5										5	28873	5	7	1048576																																					scripts/Craft/Include/Event.lua		20	0
318	重制・涤魂丹	0	7	255	255	1	0	344	0	0	0	0	-1	40	80	30	0	5	24769	1	5	24766	2	5	27610	7	5	6648	5	5	28846	5										5	28874	5	7	1048576																																					scripts/Craft/Include/Event.lua		20	0
319	重制・升龙丹	0	7	255	255	1	0	344	0	0	0	0	-1	40	80	30	0	5	24770	1	5	24765	2	5	27610	7	5	6648	5	5	28846	5										5	28875	5	7	1048576																																					scripts/Craft/Include/Event.lua		20	0
320	重制・碧凝丹	0	7	255	255	1	0	344	0	0	0	0	-1	40	80	30	0	5	24770	1	5	24765	2	5	27610	7	5	6648	5	5	28846	5										5	28876	5	7	1048576																																					scripts/Craft/Include/Event.lua		20	0
321	重制・养魂丹	0	7	255	255	1	0	344	0	0	0	0	-1	40	80	30	0	5	24771	1	5	24768	2	5	27610	7	5	6648	5	5	28846	5										5	28877	5	7	1048576																																					scripts/Craft/Include/Event.lua		20	0
322	重制・金麟丹	0	7	255	255	1	0	344	0	0	0	0	-1	40	80	30	0	5	24771	1	5	24768	2	5	27610	7	5	6648	5	5	28846	5										5	28878	5	7	1048576																																					scripts/Craft/Include/Event.lua		20	0
323	奉天・上品万灵丹	0	7	0	0	1		344	0	0	0	0	-1	180	80	10		5	30854	1	5	30830	10	5	30831	10	5	47496	4	5	31995	20										5	36795	3	4	1048576																																					scripts/Craft/Include/Event.lua		90	97
324	奉天・中品万灵丹	0	7	0	0			344	0	0	0	0	-1	120	80	10		5	30830	5	5	30831	5	5	30832	10	5	47497	1	5	31996	10										5	36796	3	4	1048576																																					scripts/Craft/Include/Event.lua		60	215
325	奉天・上品玉璃散	0	7	0	0	1	0	344	0	0	0	0	-1	180	80	30	0	5	30853	1	5	30834	10	5	30835	10	5	47498	4	5	31997	20										5	36797	2	3	1048576																																					scripts/Craft/Include/Event.lua		90	97
326	奉天・上品破秽散	0	7	0	0	1	0	344	0	0	0	0	-1	180	80	30	0	5	30854	1	5	30835	10	5	30836	10	5	47496	4	5	31998	20										5	36798	2	3	1048576																																					scripts/Craft/Include/Event.lua		90	97
327	奉天・上品凝神散	0	7	0	0	1	0	344	0	0	0	0	-1	180	80	30	0	5	30855	1	5	30836	10	5	30837	10	5	47497	4	5	31999	20										5	36799	2	3	1048576																																					scripts/Craft/Include/Event.lua		90	97
328	奉天・上品活气散	0	7	0	0	1	0	344	0	0	0	0	-1	180	80	30	0	5	30853	1	5	30837	10	5	30838	10	5	47498	4	5	6646	20										5	36800	2	3	1048576																																					scripts/Craft/Include/Event.lua		90	97
329	奉天・上品亢龙散	0	7	0	0	1	0	344	0	0	0	0	-1	180	80	30	0	5	30854	1	5	30838	10	5	30839	10	5	47496	4	5	6648	20										5	36801	2	3	1048576																																					scripts/Craft/Include/Event.lua		90	97
330	奉天・上品展凤散	0	7	0	0	1	0	344	0	0	0	0	-1	180	80	30	0	5	30855	1	5	30839	10	5	30830	10	5	47497	4	5	31995	20										5	36802	2	3	1048576																																					scripts/Craft/Include/Event.lua		90	97
331	奉天・上品益气散	0	7	0	0	1	0	344	0	0	0	0	-1	180	80	30	0	5	30853	1	5	30830	10	5	30831	10	5	47498	4	5	31996	20										5	36803	2	3	1048576																																					scripts/Craft/Include/Event.lua		90	97
332	奉天・上品长恨散	0	7	0	0	1	0	344	0	0	0	0	-1	180	80	30	0	5	30854	1	5	30831	10	5	30832	10	5	47496	4	5	31997	20										5	36804	2	3	1048576																																					scripts/Craft/Include/Event.lua		90	97
333	奉天・中品玉璃散	0	7	0	0		0	344	0	0	0	0	-1	120	80	30	0	5	30831	5	5	30832	5	5	30833	10	5	47497	1	5	31998	10										5	36805	2	3	1048576																																					scripts/Craft/Include/Event.lua		60	215
334	奉天・中品破秽散	0	7	0	0		0	344	0	0	0	0	-1	120	80	30	0	5	30832	5	5	30833	5	5	30834	10	5	47498	1	5	31999	10										5	36806	2	3	1048576																																					scripts/Craft/Include/Event.lua		60	215
335	奉天・中品凝神散	0	7	0	0		0	344	0	0	0	0	-1	120	80	30	0	5	30833	5	5	30834	5	5	30835	10	5	47496	1	5	6646	10										5	36807	2	3	1048576																																					scripts/Craft/Include/Event.lua		60	215
336	奉天・中品活气散	0	7	0	0		0	344	0	0	0	0	-1	120	80	30	0	5	30834	5	5	30835	5	5	30836	10	5	47497	1	5	6648	10										5	36808	2	3	1048576																																					scripts/Craft/Include/Event.lua		60	215
337	奉天・中品亢龙散	0	7	0	0		0	344	0	0	0	0	-1	120	80	30	0	5	30835	5	5	30836	5	5	30837	10	5	47498	1	5	31995	10										5	36809	2	3	1048576																																					scripts/Craft/Include/Event.lua		60	215
338	奉天・中品展凤散	0	7	0	0		0	344	0	0	0	0	-1	120	80	30	0	5	30836	5	5	30837	5	5	30838	10	5	47496	1	5	31996	10										5	36810	2	3	1048576																																					scripts/Craft/Include/Event.lua		60	215
339	奉天・中品益气散	0	7	0	0		0	344	0	0	0	0	-1	120	80	30	0	5	30837	5	5	30838	5	5	30839	10	5	47497	1	5	31997	10										5	36811	2	3	1048576																																					scripts/Craft/Include/Event.lua		60	215
340	奉天・中品长恨散	0	7	0	0		0	344	0	0	0	0	-1	120	80	30	0	5	30838	5	5	30839	5	5	30830	10	5	47498	1	5	31998	10										5	36812	2	3	1048576																																					scripts/Craft/Include/Event.lua		60	215
341	奉天・上品健体丸	0	7	0	0	1	0	344	0	0	0	0	-1	180	80	20	0	5	30855	1	5	30830	10	5	30831	10	5	47496	4	5	31999	20										5	36813	2	3	1048576																																					scripts/Craft/Include/Event.lua		90	97
342	奉天・上品轻身丹	0	7	0	0	1	0	344	0	0	0	0	-1	180	80	20	0	5	30853	1	5	30831	10	5	30832	10	5	47497	4	5	6646	20										5	36814	2	3	1048576																																					scripts/Craft/Include/Event.lua		90	97
343	奉天・上品聚魂丹	0	7	0	0	1	0	344	0	0	0	0	-1	180	80	20	0	5	30854	1	5	30832	10	5	30833	10	5	47498	4	5	6648	20										5	36815	2	3	1048576																																					scripts/Craft/Include/Event.lua		90	97
344	奉天・上品大力丸	0	7	0	0	1	0	344	0	0	0	0	-1	180	80	20	0	5	30855	1	5	30833	10	5	30834	10	5	47496	4	5	31995	20										5	36816	2	3	1048576																																					scripts/Craft/Include/Event.lua		90	97
345	奉天・上品静心丸	0	7	0	0	1	0	344	0	0	0	0	-1	180	80	20	0	5	30853	1	5	30834	10	5	30835	10	5	47497	4	5	31996	20										5	36817	2	3	1048576																																					scripts/Craft/Include/Event.lua		90	97
346	奉天・中品健体丸	0	7	0	0		0	344	0	0	0	0	-1	120	80	20	0	5	30839	5	5	30835	5	5	30836	10	5	47498	1	5	31997	10										5	36818	2	3	1048576																																					scripts/Craft/Include/Event.lua		60	215
347	奉天・中品轻身丹	0	7	0	0		0	344	0	0	0	0	-1	120	80	20	0	5	30830	5	5	30836	5	5	30837	10	5	47496	1	5	31998	10										5	36819	2	3	1048576																																					scripts/Craft/Include/Event.lua		60	215
348	奉天・中品聚魂丹	0	7	0	0		0	344	0	0	0	0	-1	120	80	20	0	5	30831	5	5	30837	5	5	30838	10	5	47497	1	5	31999	10										5	36820	2	3	1048576																																					scripts/Craft/Include/Event.lua		60	215
349	奉天・中品大力丸	0	7	0	0		0	344	0	0	0	0	-1	120	80	20	0	5	30832	5	5	30838	5	5	30839	10	5	47498	1	5	6646	10										5	36821	2	3	1048576																																					scripts/Craft/Include/Event.lua		60	215
350	奉天・中品静心丸	0	7	0	0		0	344	0	0	0	0	-1	120	80	20	0	5	30833	5	5	30839	5	5	30830	10	5	47496	1	5	6648	10										5	36822	2	3	1048576																																					scripts/Craft/Include/Event.lua		60	215
351	金针・烟	0	7	0	0			344	0	0	0	0	-1	120	80	40	0	5	30834	5	5	30830	5	5	30831	10	5	30849	1	5	31995	10										5	31099	2	3	1048576																																					scripts/Craft/Include/Event.lua		60	215
352	金针・影	0	7	0	0			344	0	0	0	0	-1	120	80	40	0	5	30835	5	5	30831	5	5	30832	10	5	30849	1	5	31996	10										5	31100	2	3	1048576																																					scripts/Craft/Include/Event.lua		60	215
353	截元丹	0	7	0	0			344	0	0	0	0	-1	120	80	40	0	5	30836	5	5	30832	5	5	30833	10	5	30847	1	5	31997	10										5	31101	1	2	1048576																																					scripts/Craft/Include/Event.lua		60	215
354	飞鱼丸	0	7	0	0			344	0	0	0	0	-1	120	80	40	0	5	30837	5	5	30833	5	5	30834	10	5	30840	1	5	31998	10										5	31102	5	10	1048576																																					scripts/Craft/Include/Event.lua		60	215
355	佳・纳元丹	0	7	0	0			344	0	0	0	0	-1	40	80	40	0	5	30838	5	5	30834	5	5	30835	10	5	47498	1	5	31999	10										5	31103	6	8	1048576																																					scripts/Craft/Include/Event.lua		20	215
356	逍遥散	0	7	0	0			344	0	0	0	0	-1	120	80	40	0	5	30839	5	5	30835	5	5	30836	10	5	30849	1	5	6646	10										5	31104	1	2	1048576																																					scripts/Craft/Include/Event.lua		60	215
357	风身丸	0	7	0	0			344	0	0	0	0	-1	120	80	40	0	5	30830	5	5	30836	5	5	30837	10	5	47497	1	5	6648	10										5	31105	1	2	1048576																																					scripts/Craft/Include/Event.lua		60	215
358	忘情水	0	7	0	0			344	0	0	0	0	-1	120	80	40	0	5	30831	5	5	30837	5	5	30838	10	5	30849	1	5	31995	10										5	31106	1	2	1048576																																					scripts/Craft/Include/Event.lua		60	215
359	化功散	0	7	0	0			344	0	0	0	0	-1	120	80	40	0	5	30832	5	5	30838	5	5	30839	10	5	30847	1	5	31996	10										5	31107	2	3	1048576																																					scripts/Craft/Include/Event.lua		60	215
360	健胃散	0	7	0	0			344	0	0	0	0	-1	120	80	40	0	5	30833	5	5	30839	5	5	30830	10	5	30848	1	5	31997	10										5	31108	2	3	1048576																																					scripts/Craft/Include/Event.lua		60	215
361	药引	0	7	0	0		0	344	0	0	0	0	-1	40	80	50	0	5	30847	2	5	30840	1	5	31996	10	5	31995	10	5	47671 	5										5	47496 	2	3	1048576																																					scripts/Craft/Include/Event.lua		20	70
362	药丸	0	7	0	0		0	344	0	0	0	0	-1	40	80	50	0	5	30848	2	5	30840	1	5	31996	10	5	31995	10	5	47671 	5										5	47497 	2	3	1048576																																					scripts/Craft/Include/Event.lua		20	70
363	药膏	0	7	0	0		0	344	0	0	0	0	-1	40	80	50	0	5	30849	2	5	30840	1	5	31996	10	5	31995	10	5	47671 	5										5	47498 	2	3	1048576																																					scripts/Craft/Include/Event.lua		20	70
364	鉴影散	0	7	0	0	1		344	0	0	0	0	-1	80	80	40	0	5	40562	1	5	30835	10																			5	40538	1	1	1048576																																					scripts/Craft/Include/Event.lua		40	215
365	断浪・上品万灵丹	0	7	0	0	1		344	0	0	0	0	-1	180	80	10		5	30854	1	5	30830	10	5	30831	10	5	47496 	4	5	31995	20										5	47610 	3	4	1048576																																					scripts/Craft/Include/Event.lua		90	97
366	断浪・中品万灵丹	0	7	0	0			344	0	0	0	0	-1	120	80	10		5	30830	5	5	30831	5	5	30832	10	5	47497	1	5	31996	10										5	47611 	3	4	1048576																																					scripts/Craft/Include/Event.lua		60	215
367	断浪・上品玉璃散	0	7	0	0	1	0	344	0	0	0	0	-1	180	80	30	0	5	30853	1	5	30834	10	5	30835	10	5	47498	4	5	31997	20										5	47612 	2	3	1048576																																					scripts/Craft/Include/Event.lua		90	97
368	断浪・上品破秽散	0	7	0	0	1	0	344	0	0	0	0	-1	180	80	30	0	5	30854	1	5	30835	10	5	30836	10	5	47496	4	5	31998	20										5	47613 	2	3	1048576																																					scripts/Craft/Include/Event.lua		90	97
369	断浪・上品凝神散	0	7	0	0	1	0	344	0	0	0	0	-1	180	80	30	0	5	30855	1	5	30836	10	5	30837	10	5	47497	4	5	31999	20										5	47614 	2	3	1048576																																					scripts/Craft/Include/Event.lua		90	97
370	断浪・上品活气散	0	7	0	0	1	0	344	0	0	0	0	-1	180	80	30	0	5	30853	1	5	30837	10	5	30838	10	5	47498	4	5	6646	20										5	47615 	2	3	1048576																																					scripts/Craft/Include/Event.lua		90	97
371	断浪・上品亢龙散	0	7	0	0	1	0	344	0	0	0	0	-1	180	80	30	0	5	30854	1	5	30838	10	5	30839	10	5	47496	4	5	6648	20										5	47616 	2	3	1048576																																					scripts/Craft/Include/Event.lua		90	97
372	断浪・上品展凤散	0	7	0	0	1	0	344	0	0	0	0	-1	180	80	30	0	5	30855	1	5	30839	10	5	30830	10	5	47497	4	5	31995	20										5	47617 	2	3	1048576																																					scripts/Craft/Include/Event.lua		90	97
373	断浪・上品益气散	0	7	0	0	1	0	344	0	0	0	0	-1	180	80	30	0	5	30853	1	5	30830	10	5	30831	10	5	47498	4	5	31996	20										5	47618 	2	3	1048576																																					scripts/Craft/Include/Event.lua		90	97
374	断浪・上品长恨散	0	7	0	0	1	0	344	0	0	0	0	-1	180	80	30	0	5	30854	1	5	30831	10	5	30832	10	5	47496	4	5	31997	20										5	47619 	2	3	1048576																																					scripts/Craft/Include/Event.lua		90	97
375	断浪・中品玉璃散	0	7	0	0		0	344	0	0	0	0	-1	120	80	30	0	5	30831	5	5	30832	5	5	30833	10	5	47497	1	5	31998	10										5	47620 	2	3	1048576																																					scripts/Craft/Include/Event.lua		60	215
376	断浪・中品破秽散	0	7	0	0		0	344	0	0	0	0	-1	120	80	30	0	5	30832	5	5	30833	5	5	30834	10	5	47498	1	5	31999	10										5	47621 	2	3	1048576																																					scripts/Craft/Include/Event.lua		60	215
377	断浪・中品凝神散	0	7	0	0		0	344	0	0	0	0	-1	120	80	30	0	5	30833	5	5	30834	5	5	30835	10	5	47496	1	5	6646	10										5	47622 	2	3	1048576																																					scripts/Craft/Include/Event.lua		60	215
378	断浪・中品活气散	0	7	0	0		0	344	0	0	0	0	-1	120	80	30	0	5	30834	5	5	30835	5	5	30836	10	5	47497	1	5	6648	10										5	47623 	2	3	1048576																																					scripts/Craft/Include/Event.lua		60	215
379	断浪・中品亢龙散	0	7	0	0		0	344	0	0	0	0	-1	120	80	30	0	5	30835	5	5	30836	5	5	30837	10	5	47498	1	5	31995	10										5	47624 	2	3	1048576																																					scripts/Craft/Include/Event.lua		60	215
380	断浪・中品展凤散	0	7	0	0		0	344	0	0	0	0	-1	120	80	30	0	5	30836	5	5	30837	5	5	30838	10	5	47496	1	5	31996	10										5	47625 	2	3	1048576																																					scripts/Craft/Include/Event.lua		60	215
381	断浪・中品益气散	0	7	0	0		0	344	0	0	0	0	-1	120	80	30	0	5	30837	5	5	30838	5	5	30839	10	5	47497	1	5	31997	10										5	47626 	2	3	1048576																																					scripts/Craft/Include/Event.lua		60	215
382	断浪・中品长恨散	0	7	0	0		0	344	0	0	0	0	-1	120	80	30	0	5	30838	5	5	30839	5	5	30830	10	5	47498	1	5	31998	10										5	47627 	2	3	1048576																																					scripts/Craft/Include/Event.lua		60	215
383	断浪・上品健体丸	0	7	0	0	1	0	344	0	0	0	0	-1	180	80	20	0	5	30855	1	5	30830	10	5	30831	10	5	47496	4	5	31999	20										5	47628 	2	3	1048576																																					scripts/Craft/Include/Event.lua		90	97
384	断浪・上品轻身丹	0	7	0	0	1	0	344	0	0	0	0	-1	180	80	20	0	5	30853	1	5	30831	10	5	30832	10	5	47497	4	5	6646	20										5	47629 	2	3	1048576																																					scripts/Craft/Include/Event.lua		90	97
385	断浪・上品聚魂丹	0	7	0	0	1	0	344	0	0	0	0	-1	180	80	20	0	5	30854	1	5	30832	10	5	30833	10	5	47498	4	5	6648	20										5	47630 	2	3	1048576																																					scripts/Craft/Include/Event.lua		90	97
386	断浪・上品大力丸	0	7	0	0	1	0	344	0	0	0	0	-1	180	80	20	0	5	30855	1	5	30833	10	5	30834	10	5	47496	4	5	31995	20										5	47631 	2	3	1048576																																					scripts/Craft/Include/Event.lua		90	97
387	断浪・上品静心丸	0	7	0	0	1	0	344	0	0	0	0	-1	180	80	20	0	5	30853	1	5	30834	10	5	30835	10	5	47497	4	5	31996	20										5	47632 	2	3	1048576																																					scripts/Craft/Include/Event.lua		90	97
388	断浪・中品健体丸	0	7	0	0		0	344	0	0	0	0	-1	120	80	20	0	5	30839	5	5	30835	5	5	30836	10	5	47498	1	5	31997	10										5	47633 	2	3	1048576																																					scripts/Craft/Include/Event.lua		60	215
389	断浪・中品轻身丹	0	7	0	0		0	344	0	0	0	0	-1	120	80	20	0	5	30830	5	5	30836	5	5	30837	10	5	47496	1	5	31998	10										5	47634 	2	3	1048576																																					scripts/Craft/Include/Event.lua		60	215
390	断浪・中品聚魂丹	0	7	0	0		0	344	0	0	0	0	-1	120	80	20	0	5	30831	5	5	30837	5	5	30838	10	5	47497	1	5	31999	10										5	47635 	2	3	1048576																																					scripts/Craft/Include/Event.lua		60	215
391	断浪・中品大力丸	0	7	0	0		0	344	0	0	0	0	-1	120	80	20	0	5	30832	5	5	30838	5	5	30839	10	5	47498	1	5	6646	10										5	47636 	2	3	1048576																																					scripts/Craft/Include/Event.lua		60	215
392	断浪・中品静心丸	0	7	0	0		0	344	0	0	0	0	-1	120	80	20	0	5	30833	5	5	30839	5	5	30830	10	5	47496	1	5	6648	10										5	47637 	2	3	1048576																																					scripts/Craft/Include/Event.lua		60	215
